1 4 2
8195 3 0
8196 3
8197 3
10924 4 3
10 1 1
11 2
8205 4 1 2 4 3
14 2 1 2 2
2733 2
8208 0 0 0
8214 0 0 0 1 0 1 0
8215 3
24 4 4
25 2 2 2 2
27 3 3
8220 4 4 0 1
8221 3
8222 3 2
5 4 3 4
8224 0
8228 2
37 4 3
38 4 3 4 2 4 2 3
39 4
8232 3 4
9564 1
44 2 4
46 3
8239 4 3
50 0 1
51 2
8244 0
10932 4
1746 3 3
59 2
9822 1 0
8253 4 3 4
62 4
8255 4
64 3 2 4
8257 4
66 1 1
67 4 3
8262 4 4
8263 3
275 3
74 3
6839 4
8270 1 4 3
8272 4 3
8273 3
82 4
8275 2 2 2 2 2 2 1 3 3 2
8276 3
8206 4 4 4 4 4
8278 1
2745 1
8281 3
8282 3
92 1
8286 4 4 4
8287 3
96 0 1
16 2 2
8290 1 0
99 3 2
8292 3
8293 1 1
8294 1 3 3 4
103 1 2 2 2 1 1 3
8297 1
8299 4 3 4
8301 1
1419 3 3 4
111 2
8305 3 1 2 4 4
1861 2
115 1
116 4 2 4 3 4
117 2 2
8311 3 2
121 0
7369 4
123 1
8317 3 3 2 3
2946 3 1 4 4
127 2 2 2 2 0 0 0 0 4 3 2 0
128 3
131 3 2
8324 3 4
133 3 3 4 4
8327 2
136 1 1
8329 4
8330 4 4 4 2
139 3
8333 3
8334 2
8335 1
145 2
146 3 2 3
2755 0 1 1 0
148 3
149 4 2 3
8217 3
8345 4 3 1 3
8346 2 4 4
8347 4
8349 4 4 2
158 2
8351 0 0 0 2
162 1 1 1 0 0
8355 1
165 2 3 2
167 3 3 0 3
168 3
8363 2
8364 2
173 4 3
174 3
175 2
177 0
8370 4 3 3
179 3 2 3 3 2 0
8374 2
8375 2 2
184 4 4
8377 3 4 2 2 2
186 3
8380 4 2 3 2 3 3
8381 3 4 3
190 0 2
8383 3
8386 1 2 4 0
195 3 1 2
8388 2
197 1
8391 2
200 4
8393 4
203 1
204 3
8399 4 4 3 4 2
208 4 2
209 3
8402 2 2 2 2 2 2 3 2 2 2 2 1
211 1
8404 4
213 3 3 4 3
215 1
216 2 2
218 2
8411 4 2 3
8412 1
8413 3
8414 3 2
224 4
225 0 0 1 1
8419 3 3 4 1 1
228 2
229 1
230 3
8423 2 1 2
233 1
235 0 0 1 1 1 0 0 0 0 0
8428 2 0 0 2 4
2770 3 3
8430 1
8431 1 0 1
8432 0 0 0 0
8434 4 4 2
243 0 0
8436 1
245 3 3
247 4
10964 4 4 4 3
8442 4 4
251 3
253 4
254 0 1
2773 0
8448 3 4
257 0 3 4 1 3
259 4 4 2
8452 1
261 4
8455 4
264 3 1 1 3
265 1
8464 2 2 2 2
273 2 4
274 1
5507 4
276 0 1
8469 1 1
8470 1 0
279 3
8472 3 3 1 2 3
8473 4
8475 3
10970 4
286 2
289 2 2 2 2
291 2
8485 4 4
8486 2
711 1
8488 0
8489 3
299 0 1
8242 0
302 3 3 4 0
303 1
8496 3
305 2
307 3
308 4 3 3 0
8502 1
311 2 4 4 3
8504 1 2
8505 2
314 3 1
317 2 2 2 2
8511 1
8513 1
322 4 3
3439 1
8516 4
325 2 0 0
8518 0
329 4
8522 1
8524 4 2
334 1
335 3
8528 3
337 3 3
339 0 0
8534 3 4
343 3
2788 1
8539 4
8540 4
8542 3
10981 2
352 0
8545 3
354 4 4 2
355 3
8548 2 4
357 2 1 1 2
8550 1
8551 0
360 2
361 4 4
8554 3 4
364 2 3
8557 0 1
8558 3 3 1 3 1 1
8560 2 3 4 2 4 2
8561 4
371 4
372 4 4 4 4
8565 3
8568 2 4 3
8569 1 0
8571 3
8572 4
8573 3 3 3
8574 0
383 4
384 0
8578 4 3 4 3 3
387 2 2 2 2 2 2 2
390 2
65 3
392 3
8585 2
8587 1 1 2 3 3
8588 1 0 0
8590 2
399 0
8592 3
8593 0 2 2 2 2 4 1 2 0 0
402 1 1
403 4 4
8597 4
8599 0 2 0 1
8601 4
411 3 2
8604 4
8605 0 0
8607 3
8608 4
8610 3 3 4
419 1
422 3 2
8618 4
429 2
8622 1
8623 1
433 2
8627 2 2 4 3
9630 0 1
8630 2
439 3 3
8323 0 0 0 1 0 1
8640 2 2
8642 4
451 1
8645 2
8647 4 4
8648 2 1 3 2
8651 0 0 1 0
461 4 2 2 2 1 1
464 3 4
465 3
466 1
467 3
78 2
8663 2 3
472 1 0
473 0 2
475 1
8670 2 3 3
479 2
480 1 0 1
481 1 0 1 0 1
8675 3
8676 3 3
485 2 3 4 4
8679 4
8680 4 4 4 2 2
490 2 4 2
491 3 4 3
492 3 4 3 3
8686 2
495 3
497 3
499 3 4 4
8693 4
8694 3
9641 4 4
84 2
8698 3 3 3 3 4
8699 2 3 3 4 2 2 3 4 3 4 3 2 2 2 2 2 3
508 4 3
8701 0
510 3 4
85 3
513 4 4 3 2 2 3
515 1 1
516 2
8712 3 4
521 0 1
522 3 3 4 3 2 2
523 3
525 1 2 2 3
529 2
531 0
532 2 3
89 2
537 4 4 3 4 4
8730 3 4 4
8731 3
540 4
541 3
8734 0 0
544 2 2
8737 3 2
546 3
8739 4
8742 3 4 4 4 4
551 3
552 1 0 0
553 3
554 4 2 4 4
8747 0 1 0
8748 2 2 2
559 3
8752 3 2 4 4 4 3
8753 4 2
8202 2 4 4 4 0 0 1 3 3 2
9651 3
8757 3
568 4 4 4
569 1
8762 3
95 3
572 0 2
11018 0 0 1 0 0 1
574 0
576 3
8770 3
8771 3
580 2 3 2 2 2
581 3 4 4
582 1
8289 4 2 3
8776 4 3
8778 0 0 3
8780 1 2
98 3
8782 1 0
591 4 4
8784 4
593 4 3
594 2 0
595 2 1 2 1 2
8789 4
598 3 3 4 4
599 1 0 1 0 3
601 4
8800 2 1 1 2 1 0 2
610 4
8803 1
8804 4
8805 4 4 4
6929 3
8808 3 4 1 2
617 4
8810 4
8811 3 4 3
8812 2
8813 2
622 3 4 4 3 3
623 3
624 2 2 4
8817 3
8819 3 3
8820 2 2
8822 4
8823 2 2 2 4 4 4
8824 3
8825 4
8826 4
8831 4 3
8832 3
641 1 1
643 4 4
1658 2
8838 3 1
386 4
648 3 2
8841 4 3 3
8842 1 3
8843 4
654 0 0 1 1 0 0
658 2 4
660 3 3 3
661 3 3
662 0 0 0 0 1
8855 3 3 3
667 3 2
668 4 3 3
11034 4 2
8864 4 3 2
8866 2 3 2 2
675 3 3
676 2
677 2 2
678 1 1 3 3 3 3
113 3 3 4 2
684 2
8877 3 4
7115 0
687 3
688 1
691 3
692 4 3 0 3 3 2 2
8885 2 4
694 1 1 2
8887 0 0 0 0 1
696 0 1 0 0 3 1
8889 4 4
699 3
8892 2 2
701 4 4 0 3 4
703 4 4
704 3 3
705 0 1 0 0
708 4 3
8901 4 2 3
8902 0 0
8903 3 2
712 3
713 3
8906 4
715 0 0 0 0
716 4 4
8909 0
718 2 3
8911 0 0
8917 2 3 4 3
8921 4 4 4
731 2 4 4 3 2
732 0 0 0 0 0 0 0
122 3
734 1
8927 4
8928 3
737 2
8931 2
8932 3
742 4
8935 2
8936 2 3
745 2
8939 3
8940 2
8941 3 3 3 3
8943 0 0
8945 4 4
8946 4 4 3
8947 4 3 2
8950 3
759 4
1492 1 0 2 3
762 4
763 4
764 4
765 4
8958 4
767 3
8960 3 2
770 1 1
8963 1
773 3
774 3
775 0
777 1 1 1 1
778 1 1
779 1
784 3 2
8978 2
8979 1
789 4 4
8983 1 0
792 1
793 0 0 1
8986 2 3 4 2
798 1
799 4 4
800 3
8996 3 3 4 4 4
8997 2 4 2 0 4 4 3
806 1
807 3 1 3
808 0
810 1 1
811 1
812 1
9006 1
816 4
819 2 2 2 2
9012 2 4
9014 4 3
823 2 2 2 2 2 1 2 2 2 2 2 2 2 2 2 2 2 2 2 2 2 2 2 2 2 2 2 2 2 2 1 2 2 2 2 2 2 2
2868 2 2 2
9018 3
827 2 4 2
9021 2 2 2
830 1 1 0
9023 3 3
832 3 2 4 3
9026 4
10939 3 2 2 2 2
838 4 4
839 3 3
841 4 3 4
842 3 3 4 3 4 4 2
844 4
9037 3
846 3 2 3 3 4 4 4 2
141 4 2
9040 4
849 0 0 1 2 1 0 0
851 4
2756 3
142 4
854 4
855 1 4
1915 2
9051 0
9052 4
9053 3
862 3 2 4
863 0
9056 2 2 2 2 3 1
865 4 4 4
9059 4 2
869 4
9062 2 2
8337 0
9064 2 4
9066 0 3 4 4
875 1 0 0 0
876 3 2 3 4 4 4
9070 0 0 1 0 0
879 4 4 4
9072 1 3 3
9073 2 0 1 3
884 4 2
9077 4
9079 2 2 2 2 2
889 4
9083 2 2
9085 3 2
9087 4 4
9089 4 2
9093 2 2 2
9094 3
903 3
905 0 4
9099 2 2 1
9100 4 4
909 0 0 0 0 0 0 0 1
911 2
913 2
914 4
9107 3
916 0 1
917 4 4 4 2 3
9111 0 0
921 2 4 3
922 1 1 3 1
9115 0
924 3 2
925 2 2
9118 3 2 2 2
9120 4
9121 2 2 4
930 3
931 2 2 2 3
9124 2 2 2
9126 4 2
9127 3 4 2
9129 0 0 1
940 3 2 2 3 3 3 2 3 2 2 2 2
9714 4
942 2
943 4
944 3
945 4
946 4 2 2 2 1 2 2 2 2 2 2 0 2 2 2
947 2
9140 2
949 0 1 1 0 0
132 4 4 2 4 4 4
9145 2 2
955 4 4
9148 3 4
959 3 1
9152 2
9154 4 4 4 4 4
11083 3 3 4 2
965 0 3
966 4 4
9160 3
9161 4
9164 3
8354 0 1 0 0
9166 0 1
975 4
976 4
9171 2 2
981 3
9176 3
9178 3 3 3 3 1
9181 4 4 4 4 4 4 4
9182 3 1
8357 1 3 1
9184 4 3 4
9185 3
9187 3 3 4 3 2
9188 3 1
997 2
9190 2 3 3
9191 4
9192 1 2 2 2
9193 4 4
9194 0 0 1
1003 3 3
1004 0 0 1
9198 2 3 3
9199 4 2 2 3
1008 2
1012 3
9205 2
1014 4 4 4
4265 2
9208 1 0 0 0
1018 0 0 2
9211 3
1021 3
23 4
9215 4 4 3
9216 0 0
9218 0 0
1027 4 2 4 4 4
9220 1
1398 1 1
1030 2 1
9223 2
172 1
9226 4 2 3
1035 3
9228 1 4 3 3 4 2
9229 0 0
9230 1
9234 1 0 1
9236 0
9237 2 2 4 3 3 3
1046 3
1047 2 4 2
8491 1 1 1 3
1051 2
9247 3
1057 4
1058 2 4 2 4
9251 4
1061 3
1062 3
9336 3
1064 0 0 0
1065 1
9259 4 3 3
9260 4
9262 4
1071 1 0
8219 1 1 0
1073 4
9266 3 4
9267 0 1
9268 2
1077 0 3
1080 4 4
9274 2 2 2
9278 4 3 3 2
10129 3
9281 0 2 2 3
1547 3 4
1092 4 2
1093 3
9286 1 1 1 1
1096 0 1
9740 0
1099 4 2 4
1100 0 2
1101 2
1102 0 0
9295 3
1104 4
8376 4
9298 1
9299 0
1108 3 2 2
1109 1
9302 0 0
185 1 2 2 2
9304 4
1113 3
1114 0 0 0 0 0
1115 3
1116 4
1118 1 0 1
1119 3 3 4 2 4 4 3 3
9312 2
1121 2 2 2
1122 0 0 0
9317 4 4
9318 1
1129 2 4
583 2 2 2 2
10373 0 1 1
9324 0 0
9325 4
1135 4
9328 0
9329 4 4
9333 2 3
1142 2 2 2
1143 2 4 3 3
1144 2 2
2493 1
1147 4
9340 4 1
9341 3 1 2
1151 3 0 1
2923 4
1157 1
9350 1
1160 0 0
1161 3
1162 2 4
1163 4 3 1
2925 2
9360 1
1170 4 3
1171 2 2
9364 4
9365 4
9368 2 2 3
9369 2 1 1 0
9370 2
1179 2
9372 2 2 2
1181 4
1182 4
9376 4
1185 4 4
9379 3 3 2
9382 2 3 2
2929 3
1193 4 3 3
9386 0 0 1
9389 3 3 4
1198 4
1199 3 3 3 3 4 3 3
8392 3 3
11123 4
1205 4 4
1206 2
1207 3 0
1208 3 3 4 3
9401 1
1210 3
1567 1
9337 4 2 2 2
1214 4
9408 2 2
9409 2 3 4 4
9410 1 4
9411 1
1220 3 3
9414 2 3 3 1
1223 1
9416 2
1225 2 3
9420 1 0
1230 4
9423 3 4
1232 4
9426 2
9427 1 1 0 0 2 2 2 2 0
9428 4 4 4 4
9429 0
9432 3 1
207 3
9436 3
1245 0
9438 0
1248 4 2
9441 2 3 2 2 2 3 3
9442 4
1251 0 0
1253 4
9447 1
9448 4
9449 4
9450 3
1259 2
9452 4
9453 2
1262 2
1265 2 2 2
9458 2
8403 3
1268 2
9463 2
1273 2
1275 2
1277 3 3 1 1 1
9470 2 4 4 4
9471 3 3 2 4 3 2
1281 4 2 4 3
9474 3
9771 2
1286 3 3 0 3
1287 1
1288 4 3
2225 1 0
1293 4
9486 0
1295 4
1296 1 1
9489 1 1 3
1299 2 3 3 1
9492 1 0
1582 4 2
9495 2 2
1306 3 2
1308 3 4
9502 1 1
1313 4 3
9506 4 4
9507 1
1317 4 1 1 2 2 2
1318 2
1319 1
9512 1 0
9513 3
9864 3
2951 3 2 2 3
1324 1
9519 3
1328 4 3
1329 2 2 3 3
9525 3
9527 3 3 4
1336 3 1
1337 2
9530 3 2
1339 4
1341 3 2
9534 1 0
1343 4 4
1345 3 0
1346 4
1347 3
1348 0 0
9541 0 0 0 0 0 0 2 0
9543 1 1
9548 4
1358 3 4
1359 3
1360 1 2 2 1
7956 3
9560 4 3 4 4
9561 1 3 1 4
9562 1 1
1371 2
1372 4
1373 4
1374 3
8421 3 2
9568 0 0 0
1378 3
1380 0
9573 0
1382 3
9576 4 4
9577 4 4
1386 2 2 2
9580 2
1394 4
9588 1
9589 4 4 4 4 4 3 3
9590 1 1
1399 0
1400 1 1 3
1401 4 4
9594 3 4
9595 2
1406 0 0
11157 3
1408 4 4 4 2
9602 4 4
8427 2 3
9604 1
1415 0 0
9608 4 2 4
1418 4
9611 4 1
9613 3 2
237 2
1424 1
1425 0 0
1427 4 3
10866 3 4
9621 4 4
9622 3 1
1433 4 4
9627 0 1
1436 1
1438 3 2 2 3
9633 0 0 0
9634 4
1443 2
1444 2 2 2 3 3 4 4 4 2
1445 0 0 0
9638 3
9639 3
1449 3
1450 0
1451 2 3
2776 4 4 4
9645 3
1454 4 2
9647 2 4
9648 4
1457 4
8435 2
9652 3
9653 3
1462 3 2
9655 4
1464 0 0 4
244 3 4
1468 2 4 4
1469 1
9663 4 4
9664 3 2 2
1473 4
1476 3 3 3
1477 3 4
1479 3
1480 2 2
9673 3 1
9676 3 4
9677 4
1486 3
9679 3
9681 2 2
1490 1 1
9683 4
9684 0 0 1
8233 3
9686 4 4 4
1495 2 4 2
1496 3 2
1615 4
1500 1
1502 0
9699 3 3
1508 1 3 0
1510 0 0
1511 4 4 4
9704 2
1513 4
9706 2
1515 3 2 2 2
9708 4
1519 0 3 3
9712 3 1
1521 4 4
1522 0 0
1619 2 2 2
9598 3 3
1526 4 4
1527 2
9720 2 3
1620 3
1530 3 3 2
9723 4
9724 2 3
1533 4
1535 4 3
9728 4
256 2
1538 1
9731 2 2
1540 1 1
1541 3
9734 2 3 2
9735 4 4 2 4
9736 4 2
9737 0
9738 3
9739 2
1548 4
1550 4
1551 0 0
9746 3
9748 2
9752 4 2
9753 0
9754 4 2
9755 2
9756 2
9757 4 4 4 3 4
9759 4
9760 3
9761 3 3
9762 0 0 0 0
1571 1
9764 4 3
1574 4 4 4 3
1577 4 4
9770 2
1579 0 0
1580 2 2
1581 0 0
9774 3
1583 4 4
1584 3 2
1585 4 2
1586 3
7091 1 1
1588 4 4
9781 3 4
9782 4 4
9784 2 2 2 2 2
9786 2 2 2 2 2
1596 4
1597 1 2 4 2
1598 1 3 2 2 2 4 4
1600 2 3 3 3
9795 4 4
1604 4
2998 4 4 4
9002 4
9801 3 2 4
9802 4
1611 0
1614 4 2 2
9807 4
9809 4 3
1618 1
2086 1 1
9812 3 4 2
9814 4 4 3
9815 4
1625 3
1626 3 3 2 4 4
1627 0
9820 2 3
1629 2 3 4
1630 3
9823 3
9824 4 3
9825 3 4
1634 4 3
9827 3 2
9828 2
9831 3 3
1640 4
1642 3
1639 2 4 2 3 4 4
1644 0 1 0 0 1 1
1645 4
9713 4
1647 2
1650 1 1
1651 2 2 2 4
1653 3
9847 3 3 4
9848 4
8468 2
9850 4 2
1659 3 2
1660 4
1661 1
1663 4
1664 4
9857 2
9858 3 4
1669 4 4 3 2 3
1672 3 4 3 4
1673 1
9866 3 3 3
9867 0 1
9868 3
9869 3 2 4
1678 3
1679 1
9873 3
1682 1 3
9875 2
1685 4 4 4 4 4 4 2 4 4
1686 0 1 0 0 2 3 0
1687 3
1688 3
1692 2 2 2 2
1695 1
1697 3
1698 3 4 3
9893 3 3
9894 4
1704 3 3 3
1705 0
9899 1 2 2
1709 0 0 0 0 0
1710 3 3
9903 1
9843 1 0
9908 3 4
9909 0 1 0 1 1 1
1421 2 3
9913 4 4 4
1724 4 3 3
1726 3 1 1 0 1 3
1727 2
1729 4
1730 4
9923 4
1732 0 0 0 2 3 2
1734 4
1735 2 2
1737 1
1738 3
1739 0
9933 1
9934 1 4
9936 3
1745 3 0 0 1
9938 1
9941 3
9943 1
9944 4 3 2 3
9945 4
1757 3 4 3
1759 4 4
9952 1
1762 0 0 0
9851 2 2 2 2 2 2 4
1765 4 4 2 2 4 4 4 4 3 3
1767 3 2
1768 4 3 2 4
9852 0
9962 0 0 3
1771 4
1773 2
1774 0 3 1 0 0
1777 4 4
9972 2 2 1 2 2 2 2
9973 2 3 3 4
9974 4
9061 1
1786 3 4
9855 4
1788 0 4
9983 2 2
9987 1
8959 4 4 3
1798 2
9991 1 2
9992 2
1802 1
9995 1 0
9996 0
1805 3
1806 4 4
1807 3 0 0
10001 1 0
1811 0
1812 0
1813 0 0 3 1
1814 0 0
1815 4
10009 3
1818 1 0 0 0 0 1
10012 0 0 1
10013 2
1823 2 3 4 3
1825 3 3
1826 1 3 3 0
1828 2
1830 4 4
8497 3 3
10025 3 3
10027 4
1837 1 0
10030 2
7699 3
1841 3 2
1842 1 0
1843 0 0
10038 4
1847 3 3
1848 2 4 4
1849 2 3
1850 1
10044 1 0 1 0 0 0 4
1853 4 2
10046 4 4 4 4 2 2 4 4 3 4
1855 1
10048 2 2 4
1860 3 3
285 2
1865 2 2
10059 3
1868 2
1869 1
1872 4
10065 1
10066 0 1 0
10067 3 2 4 3
1876 1 1
10070 4 2 3
313 1
10073 2
9871 0 0
10076 2
10077 3 3 3
10078 0
1888 0 1 0 0 0
1889 3
10082 2
10083 3 4
1892 2
10085 3 3
10086 0
1895 2 2 4 2 2 2
10089 4 2
1899 3
1900 2
10093 1
1904 4 4
10098 2
10099 3
1909 2 2 2 2
10102 4 4
10103 3
10104 0
10105 4
319 2
1916 4 4
1918 2 2 2
9884 2
10118 4 4 4 4 0 4 4
10120 3
1929 3
10122 4 2
9879 4 4 4 4
1932 2
1933 3 2
10126 4 2
1935 1 0 1 0
1936 3
9880 0 2 0 1
10130 4
10134 3 3 3 3
10135 3 3
10136 4
10137 4
1947 3 3 4
1948 0 0 0 0
1949 2
10142 3
1951 2 2
1955 1 1 1 0 0 0 0 0 1 0 1 1 0 0 0
10148 4 4 4 3 4
10149 4 2 4 3
10150 3 3
10151 4 4 4 2
1961 3 1 4 3
10154 2
10155 3 1
1964 1 0
10157 3 3 4
1966 3
1967 2
1971 2
10164 4 4
1973 3 2 4
1975 2 2 2 3 1 1 3 2 2 2
1976 3 3 3
10171 3
10173 2
1982 1
10175 2
1985 3
1987 0 2 3 2
1988 4
1989 1 3
1990 1 1
1991 3 3
10185 0 0 1
1994 4 3 3
10187 3 3 3
1996 0 0 1
9890 3 2
10190 4
1999 1 3
2000 2 4
2001 2
2002 2 2 3
10196 2 1
10198 4
2007 2
2008 0
2009 2
2010 2 2
2011 3
10204 3
2013 3
9015 4 4 3 4 3
2015 2 4 2
2016 4 4
2017 0 4
2018 0 0
2020 2 0 1 3 2 2
10213 0 0 0
2022 1 1
2023 2
2024 0
2026 0
10219 0
2028 3 4
2029 1
2030 2 4 4
10223 2 3 3
10224 4
8251 0
10226 0 3
10227 2
10229 2 2
10230 3 3 2
2040 1 1 1 3
2041 4
10234 2 3 2 2 3
2043 0 1
10236 1 0 0
10270 0 1 0 0 0 0 0 0 0 1 0 0 0 0 0 0 0 0 0 1 2 1
10242 1
10243 1 1 1
10244 4 4 4 3
10246 4 4
2055 4
10248 3 3 4 4
10249 2 3 3 4
10251 1 0
10252 4
2061 3
2066 3
10259 4 4 2 2 2 2
2068 4 2
2071 4 3 3
10264 1 1 1 0
2075 2
2076 2
2078 3
10271 3 3
10274 3 3
10275 2
2084 4
10278 1 0
2089 4 1 4
10283 1 1 1
2093 2 2 2 2 2 2 2 2 2 2 3 4 4
10288 2
10289 3 4
10290 2 2
2101 3 4
2104 3
10297 3 4
10299 3 3 4 4 4
2111 3 2
3083 1
2116 3
10309 3 4
10310 2 4
2119 0 3 4 4
2121 2
2122 4
10315 1
2125 3 3
2126 2 2
10319 4 2 1
10321 2
10323 4
10324 0 1
2133 0 0 0
2134 1 0 0
2135 4 2
2136 4 4 4
2137 3
2138 4 3 2 3
10331 2 4 1
8549 4
2144 4 4
10339 0 0
9616 4
10343 4 3 2 2
10344 2
2155 3
10350 3 4
2161 2 2
2162 3
2164 2 4
9918 3
10358 2 3 4
2167 0
72 3
2169 2 4 3
10362 4
2171 4 4 4 4 4 4
10364 4
2173 4 3 4
10366 1
2175 1 3
2176 3
10369 1 0 1
2178 3 3 4 4 4
2179 0 0 0
2181 3 3 2
10374 4
2183 2
10376 3
10377 3
9620 4
2188 4
10382 1 1
2192 2 2
2193 2 3 3 3 2 4
10386 4 4 4 4 3
2195 4
2196 4 4
2198 4
10391 0
2201 4
10394 3 3 2
2203 0 1
10396 2 2
2206 3
2208 0 1
10401 2
2215 3 2
10408 4
10410 2 4
2220 4 4 4
2221 4
2223 2 3
10416 2 3
10417 0 2 3 2 2
10418 2 2
10419 3
2228 3
10421 4 2 2
9929 4 2 2 2 3 4 1 4
2232 2 2
8564 3
2234 3 3
9467 2 1
2236 4
2237 4
10430 0 0 0 1 0
9931 2 2 2 2
10437 1 0 0 0
10438 2
10439 2 2 2 2 2 2 2
2249 0 4 4 3 2
10443 1
2252 3 3 2 3
2253 0
2256 2
376 4
10450 3
2259 4
10453 4 4
2262 0 1
2263 4
2264 3 0 0 3
2266 4
10459 3 1 2 2 2 2 4
10460 1 1 0
10461 4
2270 3 4
2271 0 0 0 0 0
10464 0 2 2 2 4 1
2273 1
2275 1 1 0
2277 4 4
10470 2 1 0
5841 2 2 2 3
10472 0 3
10473 1
10474 1
9896 4
10476 0 0
2285 4 4 4
10478 4 2
10479 2 2 2
10480 3
2290 3
10485 1 0 0 0
10486 4
2296 4
10490 0
8575 0
2301 4
10494 3
2303 2 2 0
2304 4 2
2305 3
2306 4
10500 2 2
10501 2 2 4 2
10502 4
10503 2
10504 0
2313 4
10507 4
10509 1 1
10510 2 2 2 3
10511 2
10513 2 3
2322 2
10515 3 3 2 3 1 2 2 2
2325 3 3 4
10518 3 2 2 4 3
10519 2 3
10520 1
10521 2 2
2331 2
2332 1
2334 2
2337 2
2338 3 1 3
2340 3 2 4
2341 3 2 2
10535 2 2 3
10536 1
2345 3
2346 3 4
10539 0
10540 4 4 2 4 2
2350 2 3 4
9949 1 0
2352 2 3
2353 2 3
2354 3 3
10547 2 2 2 2
10548 3 2
10550 2
4489 1 0
10552 3
10553 0
10554 4
9951 4 4
10556 3
2365 3
2366 3 2
2367 1 1
2369 4 4 4
2372 2 2 2 2 2 0 1
2373 1 0
10567 3
2376 3
2377 1
10571 3 3 2 1
2380 4
2381 1 0
2382 3 1
2383 4
2385 4
2386 2 3
2387 2 4
2388 3
2389 2 3
2391 4
2393 4
2397 0
2400 2
10596 4 3
10599 3
10600 3
2409 2 3
2411 4 2
2412 4 4
10605 1
2414 1 2 1
2415 3 4 2
10609 2 4
10611 2
2420 2 4
2421 2
2423 2 1 0 1 1 2 1 1
10617 3 3 4
2426 3
10619 2
507 4
10621 4 3
998 4 4 4 0
405 2 2 2 2 3 4
10626 3
2435 3
10628 4 4
2536 4 1 2
2439 3 4 2 3
2440 1 3
407 3 3 2
10636 3
2447 3
10640 1
10643 4
2452 0 0 0 0 0
9966 3
10646 4 3
10647 4
10649 3
2458 0 0 0 0 0 0 0
10651 3 4 4
2462 3 3
2463 0
1173 3 2
2465 4
2466 3 3
2467 4
2468 2 0 0 2
2471 3
10666 3
2475 3 4 3 4 3 2
2476 3
2479 0 0 1 0
2480 3
2484 2 1
10677 4 3
10679 1
4720 3 4
2491 0 1 0
10685 3
2494 4 4
416 2 2 1 2 0 0 0 0 0 0 2
2500 0 3
1782 1 0 0 2 0 1
10694 4
10696 4 3
2507 1
2508 3
418 3
2511 2
2512 0
10706 0 0 0 2 2 2
2515 3 1
10708 3 3
10709 3 3 4 4
2518 2 4 2 4 4
10711 2
2520 2 2
2521 4 2 4 4
2522 0
10716 1 3
2526 4 4 4
10719 3
2528 3
10721 2 2 2 2 0 1
1787 2 2 2 2 2
10726 2
10728 1
1721 1
2538 4
2539 3
2540 2
10734 0 0
10735 3 4
2546 1 1 0
10739 4
2548 1 0
10741 0 0
2550 1 0 0 1 3
2551 1 0
10745 2 1
10746 3 2
10748 4
10749 3 3
10750 1 1 0
10752 1
2562 2 3 3 3
2563 3 4 2
10757 2
10758 0 0
10759 3 4
2568 3 4 2
10764 4 3 2 3
10765 1 1 0
10767 3 0 1 0 0
10768 3
10769 1
10770 3
2579 4
2581 2
10776 4 2
2585 3 3 3
2587 3 4
2589 3 4 4
10782 4
10783 1
10785 4 3
2594 2 2
10787 4 4 4
10788 4
2597 1
10791 1
10793 3
10794 4
2605 1 3
2606 4
2608 2 2
10801 2
10803 3
2612 3
2613 2
10806 2 4 4
2615 1
2616 3 3 0 1 0
2542 4
87 4 4 4 4 4
10811 4 4 4
2621 0 0 0 0 0
2627 0
2628 3
2629 1
10822 3
7265 2 2 2 1 2 2
2633 4
2634 1 0 1
2635 4
2636 3 3 3
10830 3
9997 4
9998 3 1
2646 1 0 3 1
10839 2 3
10840 4 4 3 3
10841 4 2 3
1452 3
10844 0
10845 4
2654 4 4
2656 4 2
2657 2 3
2658 0 0
2659 3 3 3
2660 3 3 3
2661 1
10854 0 0
1809 4
2665 2
10858 0 1
2667 2 4 4
10860 0 0 0
10861 4 4 4
10862 2
10863 4
2673 4 4 3 3
2674 0 0
10868 0 4 4
10869 4 4 2 2 2
10870 0 0 0
2679 2 2
2682 4
2683 3
2684 2 4
362 3 4 4 2
10879 3 4
2688 3
2690 2
2692 4
2693 0 1 3 3
2694 4 3 3 4
2695 0 3 1 1 1 0 1 0 1 1 0 4
10888 0
10889 4
2698 3
10892 2 2 2 2 2
2701 0 2
2703 1 1
2704 3
10897 4
2706 3
2707 0
2708 4
2709 1 0 1 3 4
1817 2 3
2712 4
2713 2
10906 4 2
2716 0 2
2717 1
2719 3 3
10912 0 1 0 0
2722 2
10915 4
2724 0
2726 3
10920 3 3 3
2732 4 1 3
10925 4 4
2734 2 2 2
10927 2 3 4
8787 0
2738 2 2
10931 4 2 3 3
2740 4 4 4
2741 2
2742 2 4
10935 3
2744 4 2
10937 2
2746 0 0
2747 1
2748 0 0
10944 3 4 2 4 4
2753 4 4 4
10946 0
10947 2
10948 2 2 2 3
10949 3
2758 3
11003 4
2761 3
2762 4 4 3 4 2 3
10956 4
2766 0 0 0 0 0 0 0 1
8653 3
10960 2 2 2 2
10962 4 4 2 2
2772 3 3
10965 1 0 0 1
10966 3 4 4
10968 0
2778 3 3 3
10971 4
2780 4
10973 3 2 3
10974 4 2
10978 1
2787 2 0 3 0
10980 3
560 4
2791 4 4 3 3 2 2
10984 4
10985 4 4
2795 4 4 4 3 2 2 4 4 4 4 4 4
10990 3
10991 4 4
2800 2
10884 2
10998 3
2807 2
11001 3
2810 2 2
2811 2
11004 2 3 3 3
2813 1
11006 3
2815 1 0 1 1 1
2816 4 2 2 4 4
2817 4
2818 4 4
2820 0 1
11015 3 0 0 1 3
2824 4
2826 3 2 2
11019 4 4
2828 2 3 2 3 2 3 4
2829 4
2830 4 3
2831 2
2832 4 4
11025 2
2834 4
11027 3
11028 1
2838 2
8665 4
11033 0
2842 3
11035 3 4
11036 2
11038 0 1 1
11039 0 0 0 0
11040 3 4
11041 1 2 2
11043 1 1
11044 3
11045 0 0
2854 2
2855 2
2857 3
11050 2 3
10188 2
11053 4 0 3
2862 3 4
11056 4
2865 4 4
11060 2 2 2 2 1 2 3
478 2 2
2870 3 2
2871 1 1
11064 4 3 3 1 1
2873 4 4
2874 2 2
2875 4
11068 4 4 4
2877 2
2878 0 0
2879 1
11072 4
11073 3
11076 2
11080 1 0 0
11082 2 4
2891 0 0 0 0 0 0 0
2893 2 2 2 2
11088 3
11090 4 4
2899 4 2
11092 4 3
11094 2 4 3 4 4
2904 2
11097 3 3
11101 4
2910 3 4 4
11104 0 4 2 3 4 1 2
11106 2 2 0 3
11107 2 2 2 2 0 0 0 1 0 0 0 1 1 0 2
11109 1
11110 0 0 0
2919 3 3 4 2
11112 1
11113 0 1
11115 3
2924 3 2
11117 1 2 2 2 2 2 0 1 1
11119 2 2 2 4
2928 2 4 3 2 3
11121 1 0
11122 3 4
2931 0 0
11125 2 4 3
2934 0 1 0 0
2935 1 1 0 0 0
11128 0 0 0
2937 3
11130 3 2
11132 2
8682 1
2943 3
2944 4 4
1856 2
11138 2 3
2948 0
11143 3
11144 4
2954 1
2955 3
11148 4 3
2957 0 0 1
2958 1
11152 3
2965 4 2 2
11158 0
2968 3
2969 3
11162 2
2971 1
2973 2 4
11167 4
2976 2 2 2
2978 0 0 0
11171 4 1 4
2981 2
11174 3
11178 1
2989 0 1
11182 0 0
2992 3
2994 1
11187 4 4
2996 3 4 4
11190 4
10057 1 0
11192 0
2282 4
3002 1 1
3003 3 3
3004 2
3006 2 2 2 4
3009 0
1867 3 3 2
3013 1
503 0 0 0 1 3
3020 4 3
3022 3 2
3027 4 2
3028 3
3029 2
3034 1 2 0
3035 0 1 1 1
3036 4
3042 2
3043 3
3044 4
3045 4
3046 3 3
8700 2 2 2 4 4
1874 1
10435 4
3058 2 2 2 2
3059 4
3060 2
3062 1
3063 1 2
10068 2
3066 3
3067 2 4
3068 0
3069 4 2
3072 4 4 4 3
3076 2
3078 3
8705 3
3080 4 4
11069 3 3
1879 4 3
3089 0
3090 4
3091 0 0 0
3093 4
3097 3
3099 4
3101 4
3102 4
3104 4
3106 2 2 1 2
3107 0 1
3109 0 3 4 2
3110 4 4 4
3112 3
10742 3
3114 4 3 3 4 2 3
3116 3 3
3118 4
3119 0 1 0 0 1
3120 3
520 1
3126 4 2 2
8713 2 2 4 4 4 3
3129 2
3130 3 4 4 4
3132 3
3133 3 3 3
377 4 3 3
3137 0 1
3143 2
3145 4 3 2
3147 4
3148 2 4 2 3 3
2287 1
3155 4
3156 3
3161 2 2
3162 1
3170 3 4 3
3171 4 2 3
3172 3 3 2 0 1 3 3
5990 0
3175 4
3179 0 0
3180 4
3181 3
3184 3 4 2
8267 2
8723 4 4 4
3188 4 3 3
3189 4 4 4
8724 4 4
3196 0
3197 4
3201 1 3
3202 3
3204 3
3205 2 3 3 4
3208 3 2
3209 1
3211 0 0
3212 1 1 0 0 1
3213 3 3
3216 3 2
3222 2 3
3224 2 4
3227 4
3228 3
3231 3 1
3232 1
3233 3
539 2
3238 1 0 1 1
3239 2
9919 0 0
3242 3
3246 2
4637 2 2 2
3248 2 3
3252 3
3255 1
3257 2 3 3
3258 4 4 3
3259 4
9383 2
3262 0
3263 3
1910 1 3
3273 3 4
3276 2
3277 1
3278 3 2 2 0 0 3 3
3279 0 1 0 2 2
3280 2
3980 3 1
547 1
3285 3
3288 1
3290 3
3294 0 0
3297 1 4 2 3
3299 3
3300 4
3301 4 3
3302 3
3304 3 3 0 3
3306 3
3308 2 2 4 4 4
3309 4 3
3310 4
3312 3 4
8744 0
3315 2 4
3316 3
3319 1
3320 1
3321 4
3323 4
3326 0 0 0 1
3327 2 3 3
11022 4
3331 4
3337 3 3
3339 3 3
3340 3 2 3 4 4 1 3
3342 1
3343 3 3 3
3344 3 3 1 3 2 3 1
3346 3
3347 1 1
3349 0 1
3353 2 2 2 2 2 2 2 2 2
3354 4 4 2
2021 3 3
3356 0
8279 2
3361 1 3
3365 4
3371 3
562 3
3379 4 3
3380 2 4
3381 1 3 4 4 4
3384 2
3386 4
3388 2 1
3389 3
565 4 4
3393 3 3
3400 4
3403 3
3404 4
3406 4
10125 2 3
3408 3
3409 4 4
3411 1 1
3413 4
3414 4
3417 1 2
3421 2 3
3426 2 2
3427 0 1 0 2 0 1 0
3429 1
3431 3
3433 3 4
9116 0 0 1 0 0
3435 0
8765 1
3440 3
3441 3 2
3444 3
3445 4 4 4 4
3447 0 1 0 1
3449 3
3450 1 1 0 0
8306 3
3455 4 4
3456 2
3461 3 4
9117 1 0
3466 3
1943 2 2 0 0 0
3468 4
3469 2 2 2 2
3472 4
10754 3 4 3
3477 4
3480 0 0
8772 4 3 2 4 2
3484 0 0 1 0 3
3486 0 1
3488 2
3491 1 1
3493 4
3494 1 1
3498 1
8775 0 0
3502 0 0
3507 3
3511 3
3513 2
3514 4 2
3515 4
296 3 4
2572 3 2 2
3520 3 3 4 2 2 2 2
3524 4
3525 2
3526 1
588 4 3 4 4 3
3533 1 1 1
8781 3
8425 3
3537 1
3540 1
3542 0
3543 3
1956 3
2573 0 3
3552 1
3554 2 4
3556 1
8029 3 4
3559 4
3561 4 4
3564 4
3565 1
3567 0 0 0 0 0 0 0 0 1 0 1
3571 1 1 1 1 1 1
3572 4
3573 4 3
3578 4
3580 3
3584 1 2 3 0 2 2
3588 4
3591 3 4
3592 0 1
10156 2 2 2 2
3594 2 4
8303 3 3
3596 2 1 4 1
3597 3 3 2 4
3598 0 1
3601 4
3603 2 2 3
3604 2 1 1
3605 0 2
3606 0 0 3
8793 4
2575 3
3609 3 4 3
3611 1 3
3612 4
3613 2
3615 3 4 2
3616 4
3617 4
3619 4
3622 3
3624 2 2
3625 3
3629 4 2 3
3630 2
3635 3
3637 2 3
3638 4
3640 3 4
3641 0 1
3643 0 4
2849 2 3
3647 4 4 4
3652 4 4
10760 4
3656 4
3658 4
3659 4 3
3660 1
3670 3
3671 3 2
3678 2
3685 2 2 2
3690 3
3691 4 4
8579 4 4
3694 4
3695 0 1
3696 2
616 4 3
3699 4 3 2
3700 3
10216 0 1
3702 4 2
3703 2 4 4 3
3705 2 4
3706 4 4
3708 3 3
3710 3 3
7445 4
3712 2 3
3717 2
3719 2
3721 3
3724 3
3725 3
3726 1 1 3 3
3730 0 1
3731 2 2 2
3736 1 0 1 3 3 0
3740 2 3 4 2 2
3741 0
3742 4
3745 0
3746 3 2
2809 3 3
10182 2
3753 2
3754 2
3757 0
3758 4
125 2
3762 3 4 4
627 0 0
3765 3
3768 1
3769 0
3770 4 2
3771 3 2
10186 4 4
3774 0 0 1
3775 4
3776 4
3777 3
3778 1
3783 3 4
3785 3
631 0
3788 0 0 1 1 1 0
3792 2 4
3796 2
3800 3
3802 3 3
10191 3
3808 3
10192 4 1 1
3810 1
3811 3 3 3 4
3812 4 3
3813 1
3814 0 0 0 0 0
3817 4
3819 4
3820 3 1
3821 3 1
3825 2 4 2 2 3
3826 3 3 2
3829 4
3832 4
3833 2 3
3836 1
3837 2 2
3838 2 2
3839 0 0 0 0 0
3840 4
8584 1 3
3844 2 2 0 2 2
3846 4
8833 1
3848 3
3850 1
3851 4
8809 0 0
3853 3 3
3854 0
401 3
3858 3
3861 0
3862 4 4 3
5777 3 3
3869 3
645 1 1
646 2 2 2 2
3878 1 1 0 0
3880 4 2
3881 1 1 3
3882 3 2
3885 3
3887 3 3 3
3889 3 3
3891 2
10206 4
3898 1 0
3902 1
3903 1 0 3
3904 3
3907 3
3908 3
3909 4 2 2
3914 2
3919 3 3
3920 3
3922 0
3923 2 4
3925 4 3
3929 2 4 4
3931 3 3
3933 0 0 0 0 0 0 0 0 0 0 0 1 0 1 0
3934 3 4 4 3 4 4 4
3935 2 1 1
1222 4
3940 2 3
3942 3
3943 4
3947 3 3
3948 0
3949 2
5587 1
3951 4
3953 4 4
3954 3
3957 2 4
3958 3
3391 1 2 4
3967 0
3968 2 2 2
3970 3
10225 1
1172 0 2 0
3982 3 3 2
3983 3 4 4 2
2042 1
10222 3
3994 4 3 2
2031 3 3 3
3998 2 4
3999 2 2
4000 3 3 4
4003 3 4
4005 3 4 0 4 4
4007 4 4 4
4011 0 1
4018 2 4 4
4021 0
4022 4
4026 3 2
4030 2
4031 3 3 4 4 4 4
4032 4 4
4034 2
2038 0
4038 1 1
4042 3
4043 4
4044 3 4 4
4045 4 4 4
4046 2 3
4047 3 1 0 0 1 1 0 0 0 1
4049 2
4052 3
4053 2 2
4054 3
9955 4 4
4056 4 3
4058 1
3407 0 0
9498 2
4065 3 1 4
4066 3 2
4067 1
4070 3
4071 4
8871 1
4079 3 3
4083 2
4084 1
4085 2 2
4086 3 4
4087 0
4090 1
4096 0 1
4097 1 0
4099 3 3 4
4100 4
4101 3
4103 0 3 2
4105 3 1
4107 1
4108 1 2 0 0
2050 0 0 0
4114 1
4116 4 4
4117 0
4118 2
8879 2 2
4125 2
4126 4
4128 1
4129 0 0 1 1 1
4131 2
4132 2 2 3 4
4133 4
4135 3 4
4136 3
4141 0 0 0 0
4144 2 4
4145 0
4151 2 2 2
4152 2
4154 0 0 1
4155 3
4157 0 0 0
4160 2
4162 3 3 2
4163 2 3 1 2 3
4164 4
4165 0
4166 3
4167 4 4
4168 4
4169 3 3 3
4171 4
4172 1
4173 4 4 3 4
4175 4
4179 3 3 3 4
4181 4
4182 4 4 4 3
4183 3 2
4186 4 4
4187 4 4 4
4188 0
4191 3 3 2
4192 2
4194 4 3
4196 4
4197 2 1 4
4200 1
700 3 2
4204 4 2
8893 2 3
4210 4 3
4211 4 3 2
4212 4 3 4
4215 2 4 2 1 3
4218 3
4219 0
10779 2
4231 3
4233 1 0 0 0 0 0
4234 3
4236 1
4239 4 2
4241 1
4244 4
2869 1 2
4247 3
4248 4 3 3
4249 3 4 4 4 3
4251 3
4253 4
709 4 3
4257 4
4263 4
10268 4
4267 3
4270 0 0
4274 1
415 4 2
4277 4
4278 3
4279 4
4281 0 0
9417 4 2
4287 3
4288 3
4289 4
4291 1
4295 4 2
4298 3
4300 3 3
4305 3 0
4306 4
1780 0 0
4312 1
4313 0
4316 0
4318 3
4319 2 2
4320 2
4321 3 4
4322 2 3 3
4323 0 0
4325 4
4326 4 2
4328 4 3 4
4330 3 3 3
10237 0 0 0
4332 2 2
4333 3
4335 0
4338 3
4339 3
4343 3
4344 1 3 1
4347 3 3 3
4349 4 3
4354 4 4 3 4 3
2091 4 4 4
4358 2
4359 1 0
4368 3 1
4370 2
4371 3
4372 0 0 0 0 0
4373 3 4 4 4 4
4374 2 0 2 2 2
4377 4 3
4378 2 3
4379 4 3
11057 4 4 3 4 3
4385 3 3 4 4
4387 4
4390 0
4391 4 4 4 3
4392 1 1 0
4393 4
8926 1 0
4406 0
4407 4
4408 2 4 2 2 4 3
4411 1 0 2 2 2
4413 4 4 4
4414 0 0
4415 3 2
4419 4
4421 4 3 3 2
4422 4
4423 3
4424 4 3
4428 3
10786 4
4436 1 2 2
4437 3
4439 3 2
4442 1 4
4443 4
4444 3
4447 3 3 3
4452 0 0 0
4453 3 4
4454 3
4455 0 0 0 0 0 1
4457 3 4 4 3 2 2 3 2 2
744 4 3
4466 0
8937 0 0 0
4473 4
4478 3 4
4479 3
4480 1
4482 0 0
4486 4 3 1
748 3 3
4491 1 0
4493 2 2
4494 1
4496 3 2
4499 4 4
4500 2 4 4
11061 4 4 4
4503 4 3
10308 3
4506 0 0 0 0
4507 1
4508 3
4510 1 0 1
4515 2 2
4517 1 1
4522 4 2
4523 3
4524 4 4 4
10789 4 1
2060 4 4 2
4528 3
4529 2 3 3 4 4 2 4
4530 3
4532 1
4534 2
4537 3
8880 3
4540 4
4541 3 2 3
4542 4
4545 4 4
4561 4
1243 2
4567 4 3 2 3
4569 3
4571 3
4573 3
4574 3 3 4 2 2
4575 4
4579 0 0 1
4580 3 3
4581 4 3 3 3
4583 3
4586 2
4588 4
4589 4
4591 1 0 0 0 0 1
4593 4
766 3 2 2 2 3
4600 2 2 2
4601 2 2 3
4602 4 4 3
4603 4 4 3 2 2 4 4
4605 3
2881 2
4607 4 3
4608 1
4611 3
11160 4
4617 1 0
4618 2 2
10327 1
4620 4 2 1
4621 4
4623 4 4
4628 2 2
4629 4 3 4 4
4630 3
10329 2
4633 3 1
9578 4
10330 1
4638 3
4640 0
4642 1
4645 1 0
4646 4
10945 1
4653 4
4655 0
4657 4
4658 3
4662 4 2 4
4663 4 4
4665 4
4666 4 4 4 2 2 4
4668 2
4669 3
4670 0
4671 4 2 4 3
4672 3
4673 4 3 4 2 1
4674 0
4676 4 4 3 2
4678 3
4680 2
4681 0 2 1 0 0 1 0 0 1
4682 3
4687 1
4688 4 3 3 3
4695 3 3 3
4698 1 0 0 0
4700 0
4702 3 2 3
4704 4 2 2
4707 3 2
4708 0
4710 3
4712 4
4713 0
10015 3
4716 4 4
4718 3 3
157 1
4721 4 4
4722 1 3 1
3518 4
4728 1
4729 4
4730 2
4732 1 2 3
4733 4 3 4
4734 4 2
4735 4 3
8341 4
4737 1 3 3 3
4738 1 0 0 3
4740 3 3
4741 3
4744 3 2
4746 2
791 4
6253 2
4754 0
4756 2
4763 4 4 3 4 3
4765 3
4766 0 0
4769 3
4770 2
10353 1 1 1 0
4777 3
4783 4 3
4784 3
4795 3
4796 4 4
2165 3
11071 2
4804 4
4806 1
4808 2
4809 4 2
4810 3
4811 2
10253 2 2 2
4815 2 2 2
4819 2 2
4822 2
10361 3
4828 3 3
805 2
4832 3 3
2343 4 4
4835 0 1 0 1 1 1
4838 3 0 1
4839 3
4841 2 3 3
4842 2 2
8999 0
4844 2 3 4 3
6708 4
4849 3
4850 3 2 2 3 1
4851 4 3
4853 4 3 3
4856 4 3 3 4 3
4858 1 1
4860 4
4861 4
4862 3
4863 0 1 0
9003 2
4872 0 1 1
9004 3
4876 1
4878 3 4 3 4 4 3
4879 0 0
4881 3 2
4883 3
4888 0
4889 0 0 0 0 0
4890 1
4892 4 4
4893 4 4
4895 1
4896 3 2 3 3 1 3
4898 0
4899 4
4900 4 4
4901 1
4905 3
4909 2 2 4
4910 3
4913 4
4914 2 2 2 2 2
4917 4
359 1 0
4922 4 4
4923 4
4928 3
4929 1 2 1 2 3
4930 4
6283 3
822 1 2
4938 2 2
4939 4 4
4941 4 3
10720 4
4945 3
4947 2 2
4948 0
8471 2 2
4952 4
4954 4 4 3 2
4955 2 2
4958 3 3
4962 0 0
4966 2
4969 1
8076 1 4 3
4974 2 2 2 2
829 3
4978 2 2 2 4
4979 4 3 4
984 0
4983 2 2 1 1 0 0
10388 3 1 1 0 1 1 0 1
831 3
4988 3
4989 1
4991 3 2
4995 2
4998 4 4 4
6295 2 2
5004 2 4
5006 1 0 1 0
5008 1 2
5011 3 4
5012 1 3
5013 2 2
5014 4 4 4 3 4 3
5015 4 4
5021 4
4933 4
5025 1 1 2 3
5027 1
5028 2 2 2 2 2 2
5030 4 4
5032 2 2
5035 4 3
5036 1 2
5042 3
5043 3
5044 0 0 0 0
10398 4
9033 2 2
5049 4
8897 3 2
5054 3
5056 3
10400 2 3
5061 4
5067 2
5068 2 4 0 0 3
5069 1
5070 2
5071 3
5073 4
5074 1 1 1
5076 2
5080 1
9039 3 3
5084 2 2
5090 0
5091 0 0 0 3 0
5092 2 3 3
5094 3 4 3
5095 4
5097 1 1
10407 4 3 4
5101 2 2 2 2
2216 3 4
9990 1
5110 3 2
5111 1
5112 3 3
852 3
5114 2 2
7679 3
5116 3
5117 2 2
4949 3
5120 1
5121 3
5122 2
5125 4
5127 1 0
10412 0 0 1
5130 3
5131 4 4
5134 4 1 3
10413 2 3 2 2
5136 4 2
5138 2
5142 4 4
5143 4
5145 4 4
5149 2 4 4
5151 3 4 3
9636 1 3
5157 3 2 2
5159 4 2 4
5160 4 4 4
5162 2
7687 4 3
5164 0 0
5168 3
9054 4 4
5174 2 2
5178 2
5179 3
5184 3
5187 0 1 0 0
5188 3 2
5189 2 1 2
5194 3
5195 2 2 2 3
5199 3 3 3
5200 2
5202 0
5204 0
5205 1
5206 4 4 3
5209 2 4
5211 3 4
10426 4
5215 4 2 4 4 4 4 4
5217 1 3
5218 4 3 2
5219 1 0 1 1 1 3 1
10477 0 0
2356 0
5224 4 2 2
5226 3
871 3
5228 1
5233 0 1 0 0 0
5234 2 2
5235 4 4 4
5236 3 3
5238 0 0 0 1 0
5240 4 4
5241 3 2 2 2 2 3
5242 4 3
5243 4
5244 1 0
5245 2 4
5249 4 4
5250 0 0
5251 4 3
5252 3 3
8631 0 1
5263 4 2
3608 3
5266 4
2243 2
5269 0
5270 4
5272 4
5275 4
8359 4
5278 3
5279 4
5280 3 4
5291 1
3995 1
5294 4 2 3 4 1 3
5296 4
5297 3 3 0 4 2
5298 2 1 2
5300 1 1 0
5302 1
9451 4
5305 1 4 4 4 3 4
5307 0
5308 4
5309 0
5310 1 2 2
5314 3
5316 2
5317 3
5320 0 1
10444 1
5322 4 2
5326 3 3 3
5327 0
5329 4 1
5333 2 2 2 2
5338 1
996 3
5344 2
5347 4 1
5348 4 4
8907 2 3 3 3
5351 4 4 4 2
2258 3
5358 3
5359 4
5362 3 3 2
5363 3 2
5367 4
5368 3
5372 3
5374 0 0
5377 1
5382 4 4 4
10455 4 4 3 3 2
5388 3
5390 3 4
10456 2 4
5396 0 0 0 0
5397 3 2
5398 0
5401 4 3 4 3
5404 0
5407 0 1 1
5410 3 3 4 4 3 4
5411 1
5415 1
5417 0
5419 3
5422 3
1854 4
5424 1
5429 3 4 3
9097 4 4 3 4 4
5432 0
5433 2 3 2 2
5434 2
5439 2
5440 4 4 4 4
5443 3
5444 2
908 2 1 1 1
5450 2
5451 4
5457 0
5458 4 3 4 3 3
5461 0
5463 0 2
5464 4 4
5465 3 2 2 3
5466 3 0 1 0
5468 4 2
5469 4
5474 3
5475 4 3 4 3 2 4
2278 3 3 4
5478 1 1 1
5484 1 0 0 0 0 0 0
5486 4 3 3
5487 3 3
5488 4 4 4
5489 4
5491 3
5492 4 4
5494 4
5495 4
5500 2
5501 4 3 4 4 2 4
10276 0 0 0 0 0 0
2283 3
5509 1
5513 1 0
5514 2 2 2 3
7746 2
5518 2
5519 2 3 2
5520 4 4
29 0 1
5523 0 0 0 0 0 1
2286 4 4
9113 4 4 4
5528 4
5531 3
5533 4
5534 4 4
5537 2
923 1 0
5541 0 0
5542 1 1
5545 3 2
5548 3 4 4 3 3
5550 2 2
5551 4 3 2
5552 1 2 3
5556 1
5557 0
5558 4
5561 1 0
5563 2
5564 2
5566 2 4
5568 4 3 2
5569 4 4 4 4 4
5572 3
5574 0
5575 1
5577 2 3 4
5578 0 0
5583 3 1
5584 4 4 3 3 4
5585 3
10006 3
7551 2 4
5588 0 0 0
5590 3
5591 4 4
5593 2 2 4
5594 0 0
5595 4 2 2 2
5598 3 2 4
5602 1 0 0
10491 2 4 3
5604 4
5607 2 0
5608 2 3
5609 2 2 2 2 2 2 2
5613 3 4 3
5614 3
5620 2 3
5627 2
5629 3 3
5632 3
5634 0 4
5636 2
5637 4 4 2 3 4
5641 4
941 2
5649 4 3
5651 3
5653 4
5654 2 2 4 4
5656 1 1 3 2 3 0 1 2 3 3
9135 1 0
5662 0 0
2309 4
5665 3
10827 4
5668 1
5671 3
5674 1 0 1
9138 2 3
5680 4 4 4
5682 3 3
9139 2 3
5685 3
5688 4
5690 0
5691 4 4 4 3 2 3 1 2
5692 0 3
5696 2
5699 2
5700 1
5701 4 4 3
5702 4
5703 3 3
10010 1 0
5047 4
5710 3
6413 4 4 4 4 2 2 2 4 4 4
5712 2 2 2 1 2 2 2 2 0 2
5715 3
5720 4
5723 4 4 4 4
5731 4 2
11102 2 2 2 3
5733 1 0 3 0
5735 3 4 4
5738 4 2
5739 3
5740 4
5742 2
5743 4 3 4 2 2
5744 0
5751 4
5755 1 3
5756 4 1
5760 1 0
5761 4 3
5763 1
5764 0 0 1
5765 0 1 1
5766 2
5767 2 2 2 2 4
5768 1
5770 0 0
5772 3
962 1
5774 4 3
5775 3
5776 2 2 2 2 2 2
2920 4
5779 0 0 0 0 1 0 0 0 1
5783 2 3 4
5785 3 0
5786 1
5792 4
5793 3
5794 2
5798 0
5800 4 3 3
5804 3
5806 2 2 2 3 4
5807 3
5808 2
5811 1 3 1
5813 0 1 1
5815 2 4
5819 4
3467 4 3 1 1 4 2
5823 3 3
5825 3 3
5829 3 4
5830 0
5831 4
5836 4 2
5837 2
9165 4
7800 4
6435 3
974 3
5846 1
907 1 1 0 0 1 1
5852 4 4 4 4 4 4 3 3 2
5856 4 3
5860 1
5862 2
5865 3
5867 2 2 2
5868 4 2 3
5870 3
5871 4
5873 3 2
5874 0 0 0 1 4
5875 1
5877 2
10537 4 4 4 2 2 3 3 2 2 2 2 2 3
9743 2 3 3
5883 4 0
5884 3
10538 2 1 4
5887 4 4
5890 3 4
5893 2
5894 3
5895 2 2 0 3 2
5902 3
5905 0 1
5907 0 0 1 0
5909 1
5914 4 2
5917 4
5920 4
5922 3 3
5923 4
5927 3
5928 2 4
5930 3 2
5934 4
5937 3
5940 4
5941 4
5943 1 1 1 0 0 1 0 1 1
5945 2 4
94 3
5950 3 3
5951 3
5952 4
5956 3 1
9200 3 4 1
471 3
5959 2
5960 4 3
5961 3 4
5962 3 3
5964 3 2
5966 4 2
5968 1
5971 0 0
5973 1
5977 1
5978 3
5985 2 4
5986 3 4 3 3
5988 1 4
5989 4 3
10565 2 4
5991 3
5992 3 3
2364 4 3
5994 0
5998 2 3 4
6000 2 2 2
10558 3
6006 2 4
1001 2 3
6011 0
1002 3 2 2
6017 4
6018 2 3
5099 4
6021 3
10561 1 4 0
6024 3
6026 3 4
6027 0 0 0 0
6029 4 4
6032 0 1
6033 4
6034 4 3
6035 1
6036 4
6037 0 1
6039 3
6040 4 2 4 4 4 4
1007 1
6046 3 4
6047 1
6049 4 4
6051 1 1
6053 2 3
6057 3 4
6061 4
8966 1
6065 3 3 4 2 2
6066 1 1
6067 3 3 3
6074 2 3
6077 3
6078 1
1013 2 3 2
695 2
488 0 3 3
6085 3
6127 4
6089 1 0
6094 0 0
10573 4
6097 2 2 2 2 2 2
6099 4
6103 3
6104 4 2
6105 4 3
10575 4
9210 2 2
6110 4
6113 1
6117 0
10577 4 4 4 2
6123 3 4
6124 2
10578 3 2
1972 0 0 1 2
9213 0 3 1
6129 3 2 1 2
6134 1 1
6136 2 1
6138 3 3 3 0 0
1023 4 3
6141 1 0
6142 3
10581 4
6146 2 4 3
6594 2
6150 4 4 3
6151 2 2 4
6152 3
6153 4
6154 3 1
6155 4 4 4 4
6156 2
1026 3
6158 4 2
6159 2
6161 3 2 2 1 3
6162 0
6163 1
6167 2 2 2 2 2
1028 1
6170 2
6171 4 2
6172 4 3 4 3
9221 3
6179 4 4 3 2 4
6180 2 4 2 2
6181 2 2 2 2 2 2 2
6182 3 4
6184 3 1
6187 3
6189 3
6191 3 2 3
6192 4 4 4
6194 4 3
6195 3
6198 3
1033 0
11116 2 2 4
6201 3
6202 3
6203 0 2
6209 3
6210 3 2
6213 3
6215 4
6216 3
6217 3
6218 4 4
6220 0
6224 2 2
6225 4 3
6232 1
6235 4
6237 4 4
6239 0
6240 0 0
9610 3
6243 3
6244 3
6246 3
2663 2
6252 2
1042 2 2
6255 4
6257 2
6258 2
6259 0 0
6260 0
6262 4 3
6263 1 3
6267 4
6268 0
6273 4 1
6274 2 4 4 2 4
6276 4 2 4
9238 4
6278 3
6282 2 0 0
9239 4
6284 3 3
6285 4
1049 3
6296 3 2 4 2 1 3
6299 1 3
6915 0
210 3
6313 4 4
151 2 2 2
6319 3
6321 1 1 1
6322 2
6323 3 0 0 1
6324 3
6325 1 0 0 1 0 0 0
6327 2 4 4 2 4 2 4
1055 2
6333 3
6334 4
6336 4
6337 0
6341 0
9249 3
6346 0
6349 4 2
6350 3 2 2 3
6351 0 0 1 0 1
6357 4 3 4
6358 3 3
6360 4
6361 3 3
6364 1 3 1 2
6368 3
11008 3 3 2
6370 2 2 2
6372 0
6373 2 3
6375 3
2940 2 4 2 4
6378 1
6379 3 3 3
6381 4 2
6383 3 2 2
6386 4 2 2 1 3
6387 2 2
6388 2 2 3
6389 2
6390 2 3
6392 0 0
6394 2 2 3 1
6396 0 1
6397 1
6398 3
6400 3
6401 0 0
6403 2 2 4 4 4 3
6404 4
6412 1
2434 3 2 2
6414 4
6417 2
10627 3
6420 2 1
6421 3 3 3
6422 3 4
6428 3
6429 0 1
6430 3 3 3
10629 1
6432 1 1
10572 0 1 0 0
6438 4 4
6439 1
6440 2
6444 4
6447 4
6448 0
6459 1
9269 1
9403 4 4 4 4 4
6466 3
10635 3 3
6469 1
6470 3
6473 4
6475 3 4
6476 2 2 2 3
6479 1 1 1 0 1 0 0 0 1 0
6480 4
9272 3 1
6482 3
6483 3
6484 3
6488 4 2
6489 4 4
6490 4 1
6492 2
6495 3 2 2
2448 3 2
6498 4
6499 0
6500 2 3
6501 0
6503 3 2
6506 1 1
6507 3 2
6510 3
6511 4 4
6512 1 1 0 1 0
6513 3 3
2451 2
6516 3
1086 0 1
10644 3 2
6524 2 2 2
6525 3
6527 1 4
6529 4 2 1
4309 1
6531 3 1
8923 1
2454 4 4 4 4 4
6535 3
6536 1
6537 3
6538 0
6541 1
1091 3 4
6548 3 4 4 3 3
6549 3 3 3
6551 2
6552 2
7919 4 2
6557 3 1
6558 2
6561 3
6562 4 3
6563 4
1094 4
6569 3 1 0
6570 4
6573 3
6576 4
6578 4
6582 3
6584 2 3
6585 3
10655 1
10585 1
6591 1 0 0 1 3
6592 1
3893 4 2 4 2 4
9291 2
6598 3
6599 4 4 4 4
6600 0
9292 3 3 4 4 4
6602 1 2 3 2 3 3 2
6603 4 4 4
6607 1 0 0 0 1
6608 2 2 2 3 3
6610 4
6611 4 3
6615 2 2 2 2
6616 4 4 4 4
10660 4
6618 2 2 2 2 2 2 3 4
1103 0 1
6623 3
6624 4
6628 4
6629 2 2 2 2 2
6630 2
1105 3
6634 2 2 2 0 1 4 4
6635 0 1
6636 4 2
6638 2 2
6642 4 4
1107 3
6645 4
6648 0 0 0 0
6651 2 3 0 3 4
6652 0 0
6654 0
6655 1
6657 2 2 2
6658 3
10667 4
6660 3
6661 0 1 0 0
6662 3 3 2
6668 4
3842 3
6670 1 1
6671 3
6672 4
1112 4
6678 3
9305 3 4 3
6682 3 4 4
6683 3 2 3
6684 3 3
6686 0 2
6691 2
6693 4
6694 2 3
6698 4
5213 0
6704 4 4 2 2 2 2 4
6705 0 0
9225 3 4
6710 4
6711 0 0 0
10676 2 2 1
6714 4 3
2485 4 4 2 2
6720 0
11135 0
6724 0
6728 2
6731 4
6732 0 0 1
6734 3
6735 4 4
6736 4
6737 3
6738 4
6739 3
6742 2 4
6744 3 3 3
6747 4
6748 3 3 2 3
6750 4
6751 4 3
3856 0
11136 2
6756 2 4 3 4 4
6767 0 1
6769 3 4 3
6770 4
6772 3
6773 2
6777 2 2 2
6780 3
6781 3 2 2
6782 4 2 4 4
6783 0 0
11137 4
6786 0
6787 2
6790 4 4 2 4 3 3 4 3 2 4
2497 3
6796 2 2 3
6797 2 2
6798 0 1
6799 4 3
11120 0
6595 2
6804 3
10692 3
6810 3
9327 3
6813 0 3
10693 1
6817 4 2
6819 4 4
6820 4
6821 4 4
6829 3
6831 4 4
6835 2 4
6836 3
6837 3 3
6601 4
6842 4
6845 3 3 4
6846 4 3
6847 2
6848 3
6849 1 0
10699 2 2 2 2 2
6853 1 1
6855 4 4
6859 3
6860 4 2
6863 2
6865 1
6868 0
6869 0
6871 2
10703 3
6877 4 2
10704 4 3
6882 4
9339 2 3 3
6884 2
6885 4 4
6886 1
6888 3 3
6889 2 2
6892 2 2 3
2514 1
1149 2 2 2 2
6896 3
6899 3 1
9777 4
6902 0
6903 1
2516 2 2
6906 4
6910 3 4 4
6911 0 1
6914 1 1 0
1594 2 4
6918 2
6919 3
6920 3 3 2
6921 3 3
6922 2 3
2519 3
6924 3 3 3
10712 0
6930 4
6932 3
9600 0
6934 4
6935 3
6940 3 3 1 1 1
6941 2 3 4 2 1 1
6944 1 1
6947 2
1158 1 0
6951 3 4 4 4 2 2 4 3 2
6955 1
6956 0 0 0
6958 2
6960 1 1 0
6964 2
6969 4
6970 3
2527 0 0 0 1 1 4
6972 2 3
6973 4 2 2
6975 4
6976 3
6977 2 2
9355 1 1 0 1
6981 3
6982 1
2529 1
6984 3 3
6987 2
6988 2 2
6989 3
6990 4
6991 2 2 2
6992 4 4
6994 2 3
6995 4 3
6996 3 3 3 3 4
6999 3 3
7001 1 3
7002 3
7003 3
7005 1 4
7007 1
7016 0
10950 0
7018 4 4 4
7020 1 0
7021 3 3 3 2 3 3 2 2
7022 3 3
7023 3 4 4
7025 4
7027 3
7028 3 3
893 3
10729 3
11067 4
7033 4
7037 4 3
7039 3
7040 0
7047 1
7048 4 2 3 2 2
10732 2 2
8691 4
7056 2 3
7057 1
7061 4 3
7064 3
7065 0 0 0
1178 3
7070 4 4 4
10601 0
7072 3 2 4
7079 3 4
7082 2
7083 4 4 4 2 4
7085 0 0 0
7089 0 0 0 3
6643 1
7095 3 3
7096 3 3
7097 3 3
7101 4 2 3 4
2549 3
7104 0
1184 3
7107 2
7108 1 1
8420 4
7112 4 2
7113 3
10743 0
7116 2 4 2
7117 3 4
7118 2
7120 1 0
7122 2
1187 3
7126 4
7127 3 3
7130 1
7132 2 3
7135 0 1 1 1
1646 0 0
10876 3
7139 4 2
7144 0
7145 0 0 0 0 0 0 0 0 0
2557 2 2
1191 3
7148 4 4
7151 2 2 3
7152 3 3 3 1
7153 4 4
7155 3
7158 3
7159 2 4
7160 4
7161 2 0
7162 4
7163 0 1
7164 3
1194 0
7167 2
2560 4
7172 0
7174 2 2 3
7176 2 4
7181 0
1197 4 4
6659 0
9241 2
9390 4
7192 2 3 4 3 3
7195 3
304 3
7198 4
7207 3 2 3
7208 3
7213 0
7214 4
7215 4 4 4
7217 3
7218 4
7219 2
7221 0 1 0 0 0 0
7222 3
8395 3
7224 4 2
7225 3 3
7229 0 0 2
7230 2 4
7231 4
7233 0 0 1 1 1
7238 0
7240 4 4 4 3
7241 2
2696 3
7246 4 4 2
7247 4
7249 3 3
7251 3
7252 1
7259 4 2
7261 4
7262 2
2576 0 0 0 0 0 1 0 0
7266 0 1 0 0 1 1 0 0
1211 3
7270 3
6673 2 2
7272 4
7273 4 2
7274 0 0 0
7276 4 2
2578 3
10771 4
7284 3
7286 3
7287 3
7288 3
2152 0
7294 3
7301 2 2 2
7305 1 0 0 0 0 2
7307 3
1218 3
7311 2
7313 4 4 4
10777 3 2
7320 3
7322 4
7323 0
7326 0 0 0 1
7327 2
7328 3
7330 0 1 3 3
7331 4 4
7332 2 3
7333 0 1
7335 0
7336 4
7337 3
7340 3
10781 2 3 4 3
7344 4
1224 2 3
7351 0
7354 1
7355 0
7356 0 0
7357 0
7360 4 4
7361 1 3
7366 0 1 0
7368 4 4 4 3 2 3 4 3
1228 4 3
7371 2 2
7372 1 1
8396 2 3 3
7376 2 4
7378 0 1 0 0
7379 4 4 4
7381 2
7382 3
7386 2 3
7390 3
7391 3 4
7393 3 2
7394 3 3 3 3
7398 3 3
7401 4 4 4 4
7403 3 2
1234 2 2 2
7410 2
7414 1 1
2429 4 4 2
7418 1
7420 3
7423 1 1 1 1
7424 3 3
7425 0
7427 4
7433 2
7434 3
7440 2 3
10798 2 2 3 4
7447 0
7449 3 3
6703 3
7453 4
7455 1
7456 1
10800 0
7458 3 3
7459 3
7461 4 3 3
1885 4
7466 0 1 3 0 1 0 0 0 0 0 0 1 1 1 1 0
7470 4 3 2
7471 2 1 3 3 3
7474 1 3 4 3 3
7477 1
7478 4 3
7479 0 0
7481 4 2 3 2 3
7485 3
7487 2 4
7488 4 3
7489 4
7497 1 3
7499 3
7501 1
7502 3
7503 4 3
7506 3
7517 3
7518 2 3
7521 1 0
2619 2
7525 1
3985 2 3 4
7533 3
7535 2
8707 3
7537 2 2
7539 2 2 2 2 2 2 2 3
7542 4 3
7547 4
7548 0
7549 4
10143 2
3989 3 3 4 3 4
7555 2 2
7556 4 4 4
7559 4 3
7563 3
8708 0 3
7570 3 3 1
10819 0
7573 3
7579 2 3 3
7580 0 0 0 0 0 0 0 0 1 0
7581 0 1 1 0 1 0 3 1 1
10821 3
7584 2 3 3
7585 1
7587 4 4 4 3
7590 4
7593 4
7595 2 3
7597 0 1
7598 2 4
7601 1 2
7603 2 2 2
1617 4
7610 4 3
10826 3 2 2 2 2 3
7614 4
7616 4
7618 0 0
8437 3
7621 1 0 0 3
7622 0
7624 0 0
7629 2
7637 0 1 0 1
7638 3
9465 4
7640 2 2 2
10620 2 2
2639 3 1 1
7645 2 4 4
7650 4 3 1 4 3
7651 2 4 3 1
7652 2
7653 2
7654 3
7655 2
7656 2 1 0
7657 4
7662 2
7664 2 0 0 2 1 2 2
7668 2 4 4 2 2
7669 2 3
7671 4 3
7673 0
7675 4 3
7676 3 2
7678 3
10837 3
7682 4 4
7686 0
9473 3
7690 0
2647 2
7692 2
1282 2
7697 1
9475 3
7702 2
9531 4 2 4
7707 3
7711 0 1
7712 0
7713 3 3 3 3
7714 2 3
11168 3
7717 1 0 2 0
7721 1
7723 3
7725 1
7728 0
7736 3
7742 4 2
7743 2
7745 0
8714 1
6753 4 4
7755 2
7759 4 4
7761 0 2 3
7763 4 4 4
7770 2
7771 0 0
8122 0
7774 3 2
7776 4
7777 4
7778 3 2
7780 0 0
2662 4 2
7785 3 2 4 2 2 4 3 4
1623 0 0
7787 3 4
7789 3
7792 4
7793 0 0
7795 4 4 2 3
7796 3 2
8443 3 3 4
761 4 3 4
7803 2 4 4
7806 2 3
7807 4 4
7808 4 4
7810 4
7813 4
7815 1 1 1
7816 3
7817 3
1303 3
2669 3
7824 3 3 3
7828 3 4 2
2670 2 2 2 2 2 2
7830 4
7832 4 4 4 4 4
7834 3
2443 3 3
7837 4
7839 3 2
7841 0 1 0 0
7842 4 3
7846 0 3 1
7848 0
7851 1 0 1
7853 2 3 4
7855 3 3 3
7856 3 4 4
7858 3 2
7859 3 3
7865 2
7867 2 2 2 3
7869 4
7870 3
7871 2 3
7875 4
7876 2 3 2 2
7878 0 1
9505 4
7880 3 3 2 2 2 2 2 2
7882 1
7883 2 2
7887 2 2
7889 4 4
7891 4 3
7892 1 2 2 2 3 3 3
7894 1 3
7898 2 1 4 3 4
7899 1
7901 4
7902 2 2
8992 4
263 4 0 1
7906 0
9510 2
7911 3
7913 3 3
7917 3 3 4
2685 3
7920 3 3
7921 3
7922 1
7923 3
7924 4 2 3
4799 3
2687 3
7932 3
9514 3 1 2 1 2
7934 3
7936 2 2
7940 3
7941 4
7942 0 0 1
7944 4
7946 0
4055 2 3
2174 2
7950 3
7954 4
8721 4
7957 2 3
7961 4 4
7962 4
7963 2
7965 4 4
7966 3 3
7967 2 2 2
9520 3 4
10855 3
7971 3 1
7973 4
7974 2
7977 0 1
6791 3
7980 4 4
7981 0
7983 3
7985 1 1 0
9776 4 2 4
7987 4 4 4 3 2 4 3 3 3 4
2697 3
7992 1 1
7993 2 4 1 3
7995 3 4
7996 1 1 1 0 0
7997 0
7998 0 0 0
8007 1
10905 4
8011 4
10893 4 3
8016 1 1
9528 3 2
8021 4 4 2
8023 0
8024 1
8028 0
1338 0 1
10896 3 4 3
8035 2 3 2 2
8039 4 4
8041 1 1
8043 3 2 4
8044 2
8045 2 4 4
9533 0
8050 4
10899 3
8052 3
8053 1 0
10900 3 3 2 3
8060 1
8061 4 4 4
8062 0
8179 3 2 2 4
8068 2
8070 2 3
8071 0 1
8073 1
1578 3 2
8077 1
8078 4 2 1 4 3
8080 2 4 4
8081 2
8082 3 3 3 3 0 3 3 3 3
9539 2
8087 2 2 2
8089 4 4 1 2
8090 4 4 4 2 2
8091 3 4 4 4
8094 4
8096 4 3 3 3
8097 2 2 2 2 1
6811 0
8177 3
8104 4
8107 1 4 4
8108 0
8111 0 1 1
10363 0 0 0 0 1
5449 3 2
8120 4 4
8121 1 2 2
163 1 1 1
8123 4
8124 3
8126 2 4
8127 2
8130 1 4
8131 0 0
8133 2
8134 2 0 1
8135 0 3
8136 0 1
8141 4 3
8149 4
8150 4
8152 4 3 1
7223 4 2 3 4 3
8156 2 0 2
8158 2 2
8161 3
8162 4
8164 3 3 3
8165 3 0 0
8169 3
8171 1
8172 1 3
8173 2 3 1
8174 3 3
2728 0
3000 4
8180 2 2 2 2 2 2 2 2
8183 3 3 2
8186 0
2182 2 2 2
8191 2 2
