1 2
3 3 4
8196 4
5 2 3
8202 4 1
8204 0
8205 3
8206 4
17 3 3
18 2
19 3
20 3
8213 4 3
22 2
8215 1 1
24 2 3 2
4 3
8220 2 4 3
8223 3 3 3
34 3
35 1 0
36 1 2 0
38 4
8231 3 4
8232 3
41 0
42 4 3 3
8236 3 3 1
8237 4 3 3 2 4
8239 2 2
48 3
50 3 0
51 2
53 2
8246 3 4
56 3
10932 1
58 2
8252 3 2
61 3 3
8254 2
63 4
8256 4 3 4 3
8258 4 4
67 0 0 4 4
69 2
8265 1 0 0
74 4
8269 4 4
78 2 3
8271 2
8272 4
85 3
8279 2
90 4 3 4
8283 3 2 2
8284 3 2
8286 4
8287 3
97 2
8290 0
8292 0
103 4
8297 1
8299 4
109 1 3
111 4
8304 4 1 4 2
114 1
8307 1
8309 3
119 2 2
121 1
8314 3
124 3
126 3
127 3 1
8320 3
8324 4
8325 1 0
135 0
136 1
137 1
139 4
140 3
8335 1
144 3 3 3
710 3
146 3 2
148 3 4 4
8342 2 2 2 2
8344 4 3
156 2
158 4
159 2 3
160 2
161 3
164 2 2
8357 3
8359 2 1 3
168 1 4
8362 4
10951 2
172 3
174 3
176 4 4
8369 2
178 4
181 0
182 3
8376 3
186 4 4
8379 0
8380 2
190 1
191 4
193 2 2
196 3
8391 4 2 4
8393 4 4 4
202 4
8399 3 4
8400 4
2346 4
216 2
8409 1 3
8410 1
219 4
8414 2
223 4
224 4
225 3
8418 4
8419 3 4
8425 4 4
8426 3
235 1
237 3 3
8431 1
8432 0
243 0 0
8442 3
8444 3
253 3
8446 1
256 2
8450 3 4
8451 4
8452 2 2
8453 3
262 0
263 4 4
264 4
44 4
266 2 2 2 2
268 2 3 3
269 4 3
271 4 3
8465 2 3 3 3
8466 2
8467 3 1
8468 3
8469 1
280 3
8474 4 4
47 2
8477 2 2
287 3
288 2 4
289 2
291 3
292 1
8485 4
8486 4
297 2 2 2 2 2
2192 2
300 1 3
301 3
303 0 1 1 0
304 3
8497 3
8498 3
8499 4
309 1
310 4
8505 3 4 3
314 3
8507 1
317 1
320 4 3
8515 0 3
324 3 4
325 4 3
8519 1 2
8520 2 2 2
331 4
335 3
8529 4
338 4 2
339 1
340 4
8533 0
343 4
344 3
347 4
349 3
8542 4 3
8546 3
356 4
8549 2
8551 1
8554 2 2 4
365 3 3 3 3
8558 1 1 1
367 0
10984 3 4
8562 1 0 1
371 4
372 4 4
373 0
374 3
375 2
376 4
8569 1 1
378 2
8571 3
382 2 3
386 4
8580 3
8585 3 2
395 2
8590 4
399 1
8592 3
8593 1 2 2
8594 2
8595 4 3
8596 4 4 4 3
1433 3
415 4
8608 2
8610 2 4
8612 0
421 3
8616 4
8618 4 4 2 2 4
8619 0
8620 3
431 4
432 3
8629 4 4
439 4 3
442 1
8635 2
444 4
446 0
447 0
8640 2
449 4
8642 4
452 0
8647 3 4 3
8648 2 3 2
8650 3
459 2
8652 4
8653 4 4
8654 2
463 2
8662 2
472 3
473 2 4
8666 3
475 0
477 3 3
479 4
8672 4
8676 4 4
8679 3
8680 4 3
489 0
8682 1
492 4
495 1
8689 3 3
8691 3
500 2 3 3
502 3 2
507 3
509 4
8703 4
8704 3 3
513 4 2
8706 4 2
8707 2 4
517 4 3
8713 4 4 4
8718 0
8719 2
8720 3 4
8721 4 4 4 4
531 1 0 0
8725 4 4
534 4
11012 3
538 4 2
9647 4
8282 2 4 2
8736 3 4 3 4
545 3
547 4
549 4
8744 0
8745 4
8750 2 2
8751 3
8752 4 3
8753 4 4
8754 4
9566 4
565 4
566 3
8759 1 0 0 1 0 0
8763 2
572 2
8765 3 3
8768 0
577 3 3
578 3
8771 4
8772 3
8774 3 4
8775 0 0 0
584 4
2828 2 2 3 3 3
586 0
589 2 3 3 2
590 3
592 3
593 4
8789 3
601 4
8794 3 2 2
8795 2
8798 4
8799 3
8800 2
609 3 4
611 2 2
613 2
8808 2
9660 1
620 4
8814 4
626 2
8821 3
631 3
633 2
8826 4
8830 1
2837 4
8832 3 3 3
642 3
643 2 2 2
10387 2 4
645 0 0 1 0
8838 2
647 4
650 2
8843 3
8844 1 1
8848 2
658 3
10970 4
8853 3
8854 0
664 3
8857 4
668 3
8861 3
8863 1
112 0
8867 1 1
678 1
8871 1
687 3
689 4 4
692 3 4
693 4
694 4
696 1 1
699 3
8892 4 4
1482 2
705 0
707 4
8901 4 2 3
8902 1
8903 2
712 3
713 3
714 2
715 2
8909 2 2 2 2 2 2 2 3 3 3 4 2
8912 2 2
723 3 4 4
726 3
727 3
729 3
731 3
733 3 2
734 3
735 4 4 2 4
8928 4 3
737 2
8931 4
8932 4
744 4
745 3
8939 3 2 3 1
8941 4
8944 3 2
8945 4
754 3
756 1 2
759 4 2
762 4
764 1
8957 2
8964 4 3 2 2 2 2 2 2 1 2
8965 1 3 1 1
8966 0
776 3 3
8969 3 1
8971 2
786 3
787 3
8980 3
789 4 4 3
8983 1 0
795 2
798 1
799 4 4
800 4 3
8210 3
8995 4
8996 4 4
807 2 2
808 2
809 3 3
9002 4
814 1 0
9007 2 2
819 2 2
820 4 4
9013 4 3 3
9014 3 2 2
9015 4 3 4
9016 3 2
9017 0
9019 4
9023 3
9024 2 2 4 3 3 3 3 3
9026 2 3 3
9028 3 2 2 3 2
9030 3
9033 3 2 4
842 3
9035 4
9036 3 4 4
9037 0
846 2 2 2
9039 3 3 3
9040 3
851 3
853 3 3
9046 3
9050 3
9053 1
862 2 2
9055 4
9057 3
2875 4
868 3
869 3 4
9065 4
9066 3 3
8338 4
879 3
9072 3
9073 2 1
882 0
9076 2
885 2
886 2 2
887 4 3
894 3
895 2 2
9089 1
150 3
9094 3
9100 3
9102 4 2 4 3
912 2 2
9105 3
9106 3
916 0 1
919 2 2
576 3
922 1
9115 0
9117 0
927 2 2 2
9123 3
932 0
9126 4 3 2
9132 2 2 2 2 2
944 3
945 3
9139 4 4
950 3 2
9150 0 0
9156 4 3
966 4 3
8353 3
9160 1
11084 4
970 4 4 3
972 3 4 2
9165 3
11085 4
977 4
979 0 0 0 1 0
980 4
9174 2
9176 4 4
8356 0
9178 4
11087 3 3
9180 3
9181 4
9184 4
993 0
9188 3
9189 4
9190 2
9191 4
9192 4 3 3
167 0
9196 4
9197 3
9199 2
1009 4
9202 2 2 3
2899 3
9204 2 2 2 2
1013 3
1014 4
9207 3
1019 0
9219 3
1028 1
9223 4
1032 3
1033 0
9226 3
9228 2 2
1038 4
1039 0 0
9232 4 4
9233 0
1043 3
9236 1
9237 2 2 2 3
9238 4
9239 1 4 4
1049 2
1050 2 2 2
9243 2
1055 4
1057 4
1058 4
9254 0 0
1063 1
1065 0 1 1
1066 2 2 2 3
9259 3
1069 3
1070 4
11101 4 4
1073 4
9266 4 4 3
1076 2
1079 3
1080 4
1081 3
9285 3
1094 4
11105 3
9289 3 3
9291 4
9292 4 3 4
1103 3 3 0
9299 0
1109 1
1113 0 3
1114 0 0 0
9743 3 2
1116 2
1117 0 0 1 0
9310 4
11109 1
1126 4 4
1129 3
9322 3 2
9323 3
9325 3
1134 4 2
9327 3
9328 2 2
9329 3
9331 4
1140 4 3 1 3 4
1144 2
8383 3
9340 4
9341 3
9343 4
1152 2 3
9345 0 0 1
9347 2
1156 2
9349 4
1158 4
1161 3
1162 3 3 3
1164 1 1
1165 3
9359 4 3
1169 2 2 2 2 2 2 2
9362 2 3
9363 1 0 1 0
9364 4 4 4
9365 4
1174 2
9369 1 0 1
1178 2
9371 3
1185 4 4 4
9378 4
9379 3
1190 3 4 3
1191 3
1192 3
1195 0
1198 2
9391 2 2 2 2 2 2
1200 3
9395 4 4
9396 4
1207 3 3
1208 2 3
1210 2
9405 2 2 2 2 2
1214 4
9409 3 4 3 2
1218 3 4
1219 4 4
9413 3
1224 3 4 4 3
1225 1
1226 3
499 2
9423 4
1233 4
9426 4
9427 4 4 2 2 1
1237 4 4 4
9433 2
1244 3
9439 3
1248 3
9441 3 3
9448 3
1257 3
1258 2
1259 3
9452 4 3
1261 3
1266 1
9459 3
9460 4 3
1270 4 3
1271 0 0
9464 3
1273 2
1274 1
9467 3 2 1
1276 2
9471 4 4 3
9472 2
1281 3 0
1283 2
1284 4
9479 1
1288 3 4 4
1289 2 3 3
9484 4 3
1295 2
1296 3 1 0 3 3
1298 1
1301 4 4 4
9496 3
9497 3
1308 3 4
9501 0 0 0 1
9504 3
1314 3 3
9508 3
1317 2
9512 0 3 3 1
1324 1
1325 2 2
1327 1 0 1
9520 4
9525 1 4
1336 4 3
9529 0
9530 4
8415 2 0
9532 3 3
1342 0 0
9536 3
9538 1 1 1
1347 3
9540 2
9542 4
9546 0
9548 3 4
9549 3 3 3
1361 3
1364 0
11151 2
1372 4
9565 4
1374 3
9567 3
1378 4 4 2 4
1380 1
9573 3 3 3
9575 0
9576 4
1386 4 4
9581 1
1392 4 2 2
1394 3
1395 4 4 4
9590 0
1399 0
1400 0
1405 1 4
9599 4 4 3 4 4 4 1
9600 0
1410 3 3 3
9604 3
11158 0
1418 4
9611 4 2
1420 2 4
9613 4
1422 2 3 3 4
9616 3 3 2 2
9617 0
1603 2
1429 2
9622 4
9623 4 4
9625 3
1434 3 3
9627 1
9628 2
9630 1
9631 4
9632 2
1441 1 0
1448 0
9643 2 4
9645 2 4 3
11165 1
1457 4
9650 1 0
1460 3
1463 4
1464 3
9658 4
1468 4 4 4
1470 2 3
9663 3
1472 3
9665 3
9670 3
1479 4
9673 4
9674 3
1483 2 2 2
1491 0 1
1494 3 4
9687 1 1 1 1
1496 3
11172 0
9693 4
11173 2
9698 3
1507 2
1511 3
1513 4
9712 3
9713 2 4
9715 3
1529 3 4 4
9722 4 2
1533 4
9726 2
9813 4
9728 2 2 2 2 2 3 2
9729 1
11179 3
9732 3
9734 4 4
1544 1
1545 1
1546 2 2
1548 3 4 3
1550 4
1551 0
259 3 3
1625 3 4
9752 2
1564 2
9757 3
261 2 2
1572 2 3
1573 4 4 4
1574 4
9767 0
9768 2
1577 4 3
1578 2 4
8455 2
9772 4 4 3
1586 2 4
1588 4
9781 4
9782 4 4
1592 2 1 3
9785 3
9787 3
1596 2
1597 2 4
9792 4
9794 4
9795 4 4
1604 4
1605 3 3 2 4
9798 3 3
1607 0 0 1 0
9801 1 2
9803 0 0 1 1
1614 3
9807 4
1617 3
1618 1
1620 4
1621 2
9816 2
9817 3 3
1626 4
1629 4
1630 4
9823 2 4
327 4
9827 2
9830 4
1638 3 3
1639 3
1641 4
1642 3
9835 2
9836 4
1645 2
1651 3
9845 3
9846 3
9847 4
1657 3
9850 3
9851 3
9854 2 3 4
9856 0 1
9857 3 2 4 4 4
1667 3 3 3
1669 3
9863 2
1673 0
1677 4
9873 3 3
1682 1
1685 3 4 4 4 4 4 2
1686 0 1 0 0 1 1
1687 4 4 3
1688 3 2 3 4
9881 4 2
1690 1
1691 1 1 1 0 1 1 0 1 1
1692 2
282 4
9887 4 4
1696 4 4
1697 3 3
1700 4
9894 3
9895 4
1704 3 3 3
9900 2 2 2
1710 3
1712 0 0 0
9905 3
1715 3
1717 3 3 2 3
1719 4 4
9912 2
9913 1
9914 3 4 4 4
8479 1
1724 4 3 4
1725 3 3
9919 2
1730 1
1735 3
9928 4
1737 3 3
1738 2
1740 1
9936 2 2
1746 3 2 4
9939 3
1748 4
9941 4
9943 0 1 1
9944 3
1756 2 2 2
1757 3 4 3
1759 4
1761 3
9955 4
9957 4
1767 4
1768 4 3 3
9962 2
9965 3
9966 3 3
1775 3
1776 4
1777 4
1779 4 4
1780 0
9973 3 4 2
1786 2 3 3 3
1788 4 4
1789 4 4
1790 3 2
1791 4
1792 3
9985 4
1794 4 2
1799 1 0
1800 3 2 4
9993 1 1 0
9996 0 2
9997 4
1809 3
1810 2 2
10005 3 4
1817 2
10010 1
1820 2 2 2
10014 3 4 3
9861 3
8496 2 2
1826 3 4
1830 3
10023 0 1
1832 3
1835 3
10028 4 3 4
10032 1
1841 3
1843 0 0
10037 1 1 1
1846 0 0
1848 4
10046 2
1855 1 1
10048 3
10053 2
1865 2 4 1
10058 3
62 4 4 3
10061 1 2 2 2
1870 4 3
9869 2 2
1872 1
10068 2
10069 3
313 3
10072 3
10075 3 3
1886 3 4
10080 3
10082 2 2 2
1891 1
1896 3 1 3 4 3 3 3
1899 2
10092 3
10094 1 1 1 1 3
10095 4
1904 4 3
10098 2 2 3
10099 0 1
10100 3 3 3 2
10101 3 3
10103 4
1918 2 2 2 2 2 2
10113 3 2 2
10117 0
10118 4 4
10119 1
1930 4
10124 3 3
10125 2
1934 4 4 3
1936 2
1940 0 1 1
1943 0 0 1
10136 4 3
1945 4
10139 0 0 0 0 0
9882 3 3
1950 4
8517 1
1954 3
10147 0
10148 3 3 3
10150 3
1961 3
10154 2
10155 2
1964 0 0 1
10158 0
1970 3
1971 4
1977 3
1979 4
1981 4
10181 0
1992 4
1997 3 3 3 4 4
10190 4
10192 3
2001 4
2003 3
10196 3 3 3 1 0
2007 2
2008 1 1
9892 4 4 4
10204 3
10205 1
10207 1
10208 4
2017 3
10500 4 2 4
10214 4
10215 4 4
2026 0
2028 4
10221 4 4
2030 2
10223 4
10224 3 3 3
2037 3
10230 4
10231 2 4 3
2041 3 3
10234 2 2
10237 0
10239 2 2
10240 3
2049 1 1
2050 1 0
10244 4
2053 3
10246 4
2056 4
10255 4 4 4
10256 1
10257 4
2066 4 3 3 3
9902 3
2072 0
2076 3
10270 0 0
2082 3
10275 3
2086 3
2089 4
2094 1
8541 1 1
10288 2 4 2 4 2 2
2098 1 0
2100 4
10293 4
2102 3 1 2 2 3
2103 3 3
10300 2
2111 2
2112 4 4 4
10310 4
2119 3
2121 4
2123 4 4
10316 2
2125 3
10318 4
2129 2 4
10325 4 4 4 4 4
2135 3
8548 2 4
2138 4 4 4
2141 2 4 1
357 2
2144 2 3 3
2145 3
10338 4
10340 1
10341 4
10343 1 3
8255 4
2155 4 3
2156 3
2157 1 3
10351 3
2160 4 4
7187 3
2164 2 3
2165 3 4
2166 3
2168 3
10361 4
10362 3
1727 4
10364 2
2173 3
2174 4
2175 4
2176 4 1
10372 4
10373 0
2182 2 2
10377 4
2188 2 2 2 1
10381 3 3 4 3
2190 0
10384 4
10385 3
2195 4
73 0
2200 0 0
8559 3
2205 4
10399 3
10400 0 0
10401 1 4
2210 2 2
10403 3 2 2 2
2213 3
2214 2
2215 3
2219 4 4
10413 3
2224 1
10417 3
2226 3 2
8803 1
10420 2
2229 3 4
2230 4
10423 3
10424 0
2233 3
2234 3
7199 0
2236 4
2239 3 3
2240 1 0 1
2241 3
2242 3
10435 4
10439 1
10440 3
2252 4
2258 3
2259 1
10453 4 4
10454 0 1
10459 2 1 4
8570 2
10462 4
10464 2
8259 2
4475 3
10474 1 0
10475 2
2284 4 3
10478 4
2287 4 4
2290 4 4 2 3
8574 1
10486 4 4
2296 2
10491 3 2 2
10493 4
10495 4 4 4
2304 2
10499 4
2308 4
2309 3 3 3 4
2313 2 4
2316 3
8578 0 1
10511 3
2321 2
10515 2 2 2 1
10516 4 2 3 4 4
10518 3 2 4
10520 3
10521 2 2
10524 3 3
10526 0
10528 0 0 1
10535 2
10536 3
10537 2 2 2
10538 2
2349 0 0 0 0 0 1 0
2350 3
10543 3 4
10544 4
10546 2 2 4
10548 3
2357 3
10550 3
10551 0 1 0 2 2
2370 3 1 0
10565 4 4 4 4 3
2377 0
2378 4
10571 4 4 4
2383 3
2384 3 3 2
10577 4
2386 2 1
10579 4
10580 4
10581 3
2393 4
10586 3
10587 4 3
2399 1
10592 4
10593 0
10594 3
10597 2
401 4
10600 2 4
9959 4
2412 2
2413 3 4
2415 2 2 4
2416 4
2417 2
10610 2 3
2419 3 1 0
2423 2
10616 0
404 3 4
10618 4
2428 0
2430 0 1
2432 4
2433 3
10630 3 3
2440 0
2441 4
2442 2
10635 3 2
354 2 2 2 2 2
2449 3
10643 4 2 2
10720 2
2456 3
10649 3
2462 4 3
2465 4 4 4
10658 4 4 3
2467 4 3
2468 2
2469 3
2471 3
2472 4
10665 2 3
10666 3 4
10668 4 3
10669 2
2480 3 3
2481 4
10675 1
2484 4
10678 4
10680 4
10684 4
10685 3 3 1 0
2494 4
10688 3
2501 0
10695 4
10696 3 2
10697 1 2
2509 4
10705 1
10706 4
10708 3 3
10709 3 4 4 4 4
2518 3 3
10711 2
2521 4 3
10716 3
10719 3
2528 4 4 4 1 3
2530 2 2 2
10723 2
10724 4 4
2534 2 2 2 2 2 2 2 2 2 2
2535 3
2536 2 4
10729 3
10732 4
10733 2 2 2
2543 3
2544 1
10737 1 1 3 3 3
10740 0
9982 4 4
2550 1 1 1 0
2553 0
10746 2
2560 3
2561 0 0 1
10754 4
427 1
10756 4 4
10757 3
10759 3
2570 1 0
2571 0
2572 2 2
10767 0 3
10768 4
2579 4 3
2580 3
2584 2
10777 3
2591 3 3
10788 4
10794 4 3
2603 1
10797 1
10798 2 3
10799 3
10800 0
10801 2
10802 0 0
10803 2 3
10804 4
2613 4 4
2614 0
2615 0
2619 2
10813 4
10815 3
2624 0
10817 1 2
10818 4 4
2628 3 3
10822 4 4
10827 3
2636 4
10830 3
10831 3
2270 3 3
2641 4
2643 3 3 2
2644 3
10839 4
10840 2
10844 2
2654 4 4
2657 2
10853 3
2662 0 3
10001 0
2670 2 1 3
10864 1
2673 2 3
2674 1 0
2682 4 4
10878 3
2687 3
2690 2 3
10883 4
2693 2 2 2 2
2694 4
10887 4
10890 3 4
2699 4
2700 3
2702 4 2
10896 3
10897 2 1
2706 4
10900 3 3
2712 4 4 4
2719 3
10915 3 2
2725 2 2 3 3
10920 3
10012 0 1 1
10924 4 4
2733 4 3
2734 2 4
10929 4
2739 1
2740 4
10934 4
10935 2
10937 1 3
10938 4
10015 2
10940 2 3
458 2
2750 3
10945 0 0
10947 3
2758 2 4
2759 1 0
2761 2 1 3
10954 3
10957 1 1 3 0 0
2766 2
2767 2 3 4
10962 4
2771 2 1 2 2
2772 3
2775 3
2778 1 3 3
2780 3
10976 4
2787 3
10981 3
10982 3
2791 0
2792 3 3 2
10985 3 4
10988 3 4
2797 4 4
2798 3
2799 3 4
10992 2 3
10993 3
2803 3
10997 2 3
11000 4
11001 3
2811 1
11004 4 3
2813 0 0
11007 4
11005 3 2 3 2
2820 0 0
11015 3 2 2
2824 2 4 3
2825 4
11018 0 0 1 0 0
11019 4
11020 4
2829 2
11024 2 3 4
2834 4
11029 3
11030 4
2839 4
11036 3 4
474 0
2846 3 3 4
2848 3
11041 2 2
11042 1 1
2851 0
2852 1
2853 4
2854 3
11049 3 2
11052 3 3
11053 2
11054 1 1
2863 1
11056 3 2
2866 3
11059 2
2868 2
2869 2
11064 4 3
2874 3
11067 4
11071 3
2881 2 2 2
11074 4 3 3
11075 2
11076 3 4 4
2887 0 0
2889 1
10189 4
2891 1 0
2892 3
2893 2
2895 3
11091 3
2902 2 2
2907 3
11100 3 3
2909 3
11104 2 2 2 0 0 2
9917 1
11107 1 0 3 1 2 1 1 1 1 1 1 0
2917 1
11112 1
2921 2
11114 2 3
2925 3
488 3 4
2935 0 1 1
2936 1
2941 4 4
11134 2 2 2 3
2943 2
11136 2 2
11138 3 1
2948 1
2950 2
2951 3
11144 4
11147 2
2956 4 3
11149 2 3
2958 1
2959 2
11156 1
2966 1 3 0 0
11159 3 3 3
11160 4
11162 4 3
2972 4
2973 2 3
2975 3
11169 0 0
11171 4
2980 1 0 3 1 0
2981 2 2 3 3 3 2 3
2982 2 4
497 4 4 4 4
2985 4
2986 3
2987 2 2 2
11180 4
11181 3
3229 4 4
11185 1
2995 1 1 4 3
11189 1
2998 4
11192 3 1
3004 3
3005 2
3009 4
3010 3
10059 3
3013 1
3017 3 2 2 2
3024 4
3034 2 2
3039 1
3040 4
3047 3 3
3048 1 1
3056 2 2 2 2 2 2 2
3058 3
3060 4
3061 3
3063 2 2
3064 3 3
3069 3 4
3082 3
3084 1
3085 3
3087 4
3091 0
3092 3 2
3096 1
3099 3
3102 4
3104 4
3108 4 4
3110 3 3
3112 4 4 3 4
3114 4
3117 3 4 2 2 4 4
3118 4
3123 4
3125 0 0
3129 3 4
3130 0 3 0
3131 3
3134 4
3135 2
3139 2 3
3140 4
3143 2
1890 2 2
526 1
3161 2
3162 0
3165 1
3169 2 3 2
3170 2 2 2
3172 3 4 3
3174 2
11017 3 3
3181 3
3184 2
10088 2
8723 4
3191 3
3193 1 0
3194 1
3197 3 4 4 4
3199 2 3
10745 1
3205 4
5017 4
3217 3 3
3218 2
3219 3
3224 4 3 2
3226 4
3228 4 4
8730 4 4 4 4
3240 0 0
3245 3 4
8733 2
3252 2
3259 4
3262 1
1909 2
3276 3
3277 1
3281 2 2
3283 4 3
3288 1 1
3289 4
3293 3 2
8741 1 1
3301 2
3305 3
3308 4
3309 3
2838 2
3316 4
3319 0
3321 4 3
3323 1
3327 3
3328 3 3 4
3333 0
3337 4
3346 2 2 2
3348 0
3350 2 4
3352 3 3
3354 4 3
3359 2 2 4
3362 3 2
3364 4
3366 4 1
3367 3
3369 2
3371 2 3 4 2 4
3372 2
3383 2
3385 4
3386 4
3295 3
3388 3
3392 3
8842 0
3400 4
3403 4
6029 4
3408 3 3
3409 2 3 2
3419 3 3
3420 4
3421 1
3422 4
3425 1 2
3426 2
3427 1
3430 1
3433 4 3
3434 2 2
3436 0 1
3438 3 4 3 4
3439 3
3440 3
3441 4 0
3444 3
9662 4 3 2
3448 1
3452 4 4
3455 4
3457 4 3
3460 4
388 0
8370 3
3470 4 3 3 3
579 4 4 4
3477 3
3479 2
3487 4
3502 0
10141 4
10755 4
3506 3
10142 4 2 4
2299 4
3512 4 3 4
3514 3 2 4
3515 2
3520 2 3
3529 1 0
3532 3
8781 3 3
3536 4 3 4
3538 4
3543 4
3544 0 0 3
1956 3 0
3550 4
3556 0 1
3561 4
3564 4
3571 3
3574 3
3577 4 4
597 4
3584 0
3588 2
3589 4 3 2 3
3593 2 4
3594 4 3 4
3605 1
3607 2
3611 0 1 1
3615 3
393 2
3617 1 0 2 2
3618 3
603 3
3620 3 4 4
3624 3
3627 4
3635 3
3638 2
3641 0
3642 4 4
3644 0 0
3649 1 1 0 3
3650 4 3
3652 2 4 3
3656 4
3667 2
6073 1
3677 4
3685 2 2 0 2 2 2 2
3688 4
3693 0
3696 3
3704 4
3708 3 2
3712 3 3
3716 3
3720 3 2 1
3724 2
3726 4 3
3727 1
3731 2 3
3733 2
3734 4 4
3736 0 0 0
3739 3
3741 1 0
3742 4
1989 1
3751 4
3755 0
3763 3
3764 4
3771 1
10764 3
3775 2 1 4
3776 4 2
3789 3 4
3790 3 2
3791 4
3792 4
3795 2 2 2 2
1998 3
3798 3
3803 4
3804 4 4
3808 2
3809 2
3811 4
3816 3
8536 4
3821 4
3822 0
10195 3 2
3828 0 1
3830 3 4 4 2
3831 3 4
3832 4
8831 4
3837 3 1
3838 2 1
3840 3
3842 2 4
3844 2 2 2 2 3 2
3846 3
3847 3 4
3855 2 2 2
3861 4
3864 2 2 2 2
3869 1 3
3871 3 3
3885 2
3886 0
3887 2 2 2
3888 2
3891 1
8313 3 3 3 3 3
3901 3
3903 3
3906 1 0
2585 4
3913 3
3914 3
3918 2
3920 0
3923 2
3925 4
3928 0
3929 2
3930 3
3942 4
3943 2 4
3944 1 0
3947 3
3949 2
3951 2
3952 2
3954 4
3955 1 0
3957 4
3962 2 4
10218 2
3966 2
3967 0
3968 2 4
3970 3 2
662 0
3974 3
3981 2
3985 4 4
3996 2
3997 3
3998 3
3999 3 3
133 3 2 3 4
4005 4
4007 4
4026 3 4
4030 4 2
4034 3 2
4036 4 4 3 3
4038 0
4039 3 3
4040 3 2
4041 4
4042 1 3
2039 1
4047 2
4048 4
4049 2
675 2
4053 2
4059 4
4065 4 3
4066 3
10501 4
2045 3
4083 4 3 3
4085 2
4086 4 4
4087 1 3 1
4089 1
4091 4
4094 1 0 0 0
4095 1
4097 1
4100 3
4101 3 3 4
4106 1
7229 1 3 3
4117 3 3
4120 4 3
4122 4
4125 3 2 3
4127 3
4128 1
4129 3
4132 3
4133 2 2
4139 2
4140 3
4141 0
4144 2 2 2 2
4145 3 2
4147 2 2
4151 3
4173 2
4174 3
4177 2 2
4182 3 0
4186 4
4191 4 2
4198 3 4
4201 0
4204 4
4206 4
4212 4
4213 2 2 2 2
4220 3
4221 4 2
4222 2
10261 2
4225 2 1 3
4227 1
4231 2
4235 3
4239 3
4246 3 4
4253 4 3 4
4256 3
4261 4
2324 4
4265 4
4266 4
4270 1
4271 0 1
4272 0
1506 4 3
4275 3 3
4277 4 2
4279 4 4
4281 1 1
4282 3
4284 2 1 3 3 2 3 3 2 3 1 2
4288 0 4 4 4
4290 3
4291 4 4
4297 4
4298 4 4
3447 0
4302 2 2 2 2 2 2 2
4310 3 2
4317 4
11055 3
4322 3
4327 0
4332 2
4336 3
4345 4
4347 3
4349 3
4351 4
4353 3
4356 3 3
4360 3
4361 2
4363 2 4
4364 1
4367 4
4374 2 2 2 3 3
4378 2 3
4379 3 4
4385 3
4394 0
4400 2 2
4401 0
4402 4
4405 4
4411 1
4418 1 1 0 1 1
4419 4
4421 4
8929 3 2 3 3 2
10295 3 3 3
4431 3
4432 2
4434 3
4436 2 2
4439 4 4
740 3
4443 3 4 3
4447 3
4449 3
4450 3
4452 0
4454 3
4457 4 3 4
4459 2
4461 3
4462 4
8936 2 3 2 2 4 2 4 4 4 4
4467 4
4470 4
4474 4 3
10303 3 3
747 2
4485 0
4487 1 2 1 2
4490 0
4491 0
4497 3 4
4499 3 3
11061 2 4
4503 2
4506 1
4507 3 3
4515 2 2 2 2
753 4
4520 4 2
10311 3 4
4526 3 4 4
4529 3 4
4530 3
4534 4 4
4535 2 3
4536 3 1
4537 1
4545 3
4548 2
4549 4 3
4554 2
4559 4 3
4571 4
4574 4
4575 4
4580 3
4581 4 3
4582 0 1
4585 3 3
4587 4
4590 2
4592 3 3
4593 4
4596 3
4598 4
4600 4
4601 2 3 2 2 2
4602 4
4603 3 4
4607 4
4610 3
4612 1
4613 2 4
4614 0
4620 2
4629 4
2137 3
4635 3 2
4637 3 2
4641 4 4 3 3
4648 4 4
4654 3
8968 4
4662 4 2
4663 2
4666 4
4672 3
4674 1
5923 3
4676 4 1
4680 2 2
4691 3 4
4693 3
4696 4
4700 0
2149 4
4705 4
4708 1 0
7249 4 4 3 3 4 3
8613 4
4716 4 4
4721 3
8979 1
4727 4
4728 1
4731 4
4735 4
4737 3
4742 0
10348 3
4746 3 2
4748 4 2 2 2
4752 3 3 2
4755 2
4759 0 1 0
4760 1 3 3
4775 4
4780 1
4781 0 1
4782 0
4784 1
4785 3
10355 1
4791 1
4792 3
4793 4 3 1 1
4794 2
4804 4
4805 3
4809 3
4814 3 3 3 2 3 3 3 2 2 2
4816 3 3
4819 3
4822 3
4823 3
4824 2 3
4825 4 2
4826 0
4827 3
4837 4 3 3
4840 3
4850 3
4852 3
4853 4 3
4859 4
810 1
4864 2
4867 2 3
4868 1
4878 3
4883 3
4886 3
4888 2
4889 1 1 0 1
4892 3
2181 3
4899 4
4900 3 2 4 4 4
4903 3
4904 3
4908 3
4910 1
4912 4
4913 4
4914 2 2
4919 4
4923 4
821 2
4930 3
4938 4 4 4 4
4944 4
824 4
4946 3
7651 1 3
10382 1
4950 3
4956 4
4961 0 1
4962 1
4963 4
4965 4
4972 4 4
4973 3
4979 4
4982 1
7657 3
4986 4 3 4 4
831 0
4988 3 4 4 4 3
4990 0 0
832 3
4995 4 3 3 2
4998 2
5000 3
5004 2
834 3
5006 0
5011 4
836 1
5018 0
5020 3 3
5026 1
5032 2
5035 4 4
10397 3 4 3
5040 1 1 1 1
5048 2 4 3 4
5050 4
2207 3
5053 2
5054 3
843 1 0
10402 4
5071 3
5073 4 4
5074 0
5083 4
5091 0
10406 3 2
5100 3
5102 1
5110 4 4
5114 2 2
5117 2 1 3
5126 3 3 3
5127 0
5129 0 0
5139 3
5144 1 0
5146 2 1
5148 1
5149 4
5150 0
5152 4
5153 1
5154 3
5159 3
5166 3
5176 3 4
5178 3
5180 3 4
5182 4
10421 1
5186 4
5188 3
10422 4
5190 3
5198 2 4
5200 3
2232 3
5202 1 1
5204 0 3
10425 4
5208 4
5210 2 4
5211 4 4
5213 3
9061 1
5217 3
5219 0
5221 3 4
5225 3 3 3 3 3 2
5234 2
5236 2
5241 1
5242 4
5249 4 4 4
5253 4 2
5262 4
5266 4
5267 4
5272 4
880 1 0 0 0 0
5284 3
5286 3 3
5287 0 0 0 1
5291 0
5294 3 3
5295 4 3
5298 2 2
5299 1 3
5304 4
8360 3
5308 2 2
5311 4
5313 3
5317 2
5319 2 2 0 2 2 2 2
5325 4
5329 3 1
5330 1
3619 4
5332 2 2
5333 2
5334 0 0
5339 3
4987 2 3
5350 0
5356 0
5360 3
5363 4
5364 3
9086 3
5366 0 0 0
5368 4 3 3
5370 2 4 0
5376 3
5380 3
2262 0 0
5384 4 3 4 3 3 3 3
5386 2
5401 4
5403 0 1
5404 0
5405 2
5408 1
5410 4
5413 0
5417 0
5419 4
5421 2 2
5423 1 2 3
5425 3
5426 4 3 4 4 3 3
5429 3
5432 0 1
5434 2 2
5437 4
5441 0 0
5442 2 2 2
5443 4
5448 2
4273 3 4
5450 2
5464 2 2
5469 4 4
5472 3
5474 3
5479 4 4 3 1 2
5480 2
5486 4 2
5487 4 2
5489 1
5491 4 4
5494 4 2
5496 3 4 4
5498 3 2
5499 4 4 4
5500 4
5502 4
5505 0
5506 2
5507 3
5513 1 0
5515 3 2 3 2
5523 3 3
5526 3
5527 0 0 0 1
5529 4
5532 3
5534 2 4
5537 4
5544 3 4
5546 2 2 2 2
5548 3
5551 3
5553 3 3
5556 1
5558 4
5561 0 1 1
5563 3
5564 3
5571 4
5578 2 1
5581 3
5591 4 3
9124 2 2 2 2
5599 3
5603 3
934 4
5606 3
5607 0
5613 3
5614 3 2
5617 4
5620 1
5623 0 1
5630 4
5634 2
5635 2
1565 0
5650 1
5653 4
5657 3
5039 4
1825 3
5663 4 2
9136 2
5667 2
9736 3
5682 3 3 4
5684 1 2
5685 4 3
5687 4
5689 4
5691 3
5694 3
5697 4 4
5698 3
5702 4 4
5704 3 3
5706 3 4 3
5711 0
5716 3
5717 2
5718 1
5728 4
5729 3 4
5730 0 0 0 1 1
5734 2
5735 4
5738 4 3 2
5741 1
5746 4
5748 2 2 2 3 1 2
5749 2
5753 3 4 4
5760 1 0
5761 3
5765 1
5766 2 2 3
5768 2
5775 3
5780 2
5788 0 0 0 0 0
5789 2 2
5790 2 2 3
5792 4 4 4
5799 4
5802 4 3 1 1 3 3
5803 0
5804 2
5809 1 1 0
5810 3 2 4 4 3 2
5822 2 2 3 3 3 2
5824 0
5826 4 4 4
5830 2 4 2 2 2
5831 2
5832 4 4 2 1 4 2
5837 2
5838 0 0 1 1
5840 4 3 2
5849 1
5852 2
5857 4
8726 1
5866 3 1 0
5877 4
5878 3
5882 3
5883 3 1
5885 3
39 4
5890 3
5902 3 4
5904 2 2
5905 1 1 1
5911 3
10017 4 3
5918 4
5920 4
987 2 2 4
1793 3
5925 1
5928 3
988 3
5931 3 4
5932 4
5934 4 4 2
5937 1
5938 4
5941 4
5945 2 2 2
10549 1 1 1 0
5954 2 2 3 3
5956 3
5959 2
5960 4 4
5963 4 4 3
5964 2
5976 1
5977 0
199 3 3 2
5984 3
5986 2 3
5989 3 2 4
5990 0
5992 2 4 2 2 4
5999 3
6006 4 4
6007 3
6012 4 4
6013 0 1
6016 3
6020 3 3
6021 3 3 3
6025 4
6026 2 4
6027 0 0 0
10562 0
6030 2 4
6044 3
6047 4
6053 2
6059 4
6065 3 4 3 3
6069 1 0 3 0
1012 3
6074 1 1
6081 3 3
6083 4
6088 3
6091 1 1
6098 3
6099 3
6100 4 4
6103 4 4
6104 2
6107 3
6110 3
10576 3 3
6114 4
9211 4
6117 1
6122 2 2
6127 4
6129 2 2
6132 3 4 2 4
6135 4
6138 3 2 3 3 3 3
6139 0
6149 4 3
6150 3 4 4
6153 3 3 2
6155 2 4
6156 3
6158 2
6166 3 4
6167 2 2
10461 4
6171 4 4
6172 3 2 1
6173 3
2395 3
6183 2 3
6188 3 3 3 3
6194 2 3 3 3 2 3
6195 3 3
6201 2
2400 4
6210 3
2401 3
10027 3 4 3 4
6218 3
6219 1 4
6224 2 3 3 3
6226 2 2
6232 0
6237 4
6241 1
6246 3 2 2
1041 4
6248 4
6251 2 2 2
2408 2 2 3
6259 1 0
6264 4
6269 1
6273 4 2 4
2411 4
6284 3
6286 4
6290 4
6291 1
6296 2 4
9971 0 0
11121 0
6304 4
6306 2 2 2
6309 4
6312 4
6313 1 3
6320 1
6327 2 2 2
6329 3
8667 4
6337 0 1 0 0 0 0 1 1
6348 4
6354 3 4
10617 3
6362 3
6363 4
6364 4
6370 2 2
6372 3 3
6378 4
6382 4
6383 4 2 2
6392 0 0
3797 4 4
6400 4
6402 2
6404 4
6405 3
10625 1
6411 4
6415 3
6417 2
6421 4 3
6422 3 3
6424 3
6434 3
2438 3 1 2
6439 3
6443 2 3 4 2 2 2
6444 3
6446 3
6448 0
6449 3
8671 4
6456 0
6457 4 4 2 3 3
6459 0
6462 4 0 1
6465 1 1
6468 4
6470 3
6472 0
9271 2 2 2 2 2
6476 2 2
6479 1
6481 4
6483 3
6484 3 4
6488 3 2 4 2 3
6492 4
6493 0
6495 2 3 1 2
2944 3
6502 3 1
6503 3 0
6511 4
6512 0 0
6514 0
6516 3 3 1
6518 4
6522 2 2
6524 3
6525 4
6526 4
6527 4
6529 4 4
6533 3
6536 2 2 4
6540 3 4
6541 0
6543 2 2
10648 3 3 3
6551 2
6552 4
6560 0
9287 4 4 2
6576 0
6579 3
1097 4
6586 3 1
6587 0
6595 4
6598 0
6601 4 4
6606 1
6611 2 4
6612 3
6615 4
6638 2
6640 0
6642 4 4
1107 2
6646 3
6647 3
6649 2
6657 2 2
6660 4 3 4
6665 4
6667 4 4
6679 0 0
6680 3
6681 2
2663 4
6694 3
6696 4
6700 3 3 2
6705 1
6707 4 2
6709 1 4 3 3 2
6710 2
6711 0 0
6719 4
6720 1
9771 2 2
11135 0 0
6725 2
6726 2 2
6730 1
6732 0
6735 2
2562 3 3
7950 2
6742 3
6744 3
6746 0
6748 4
6758 3
6759 2
6768 2
10686 0
6780 3 3
6783 1
6787 3
6788 3
6790 4
6792 3 4
6794 3
6795 3
6799 4 4
6800 0
6802 4 2 4 3 1 4
6804 4
6805 3
6806 2
6808 4
6818 2 2 2 4
1137 2 2 2 2 2
6829 3
6831 4 4 3 3
6832 2 3
6833 3 3
1139 4
6836 3
10866 3
6839 4
369 0
6849 1
6851 4
6852 4
6854 4 2
6856 3 3 3
6857 3
6867 2 2 3
6869 0 0 0
6871 2
6873 0
6878 3 3 3
6880 4
6881 3 4
6887 3 4
6895 4 3 3
6896 4 4
6898 1 1 1 4
6899 3
6902 1
6904 3
6905 2
6906 3
6907 3
6908 2 2 2 2 2 2
6917 3 3 4 3
6918 4 4 3
6919 3
6921 4
6922 3
6923 3
6925 3
6928 2 3 3 2
10713 1
6936 2
6938 3 1
6941 2 2 0 1
6942 2 3
6944 3
6946 1 2 2
6947 3
6950 0
6961 2
6963 4 4
6968 2 2 2 2 2 2
6970 3
4051 4
6975 4
6977 3
6983 2
6984 2 2 3 4
6989 3
6992 4
6996 3 1
6997 4 3
6999 3
7007 0
7012 3
10726 4
7020 1 0
7023 3 3
7025 3
7027 3
7030 3
7033 4
7037 1
7041 3 3 3
7053 3
7055 2
7059 3
7060 3
10735 4
7074 1
7077 1 3 4
2545 0
7083 4 4 4
7086 4
7089 2 1
7090 3
7091 1
7093 4
7095 3 2 2 2 2
7103 4
7105 0 1
7113 1 3
7116 2
7117 4
7118 3
7119 1
7122 2
7125 0
7127 2 3
7134 0
7136 0 0
7140 3
7143 0
7152 3
9384 2
7154 4 4
7155 2 3 3
7159 3 4
7160 2
7161 2 2 2
7166 4
7169 0 0 0 0
9387 3
7174 3
7178 4 4 3
7180 3 3 3 2
7181 2
7185 3 3
7186 3 3 3 4 3 3
2563 3 3
7194 3 0
2565 2 3 1
7206 1 2
7207 1
7210 2
7219 4
1861 3
7224 3
1204 4
10762 2 3
7237 3 3 3
7239 3
7241 4
9399 3
7245 3
9400 4
7251 2
7254 3
2575 4
7264 2
2576 3
7266 3
7271 4
7275 4
7276 4
7282 4 1
10771 4 4
7288 3
7292 0 1
7294 3
7295 0 1
7307 3 4
7312 3 3 4 4 2
7314 2 2
7316 4
7319 2
7322 4
7329 3 0 4
7336 2
7345 4
7346 3 0 0
7348 4
7349 0
7352 4
7359 3 1 4
7360 3
7365 3
1609 3
7367 3 3
7368 3 3
7369 3
7371 2 2
7372 0 1
7377 4
7383 0
7384 3
7391 4 3 4 2
7393 4
7398 1 3 4
9425 2 2
7410 3
7416 4 3
7417 4
7419 0 1 0
7421 3 4 4
7423 1 0
7424 3 2
7427 4
7431 3 2 3 4
7434 1 1 1
7435 2
7438 3
7441 3
2606 3 3 3 3 3 2
7449 4
7450 3
7459 4 4
7462 2 1 0 3
7464 2 2
9436 4
7472 0
7474 3
7481 3
7484 2
7485 4 2 4 2 4
7490 0
7491 4 4
10806 4
7508 3
7510 0 3
7516 0 1 1 0
7518 2
7519 3
7520 2 2 3
7529 1 3 3
7530 1
7531 3
7532 4 4
7533 2
7534 3 4
7546 0
7547 2 4 3
7550 3 3
7551 3
7556 4
7558 1
7560 2 3
9799 2 2 2
7565 1
7571 2 2
7581 1
7582 3 4
7584 4
7590 4
7592 3
7593 4
7595 4
7596 3 1
7598 3
7599 3
7603 2 2 2 3
7604 0
7608 4 4
7612 4
7614 4
7615 0 0
4000 4 3 3
7618 2
5982 3
7624 1 1
7625 2 2 2
7626 3
7627 3 3
7629 4
7630 3
7634 3 3
7636 4
7638 3
7640 2
7641 1
7642 3
7648 4
1275 3 2 2 2 2 2 2 2
7653 4 3
7654 4
7656 4 3
9468 3
7664 4 2 2 2 2 2 2 2 2 2 2
10835 3
7671 1 1
10836 4 3 3 3
7674 3
7687 3 4
7691 4 4
7693 2 2
7694 2 4
7695 2 3
7697 2 2 2
7700 3
7702 4 4
7705 3
7706 2 2 2 2 2 2 2
7708 2 2
7723 2 3
7725 1
7727 3
7728 2
7743 3
10849 3 3
7764 4 1 1
9487 3
7772 3
7779 4
7785 2 2 4 3 4
10855 1
9490 3
7795 2 4
7798 3 1
7800 4
7803 3
7806 4 4
7808 3
7810 2
7818 4 4
7820 3
1305 4
7833 0
7835 1
7842 4 4
7844 4
7848 1
7853 4 4 4
7856 4 3
7858 3
7859 3
7860 2
7863 2
7867 4 2 2
7871 3
7872 4
8139 1
7876 2 3
7880 2
7887 4
7890 3
7891 2 3 3
7892 3
7894 4
7898 4
7899 4
7900 4
1580 2 4
9509 3
10356 0 1
7907 3
7911 3 3
7912 4 2
7914 0
7919 2
8147 2 2 2 2 2 2 2 2 2 2
7925 0
7941 2 2
7942 0 4 3
7943 3
7945 4
7946 4
7949 2 4 2 2
8448 2
7951 1
8152 3
8509 2 3
7955 4 3
7963 4
7964 4
7965 4 3
7969 2
7970 3 2
7973 3
7982 2 2 2
7985 0 1
7987 4 4
7993 3 3
7995 3
7999 0
8003 2
8006 4 4
4745 1
8018 4 2
8025 0
8031 3 4 3
8034 0 1
8035 4
8039 1 4
8040 2
8041 3 2
10898 4
8046 3
8048 2
8051 3
8052 4 3
8054 4
8057 4 4 4
541 4
8062 1
8064 3 4
1344 0
8066 3 3 3
8069 0 1
8075 3
8076 3
8081 2 4
8082 3
8087 3
8090 2 4
8092 3 3 2 2
8094 4 4
8096 1 1 0 3 2 3 3
8100 3
8106 0
8107 3 3 3
8112 2 2 2
8113 3
8115 1
8120 3
8134 4 0
9765 4 4 3
8141 3 4 4
6545 0
2723 3 3
8148 2
8151 4
10637 3
8155 1 2
8157 3
8158 3 2 2
8167 3
8168 1 3
8175 1
2728 3
8182 4
8184 3
9556 2
8186 3 4 4
8187 2
8188 2 3
