0 1
1 4
8195 3 3
5 3
8198 4 3 4
7 0 0
8 3
9 3 2 2
8202 2 4 4
8203 2 2 2
8204 0 0 3 0
13 1 3
8206 3 4
8208 0 0 1
3001 2 2
18 2
8211 4 3 3 3 3 1 1
20 1 3
21 4 3
22 2 2
23 4 2
2193 4 2 2 1
25 2
8218 2 2 4 2 2 4
8219 1 1
8220 1 1
8221 2
8222 3
31 3 3 4
8224 1 1
8225 1 3
8227 3 3 3 3
36 0
37 3
8230 3 1
39 2
41 0 1 0
8234 2 2
8235 2 2 2 2 2
8236 2
8238 4 3 1 3 3
47 3 2
48 4 4
49 1 1
8242 0
51 2 4
8244 2 2
8245 2 1 3 4 2 3 3 3 2 3 1 3 3
54 2 4
56 4
57 4 2 4
1746 2
59 0 0
8252 2 4
8253 2 3 3
8254 4
8255 2 4
8257 3 4 3 4 4
8258 4 2
67 1 3 1 3
8260 3 2 3 3 3
69 4 2 2 2 1
70 2
9569 3
72 4
8265 0 1
8266 4 4 4
8267 2 3
8269 2 3 4 3
9875 3
81 2 1
8274 3 3
83 3
84 2 2 2 2
86 0 0
87 3 4 3 3 4 4
88 2 3 3 0 0
89 3 2 0 2 2 2
90 4 3
91 2 2
92 3
8285 3
94 1 3
1381 4 3 3 3 4
96 0
97 2 2 2 2 1 1 3
98 3 3 2
99 4 3 2 2
8292 1
102 3 3
103 2
104 3
8299 3
9089 3
111 4 4
112 1 0 1
1384 3 4
8306 4
8307 1
116 4
10942 4
119 2 3
120 4
8313 3
8314 3 2
8315 3 3
8316 4 3 3
125 2 2 3
8318 0 1
8319 3 3 2 2 3 3
8320 2 2 2 3
129 0 0 0
130 4
131 3
8325 0 1
135 1 0 0 0 0
137 3
8330 3
139 1 3
141 2 4 4 4
142 3
9581 1 0 1
144 3
8216 4
146 4
147 2 2 3 3
9582 4 3 3 2 3
8342 3 3 2 2 2 4
151 1 2 4 3 2 2 2 4
152 4 3
2756 2 2 2
154 3
8347 4 3 2 2 3 1 1 1
156 4 4
157 1 4 2
158 2
10949 2
8352 3
161 3 3
162 1
163 0
164 1 3 1 0
5891 2 4 2
166 4
167 2 2
168 1 1
170 1 1 1 1 0 0
171 3
172 3 3 3 2 1 2 3
173 2 3
174 3 3
175 2
176 4 4 2
8369 2 2 4 3 4 4
8370 1 1 4 3
6163 2
181 1
182 3 3
186 3
8379 4
8380 2 2
8382 2 3 3
8384 3
8385 2
194 1
195 2 2 2 3 2
8388 3 2 2
8389 1
198 4 2 3 2
8391 2
8393 3 4
203 1
204 2
205 3 2
207 3 3 4
208 4 4
9592 4 3 2
212 1
8406 0 0 1 1 1
215 0
8408 4 3
217 3
218 2
8411 4
220 1
221 1
8415 2 2
1147 3 3 2
226 3 1 3 3 3
8419 4 4
228 2
231 1 2
234 2
235 3 0
236 3
10962 4
238 0 1
9597 4
241 0
242 2 3 2 2 0 1 2 2 4
8435 3 4 3
1606 0
246 1 3
8439 2 4 3 3 3 3 4 3 3 2
248 3 4
8441 2 3
250 2 4 4
251 3 3 2
42 3
8446 1
256 3 1 0
258 3 4 3 3 2
259 3
8455 3
264 3 4 3
8457 2 3 3
266 2
8460 0
8461 2 2
270 1 1 1
271 3
8464 2 2 2 2
273 2
274 1
275 4
8468 4 4
277 0 2 0 1 0
278 3
279 4 4
281 4 4
282 3
4143 1 0 0
2778 1 3
8479 0 0
288 2
289 2 3 4 2 2 2 2 2 2 2
8482 3
291 2 2 2 2
292 3
293 3
294 3 2
295 3 2
296 3
297 2 2 2
8490 4
9607 0 0 0 1 0
8493 1 1 0 0
8494 3 4
8495 3
304 2
306 3 4 4 3 3
307 2 3
1374 3
8501 1 1
310 4 4
8503 2
312 4 2 3 3
8505 3
8506 4 2 2 4 4
8507 1 1
8508 4 4
317 1 2 2
318 3 3
53 2 1
8515 2
324 3 3 3 0
8246 3 3
326 3 3
8519 2 3 2 3 2 2
328 4
1420 3
8522 2 3 1
8524 4
8526 4
8527 3
8528 3 3 4
8530 4 2 4
8532 3 2 3
9013 3
343 4
8536 3 3 4 4 3 3
8537 4
346 1 1
347 4
348 0 1
349 2 3 3 1 3 3
10981 3
352 1 1 1
353 3 1
9559 4
355 0 0 3
356 4 4 4 4 2 4
357 2 2 0 3
8550 1 3
359 4 1
8552 3 2 2 2 2
60 4 3
8554 3 2 3 3 3 2
363 3 3
365 3 2 2
61 4 3
8560 4
369 0 1
371 4 4
285 3 3
8565 3 3 2 4
8566 4 4
8567 1
8569 2
378 2 2
379 2
380 4
8573 3 2
382 4
8575 0 0 1
8576 1 1
385 3
8469 0 0 0 0 0 0 0 0
8581 2 3 3 3
390 4
391 2
392 3
393 2 0 2 3
394 4
8587 3
397 0 0 1 0
8590 4
400 3 2 2 2 3
8593 2 1 4 3 2 2 2
8259 3 4
8598 3 3 3 2 2
409 3
8602 1 0 1
8197 3
413 0 0
414 3
8607 1 1
8608 3 4 4 2 2 2 2 2
417 2 2
418 4 4 4 3 4 2
8611 3 4
8612 0
421 2 3 2 3
10993 2 4 2
424 4
1436 0
426 0 4
427 0
8621 2
8622 1 1
8623 2 2
432 0 1
433 2 2 2 3 3
434 3 3 3 1 3
436 3 3 1
437 3
8630 2 2 4
8632 2 2 2 2
441 3 2 3
442 1
443 3 1 1 1 4
8636 1 2 4 0
445 3 4 3
446 2 2 2 2 2 2 4 2 2 2 2
2805 4 4
448 3 2 4
449 4 4
451 1 1
452 2
453 1 3 0 1 1 1
8646 2
455 2 2 2 0 1 0 1 1 3
456 1
8650 3 3 3 3
8651 0 1
460 2
461 2
8654 2 2 2
463 2 2 2 2 2 4 4 4 4
464 3
8658 4
467 4 4
468 4 4
8662 2 4 2 2 2 2 1 3 0 1 2 2 2
471 3 3 3 3 3
472 3
473 2
474 1 0 1
8667 3 3 2 3 3 3
476 3
477 0
478 2
8671 4 2 4
480 1 1 1 1
481 1
8674 3 4
483 4 2
8676 4
485 3
8679 3
488 4 2 2 2
489 2 2 2
8682 1 1 1
491 3 4
493 0 0 0
495 3 3 4
8689 3 4
8690 4 3
499 4 4
500 2 3 4
8695 3
504 4 3 3
8699 4 3 3 3 3
8701 1
511 4 4 3 2
8705 3
514 4
515 3 3
8708 3
518 3
8711 3 4 4 4
521 1 0
522 2 3 3 4 4
524 1
526 2 4 3 2 3 2
8719 4
8722 4
531 1
532 4 4 4 2 4
533 3 4 3
8726 0
8727 2 3
8730 4 4
1455 3 2
542 2 1
543 4 2
8736 1
546 4 4
547 3 4 0
8743 4
8744 1 1
554 4 4 4
555 3
8748 3 4 2
557 0 1
8750 2
93 4 3
8752 4 4 3
2824 4 3 3 3
562 2 2 2 2 2 2 2 4 4 4 3
1459 1 0 0
564 0
8286 1 2
8758 2 4 2 4
8760 3 2 4 4 4 4
8761 4 2 2
570 2
95 3
572 2 2 4 2 4
8765 3 3
8766 0 0 1 1
5557 3 0 1
576 2 3
8769 4
8771 1 3
8772 4
8774 2 1
8775 4 1 0 0
8776 3 1 1
8777 4 2
8778 0
1463 3 3
588 4
589 4 4
8783 0 1
8784 4 3 4
8785 3 4
595 2 2 2 2
596 0 1
8791 0 0 0 1 0
601 3
8794 2
603 4 2 3
8796 1
8797 2 3 3 4
606 1 1 1
8799 4 4
8800 1 1 3 3 2
11024 4 4
610 4 3
8803 1
8804 4
613 3 2 1
8806 3 3 3 1 3 1 4
2833 1 0 1
618 4
619 1 1
10659 2 3
8814 2 3 3 3
623 4 3
624 1
627 0 1 2
8820 2
8821 2 4 2 2 2
8822 4 2 4 4 4
631 1
8824 3 4 3
634 0
8827 0 0
8828 0
637 0
8830 1 3
8831 4 4 3
8832 3
641 0
8834 4
643 4 2 2
645 0 1 0
8838 3 3 2 2 2 4 1 2 2 2
1473 3
648 2 2 2
8841 4
8842 1
8843 0 4 2
9666 4
8847 3 3 3 1 4 3
656 2 3
8849 2
659 2 4
8852 3 0 4 4 1 4 3
8853 3
8856 4
8857 3 3
8859 3
668 3
8861 2
670 2
671 3 3
672 1
8304 3
1150 2 1
8868 3 1 3 0 2 2 1 2 2 0 1 1 1 0
8869 4
8870 2 2 2
679 3 4 3
579 4 4
8873 2 4
8875 4 3
684 4 3
8878 2 2
8879 2
830 1 0
691 2 2
692 3 3 4 3 3 4 2 4
2846 1
8886 3 3
695 4
696 1 4
8308 3 4 3
8890 3 1
8891 3
8892 4 1
701 3 4
8894 1 3
703 3
704 3 3
8897 2 4 4 2 4 2
706 1 1 1 1 0
707 3 4 2 4 4
8900 3
8901 0 3 4 2 3 2 2 3
8902 0
9661 1 2 4 2
712 2 4
8906 3
7799 2
8908 3
8909 2 2 2 2
8911 1 0
8912 3
8913 2 4 2 4
8914 0
723 4
8919 2 3 3
8921 4 4 4
9679 2 3 4 2 2 1
732 1 3
8925 3
734 3
8927 2 4
8929 4 3 3 4
738 4 3
8931 2
8932 3 3
8935 2 2 2
8936 4
8938 4
8939 3
748 2 2 2 1
8481 3
751 1
752 1 0
6952 3
754 2 3
755 4 4 4 4 2 4
756 1
8949 1
8950 2 4
8951 4
9684 0
762 4
8955 0
8957 2 3
767 2 2
768 0
8961 4
8964 2 2 2
773 4 3 1 3 3 3
774 0
8969 1 4 1
8970 0 0
779 2
2861 4 4 4 4
784 3 3
8978 3
787 3
8981 4
8982 2
8983 1 0 0
795 3
8988 4 4
797 4
798 1 0 3
799 3
8992 3
801 2
8997 3
8998 2 2 2 3 2
807 2 4 2
808 3
809 1
9002 3
9004 2 4
815 1 1 0 0
27 3 2 3
817 4 2 2
818 3 3
819 2 3 4
821 3
822 3
9015 3
9017 0
9018 1 0
9019 4 2 3
828 1 1 0 1 3 4
829 3 4 1
9022 3 3 2
11061 3
9024 2 2 3
9025 2
9026 3 4 4
835 2 4 4 3
838 3 3
1505 4 2 2
842 3 4
9037 1 1
9039 3
9040 3 2
9041 2
850 2 2 2 2 2 2 2
851 2
852 3
853 2
854 3 4
9048 3
1508 3
858 4 2 2 2 2 2 4 2 2 2 1 2
9051 4
9052 2 4 4 4 3
861 2 3 4 3 3
862 4 4 2 2 3 1 3
9055 4 1 3 4
9056 0
8336 3 3
9058 0
11067 3
868 3 2 3
9061 1
9066 3 2
875 0
9068 2
9071 4
9072 4 3 4
9704 4
9075 4 3 2
9076 4
885 3 1
886 2
887 4
888 3 3
9081 3 3
9082 4
9083 2
892 0 0 0
9085 2
9087 1
897 4 4 3
898 4 4
900 4
901 2
903 3
9097 3 3
906 3 3
907 1
1394 3 3 4 4
9102 4 3
8239 1 3 2 2 2
9104 3 4
913 2 2 2 2
9106 3 3
9107 1 1 1
916 1 0 0 1
9109 1 1
9111 0 0
922 1 1
923 1 3 1
9116 0 0 1 0 0 0
926 0
927 4 3
9120 4
9122 3
155 1 4 4 1
932 1
933 2 2 4
934 3 4 4
9127 2 3 4 2 3 3 3 4 4
9128 0 1 0 1
9129 0
938 4
11079 0
940 4 3 2
9134 0
943 3
9137 2 2 2
946 2 1 2
947 3 3
9140 2 2 3
9141 4
9142 1 3
9144 1
9145 3
9579 1
956 3
9150 1
9153 0
962 0
11083 2 3 2
967 3 4 4
9160 3 1 0
11084 1
9162 0 1
9163 3
9164 4 4
973 1 1
9167 3 3
9168 4 2
9170 3
9171 2
981 2 4
982 2 2 3
9177 3 3 4
988 3
989 3 4 4 4 2
165 2 2
992 2 3 4 2 2 2 2
993 0
9186 2 2 3 3
5627 3
996 2 2 4
997 2 1
9190 3
11089 0
9192 2 2 4 4
9724 2 3 2 2 3 3 3 4
1002 4 3 3
9195 1 1 1 1
1004 0
1005 4 2 2
9199 2 2 4 1
1008 3
1009 4
9202 2 2 2
1011 3 4
9204 2 2
1013 4 3
1014 4 2 4 2 2 4 4
9208 1
2900 1 3 3 1 0 1
1018 0 3
9211 3
1020 0 0 0 0 0
1021 2 4
9216 0
9217 3 3
1026 3
1027 4 2 4 4 4 4 4 4 2 3
9220 1
11094 2 4 2
1030 2 0 1
9729 0 0 0
1033 0 1
9226 4 3
9227 1
1036 0 1 1
9230 3 3
8365 2 3 2 4 3 3 3 3
1539 1 1 2
9236 1
1045 0 1
9238 4 3 3 4 3 3
9770 4
1048 2 2 2 2 2 2 2
9241 3
9243 3
9244 2
9245 4
1054 3
9247 2 2
9248 2
1058 4
9252 4 0
9253 0 3 3
9254 1 1 0
1063 0
1065 1
9258 2 1 2
9260 4
2909 2 3 2 3 2 2 4 4 2 2
1073 4 0
9266 2 2
1075 1 1 0 1 1
1077 2 3
9270 4
9272 1
9274 2 3
1083 3
9276 0 1
1086 1 1 1 0 0 0
9280 4
1089 1 3 0
1091 3 2
1093 3 3 3
9286 1 1 0 1
1095 0 1
9288 2 2 3 2 2 2 2
389 0
9292 3
1101 3 2 2 2
1102 1 1
9295 4
9298 3 4 3 4
9299 0 1
1109 1
9302 1
1111 3 2 2
9305 4
1114 0 1 0 0 0 1
1116 4
1117 0 1 1
1119 3
1120 1 1
9313 3
9314 0
2135 3 0 2 4
1126 2 2 4 3
1128 4 4 2 4
9321 3 2
9323 2 3 3 2 2
9324 3 1 3
9325 4
1134 2 3
9327 3 4 3 4
9328 2 2
1137 3 2 2
9747 2 2 0 0 1
1140 3
190 1 0
1142 4 4 2
1143 4
1144 2
1145 1 1 3 1 1
9339 4
9340 4
11114 2 3
9342 3 2 3
1152 2 2 3 2
192 0 1 0 1 1
9346 4 2 4 4
9347 4 3 4
1157 1
1159 1 0
9352 1 2
9353 2 3 3
1162 3 3
1163 3 2 2 2 4
1166 1 1 3 1 0 0
9362 3
9363 1 1 0 0 0
1172 0 0 1
1173 4
1174 2 3
9367 4 4
2790 1 0
196 0
9371 4
9372 2
1181 4 2 4
9374 1 0
1187 3 3
9380 1
9381 2 1 0 0 1
9382 2
9383 3 3
9384 2 4 2 3 3
9385 0
3464 2 2 2 2
9388 3 3
9389 4 2 3 4
9390 4
9757 4
9392 3 4 4
1203 3 3 3 2 3 3 4 2 2 3 2 1 3 4
1204 4
9398 4 4 4 4
9399 3 4
9401 2 2
9402 0
9404 4 4
1213 3 3 2 2 3
9406 4 2 2 4 3
9407 3 4
9410 3
9411 1 0
1220 3
1221 2 2 4
1222 4 4 3
9415 2
9416 3
9417 3 2 2 2 3 2
9418 4 4 3 4
1228 1 4 4 3 3
1229 2
1230 3
9423 4 3
9861 2
9425 2 4 2
1234 4
1235 3
1238 0 0 0
9432 0
9433 2 4
9434 3
4303 4 4
9436 3
9437 0 1 1
1248 4
1249 0
9442 2 3 4 3
9444 0 0 1 1
1253 4
9446 3
1255 2 4
9449 3 4
1260 3 3 4 3 4
1261 2 2
9455 1
1576 3 2 2
1266 0 0 0 0
1267 1
9461 3
1270 3 3
9463 3
9464 1 1 1
9465 2 2 2 2 2 4
1275 2 2
9468 1 3 3
1277 0 1
1278 2 2
9471 3 4 4 0 3 2 0 3 2 2 2 2 2 2
1280 0 1 0
1282 4 4 2 3 3 2
1283 2 2
1284 3
214 4 3
2945 4 4 3 4
9480 1 2 4
9481 3 3 2
1290 1
1291 3 1
1292 3
9485 3 2
63 3
1295 2 2 2 2 4 2
1296 1 1 1
43 2 3
1298 3 3
1299 1 0 3
9492 0
1582 3
1302 0 1
8409 4 4
11140 3 3
1306 2 3
9499 1
1308 4
1309 3
1310 3 3 4
9503 1 3 1
9504 3 2 2 2 3
1313 2 2 2 2
1314 4
9508 3
1317 3 2 3 3 1 3
1318 3 3
1320 2 4 2 4 2
9513 3
1323 0
1324 1
9517 3
9518 1 1
9519 3
1328 4 4
9521 0
1330 3 4
1331 4
1332 0 1
1335 3
7955 3 3
9529 0 1 0 1 1
9532 2
1341 4
9535 3
1345 3
863 1
1347 3
1348 1
9541 1 1 0 0 1
1350 0 0 0
9544 1 3
1353 3 4 4 3
1354 2 3
9547 0
9548 4 4 4 2 3
9549 2 4 4 2 2 2 2 4 2
1358 4 0
1359 2
9552 3 3 4 4 3 2
9553 4 4 3 3 4 3
1363 4
1364 1
2958 0
1367 2
9562 3
11151 4 4
9564 3 4
1594 4 3
9566 2 4 4
1377 4 3
1378 2
9571 3 2 2 3 2
1380 1
9573 2
9576 4 2
9577 4 2 4
1386 2
1387 3 3
1389 3 0 0 0 1
1390 1
1391 2 2
1392 2 0 3
1393 3 3 4
9586 4 2
9587 3
1399 1
1400 1
1402 2 2
9595 1
9596 0
1405 2 4 2 3 2 3 3 4 4 2 3 2 3 4
9598 3
9599 4 4 2 2 2 2
9602 4 3 4 1
1411 3
1412 4
1414 3
1415 1
1417 3
9610 2 3 2
1419 2 2
9612 3 3
1423 1 0
9616 4 3 4
9617 0
1427 4 4
1428 3 1
1429 1 4 1 4 3 0 3 1 1 0 2 2 4
9622 1 0 0
9623 1 3
9624 4
9796 0 1
9626 3
9628 2
1438 4
9631 3 2 4 4 3
9634 3
9635 2 2 3
1327 0
1446 1
1447 2 2 3 1 2 2 2 3 2 2 2 4 2 2 4 2 2 2 2 2 2 1 2 2 3 2
5571 4
9642 0 0
9643 4 4
9645 4 4
1454 4
9647 2
9648 4 4
9649 2
9650 0 0
9651 4 2
1460 4
9653 3 2
1462 2 4 2
9801 2 3 2 2 2 3 2 3
1464 2 1
1465 1 2
1466 3 4
11167 2
1468 3 3
1469 0
9662 0 1
1471 4 3 2 3
9665 4 3 4 4
1474 0
1477 3 1 3
9671 3
1480 3 4
9673 3
1482 2 4 3 3
1483 3 3
9805 3 4
1488 4
1489 1
9683 3
1492 2 2 2 2 2 4 3 4 4 2 4 3 2 2 2 3 3
9685 4
1494 3 3 3 4
1497 4
1498 3 3
1499 4
9692 2 1
1503 4 1
9696 2 2 2
9697 3 3
1506 4
9699 3 3
9700 3
9702 4 4 4 3
1511 4 4 2 4 3
1512 4 4 3
1513 2
1515 3
1516 2
9709 2
9711 3 3 4
9811 3 3 3
1524 4
9717 2 4
9719 3 3 3 4 3
1528 3 3 3 3
1529 3 4 2
9722 4
10 1 2
1532 3 3 3
1533 4
9727 3
9728 2 2 2 2 2 2 2 2 2 2
8448 4 4
1538 1
9731 1
9732 4
9733 2
9734 3 2 2 2 2
9735 4
11180 3 3 3
9738 3 3
1547 2
9326 2
1550 4
9743 4
9746 2 2 3
8451 2 4
9748 2 1 2 1 1 3 1
1557 0 1
1558 2 2 2 2
1560 3
9754 1
9755 4 2
9756 3 3 3 4 2 2 2 2
1565 3 0 1 0 1
9758 2 2 2 3
1569 3 2 4 2
9762 0
1571 1
9765 3
1574 4
1575 3 2 1 3
9768 4 2 3 2
1577 4
1578 2 3 2 4 2
9771 2 2 1 2
1580 4 3 2
9773 4 3
9774 4 2
9821 3
1584 1
1586 2 4 4
9779 1 0
9781 3
1590 3
10568 1
9784 2
1593 3
9786 2 2
9823 3 3
1596 3
1597 2 4 2
1599 4 3
9285 2
9824 4
1602 3
9795 4 4
1604 2 4
1605 3 3
9798 3 2 4
9799 3 3 3 4 4 4 2 2 3
9800 2 2
268 3
9802 3
9803 0
1612 4 2 4 3 4 3
1613 0 0
9808 1 3
1617 3 3
1618 1 1 0
1619 2 0
9812 2 3
9813 3
9815 4 4
1625 3 2 3 3
9818 4 3
1629 4 3 2 4 3 4
1630 2 2
11186 2 2 2 2 3 3 3
1632 3 1
9827 3
1636 3
1638 2 4 3
9831 4 3 4
9832 0 1
9833 1 0
1639 3
1646 1 0 0 0 0 0
1648 2 3 1 0 2
8511 1
9842 2 2 2 2
1651 4 2
9844 0
1653 2 2 2 2 2
1656 3
276 1 2
1659 4 4
1660 2
1661 1 0
9854 3 3 1 4
9855 4 3
9856 3 1
1692 2 2 2
9835 3
1669 4 4 4
1671 3
1673 2 1
9866 4
9867 0 0 0 0
1676 0
9869 2 2 3 3
1678 2
1680 3 3 3
9873 3
9876 2 2 2 3 4
1683 1 1
2959 4
1685 4
1686 1 0 0
1687 4
9880 0 1
1690 3
9884 4
9885 2
329 3
9888 3
9890 3
9331 3 4 4
9892 4
1701 4 4 3
9897 3 1 3
1706 4
4631 1 1 1
9900 2
1710 3
9903 0 1 1
1712 0 0
1713 1 4
9907 1 2
9909 0
9910 2 1 2 2 3 3 4 2 3 2 2 2
1719 2 2
9912 4 4 3 4
1721 3
9914 4 4 4 4
9059 3
1724 4
1725 2 3 3 4 4 4 3
9919 3 3 3 4 4
9921 4 3
1731 1 1
9924 4
8241 3 4 4 3
1735 1 3 3 3 3
9929 3 4 3 3 2
1738 3 4
1739 1 1
290 2 2 2 2 2 1 2
9936 0
9848 3
9938 1
9940 3 3
1749 3 3 3 3
1751 4 4 3
9944 2 3
9946 3 4
1755 3 1 3
1759 4
1763 3 2 2
1765 4 4
1766 3 2 2 3 2 2 2 4
9959 4
1768 4 4
9962 1
8487 2 3
9964 4 4 4 4
1773 4 4 4
1776 2
9972 2 2
1662 3
9974 3 4
8489 4
1784 1
5631 3
9978 3 3 3
1788 4 4 3 4 4 4 4
9981 4 1
9983 2 2
10698 0
1664 2 2
1796 4
9989 4
9990 4
1799 0
9992 2 2 3 4
9994 2 4 4 3
9858 4 3
1806 1
9999 4 4
10000 3 2
1811 0 0 0 0
2788 4
10007 3
1816 2
1819 3
1820 3 3 4
1822 2 2
10015 2
8496 3 3
10018 3
10019 1 3
1830 4 4 4
10024 4 4 2 0
10025 0
10027 2 3 2 3
8498 2 4
1839 0
1425 0
10033 2
10035 3 1
1844 2 2 2 2
10427 4
10038 3 3
1848 4 3 4 4 4 2
308 1
1850 0
10043 4 4 2
10046 4
10047 0 1
10049 4
1858 3 3 0 1
1859 4 4
10052 2 2 2 2 2
10053 3
10054 2
10056 3 3
10058 2 1
1867 3
10061 2 2
1871 3 3
1872 2
10065 0 1
1874 3
1875 0
10068 2
10069 2 4 4
1878 2 2 2 2
1879 2
1880 2 0
10073 3 2 3 1 2 3 2
10074 1
10075 4
1884 3 3
1885 4
10078 0
10079 4
9872 1
1890 1
315 4
1895 2 3
10088 2 2
10089 4 3 4 4
10091 2 3 2
10092 2
10094 1
2791 3
10096 4 2
10097 3
1906 0 1 0 1
10099 0 0 1
10100 3 4 4
1910 1 1 1 3 4 3
1911 3 3
1912 3 4 1
10105 4
10106 2 4 3 2
1915 3
10108 3 1 3 2
1917 3 3 2
10110 2
1919 4
10113 3
10115 2 4 3
10116 4 4
1926 4
1927 2 4
10120 4
10121 4 2
5783 2
1936 3
10129 0
1938 0 4 1 3
323 2 2 2 2 2 2 3 3
10132 1
10134 3 3
1943 1 1 1 1 1 1 3
1944 3 1
10137 4
7151 4
1950 4 3
10143 3 4
1953 2
1955 0
1956 4 4 3
10149 4 3 4 2 4
1958 3
1959 1 0 4 4 4 1
1961 3 0 3 1 3 4 3
10154 4
10155 3
1965 1
10159 0
1968 3
1969 0 1 1 2 2 2 2 1 2
10162 1
1971 3 4
1973 1 3 3
10166 2 3 2 2
1975 3 3 3 4 4 4 3 3 4 3 2
10168 2
1977 0 0 0 3
10171 3
1980 3
1981 0
10174 0
10175 2 2 2 2 2 2
1984 1
1986 2
1987 2 2 3
10180 3 2 2 3
10182 3 2 3 3
10184 4 4
332 2 2 3 2
10187 4 2
6606 0
1998 3 3 4 4 2 4
10191 4 3 4
10192 3 3 3 4 4 3
10193 2
2003 2 1 2 0
2004 0
10197 3 2 4
2006 1
2007 3 3
10200 3
10201 3
10202 4 4
2012 1 1
2013 3
2014 4
2015 2 4
2016 3 4 3 4 3 3 2
336 1
2020 4 2 4 2
10213 0
10214 3 3 3
2023 2 2
2024 1 0 1
2025 4 4 4 4
10218 3 1 3
2027 3 3 3
10220 2 4
2030 2 4 3
6887 3 2
10224 1 0 1 3 4 2 3
10225 1
10227 4 2
9615 2
2037 1 3
10230 3
2039 2 1 2
10232 4 2 1 2 2
2041 3 4
10234 2 2 2 2 2
2045 0 0
10238 2 2
2047 3
1530 3
2049 1 1 0
10242 1
2051 2 3 2 2
2052 1
2053 2 3 3 2
10246 4
2056 4
10249 3
10251 0
2060 3 4
10253 2 2 2 2 3 2 3 2
10254 0
319 4 4
2064 4 3 3 3 2 2 2 3
2065 3 0
2066 3
10260 1 1 1
10263 4 4 3 4 2 4 4 3 3 4
2073 4 3 3 2
10266 3
1711 4 4 4 3 2
10268 3 2
10269 1 0 0 0 0 1
10270 0 0
10273 2
10276 3
10277 0 1 1
2086 1 3
2087 0 1
10280 1
8540 4 4 3
10282 3
2091 4
2092 3
10285 3
10286 2 4 3 3 3
2095 2 4 2 3
10288 2 2
10289 3 0
2099 3 4
10292 3 3 3
2101 3 4
2102 2
10295 3 1
10296 4 3
10297 2 2 3 2 2
2106 3 4
10299 3
10300 4 2 2
2109 0 0
10303 0 1 4
10304 1 3
10305 0 0
2115 2 4 2
10309 4 3
2118 1 0
2119 4
2120 0 3
10709 4 4 4
9911 3
2126 2 2 1 2 2 2 2 2
2128 3 3 3 2 0 1 2 2 3
10321 4 4
2130 1
2131 4
10325 4
10326 3
10327 1 1 3
8548 3 4
10330 0
44 1
10332 3 3 3 4 2
10333 4 4
10334 3 4
8549 4
10336 3
2145 4 4
10437 1
10340 0 1 1
358 0
10342 4 4 3
3089 0
2152 3
10346 2
8551 1 0 2 0
2156 4
2158 4
10351 4
2160 2
287 4
2162 4
2164 3 2
10357 3
10358 2 2
361 3 4
10360 3 3 4 3
2169 4
10362 0 1
10363 0 0 1 1 0
10364 3
2173 4 3
10366 3
2175 3
669 4 4 3 3 3
2178 2
2179 1
2180 3
2182 2 2 4
2183 4
10377 4
2186 1
10379 3
5826 4 3
2191 3 3 3 2 2
2192 3 2
10385 0 0
2194 4
2197 1 1 1
2198 2 4 4 4
2199 4
2200 1
2201 3 4
2202 4 3
10395 3 3
10397 4 4
10398 4 3 3
10400 1 1
2209 2
10402 4 4 2
2211 2 4
10404 4
2213 2
8561 3 2
10408 4 4
2217 4 2 2 0 2
2218 3
10411 3 0 3
10412 0
2221 3
2222 3
2223 3
2224 1 0
10417 2
10418 0
10419 3
10420 3 3 3
2229 2 4 4
10423 2 3 2
10424 0 0
372 4 3
2234 3 4 4
2235 1 1 1
10440 1 3 2
10429 3 4
11165 3
2241 3
2242 3
2244 2 4 4 2 4
374 3 2 1 3 1
10438 1
10439 3 3 3
8509 4
2249 4
2250 0
375 4
2252 3 3 4
2256 3 2 2 1
2257 3
2258 2 2 4
2259 3 3 3
1439 1
10453 3 4
10454 0
2264 0
2265 0 0 0 0 1 3
10458 2 2 2 2 2 2
2267 4 4
2268 2 2 2
10462 4
10463 3 4 4
10714 3 3
10465 2 3 2 2 2
2274 2
10467 2
10469 4 1
10470 0 0 0 0 1
8572 0 1
10474 0
10475 2
10477 1 1
2286 4
10479 3
2288 4
2289 1
10482 4 3
2291 1
10484 0 1
10485 1 0 0 0
2294 0
10487 4 3
2296 2 2 2 2 2 4
10489 3 1 2 3
10491 2 3 2 2 2
2300 1
10493 4 4 3 4 4
2302 3 3 3
10496 3 3
10497 2 3 1
10498 3 4
7211 2
2308 2
10501 2 4
2311 1 3 2 2
2312 3
2313 4 4
10506 1
10507 2 4
10509 1 1 4
77 3 3
2319 3
2321 4
2322 4
2323 1
10516 3
10517 2 2 3
10518 2
10520 1 0
10521 2 4
2330 1 1 1 0
2331 4 4 4
2332 3
10525 3 3
8261 2 4 2 2 2
10527 2 2
10528 1 0
2339 2 2 2 2 2
10532 1
10533 0
10534 3 2 0
10535 3 4 4 3
10537 3 3 2 2 3 3
2346 3
10539 1 0
10540 4 4 4 4 3
2349 0 1 0
10542 4
10543 3
8584 1 2
10546 4 4 4 4 4 4 4 4 4 4
10547 2
10548 2 2 2 3
10549 0
10551 1 3 3
2360 2
2362 3
9951 3
2365 3 3
10558 3
2368 4 3
10561 1
2370 1 0
2371 2 3 4
2373 3
10567 3 3 3 2 2 3 3
2376 1
2377 1
10570 0
10571 2 3
2381 0
2382 3
2383 3 4 4
2384 3 2
10578 2 3 2
2387 2 4
2388 2
2389 2
2391 3
2392 3
10585 0
8263 4
2395 3 3
2396 1 1 0
2399 0 0 2
10592 4 2 3 2 4
10593 0
2402 3 3
2403 3 3 4
10596 3
10597 2 3 1
2406 4 3 4
401 2 3
10600 3 4
10602 2 3
2411 3 3 4 3 4
10604 2 3 4
2413 4 4
10606 2 2 3 3 4 4
10607 1
10608 3 1
2417 3 2 4 3
2418 3 3 2
2419 0 3 1 0 0 0
2421 3 2 2
2422 1 0 1
2423 1 3
10617 3
2427 2
2428 0 1 1 0 1
10622 3 3
2432 0
2434 3
2435 3
1607 0
2440 3 0 1 1 0 0 0 0 0 1
10633 3 2 2 3 2 3 3 4
10635 2 3 2 2 2 2 3 3 3 1
10636 4 4
2445 2 4 4 3
2446 1 0
10639 1 0
2448 3
5537 3 4
10642 2 4 4
2451 2 2 3 2 2 2 2
10644 3 3
10645 3 3 3 2
9725 4
2456 2 2 3 2
2457 3
10652 1
410 0 0
10654 3 1 0 2 2 2
10655 2
10656 2
9968 4
2466 2 3
2467 2
2468 2 3 1 2 2 2
2469 2
10662 2
10663 2 2 3 2 2 2 3 2 3 2 3 2 2 2 2 2 3 2 2 2 2 2
2472 3
2473 2 4
2474 0
10667 2
2477 3 1 3 3 3 3 1 1 3 3
10670 2
8605 0
2480 3
10673 3
10674 3 1 1 1
2484 3 3 0 3 2
2485 4 4
2486 3 3 3
10679 4
1780 0
10682 3
415 4 4 2 3 3
2492 3
10688 0 1
416 3 2 2 1 1 3 0 0 1
2498 0 0
10692 3
10693 2 2 3
2502 2 4 4
2504 1
10697 2
2506 4 4 3
1720 3 3 4 4 4
10702 3 3
10703 3 2
10704 2
10705 1 1 3 1 3
10706 3 3 3
2515 3
2517 1 4 1 0 0
10710 1
2519 3
10712 0
2521 3
2522 1 1
10715 1 1 0
2524 1 2 1 0
10717 4
2526 2 2
10719 4
10720 2
2529 4
2530 1 1
10723 1 4
10724 4 2
2533 2 2 3 2 2 2 3
10726 4 4
8582 3 3
2536 2 3
2537 3 2
2538 4
423 2
2540 4 3 2
2541 0 3 0 0
2544 1
2545 0 0 0 1
10738 2 4 4 3 4 3
2548 1
2549 3 4
2550 1 3 1 0
2551 2 2 0 0 2 0
2552 3
9905 2 4
10746 2 2
2556 2 2
8618 2
10751 1 0 1 0
10754 2 4 2 2
10755 3 4 3 2 0
2565 2 3
10451 0 0
9985 4
10760 4
2570 1
7255 2 2
2572 2 3 4 3
429 4 4 2 3 3
3359 2
10769 1 1
2579 2 2 4 2 2
2580 4
10773 3
2582 3
2583 1 1 1
10776 3 3 0
2585 4
2588 3 1
2589 4
10782 4
2591 3 4 3 4
10784 2 2 3 4 3 3 0
2594 4
10787 4 3
2596 3 3 3 3 2 3
2597 1
2599 3 3 4
2600 4
2602 3
10795 1
2604 1 0
8626 0 0
10798 4 2 4 1
905 0
10801 2 3 3
10802 0 0
10803 3
10804 2 2 2
2613 3 4
2615 0
10118 4 4
10810 0 0
2619 2 3
2622 1 3 3 1
2624 0 1
360 1
10821 4 3 3 3 2
2630 2 3 3
10823 3 2 0 2 2 0 0 1 0
2632 2 3 2 3
10826 3 3
2635 2 2
2637 3
10830 4 3
10833 3
10834 4 2 4
2643 2
10836 4
2645 3
8633 0 1
2648 2
10841 4 4
10842 1
10843 0 1
2652 3
10846 3
10847 2 2
10849 3 3
2658 0
10852 1 2 4 3
2661 3
2662 4
10855 2
10857 0 1 0 0
10859 1 1
10863 3 1
2672 2 3 3 2 2
2673 2 3 2
10866 4 4
2675 3
2676 4
10870 1 0
10871 3
10872 4
2681 1 0
10874 2 3
2684 4
10878 4 4
10879 3 4
2688 3
2690 4 4
2691 2 2 2
2692 2
10728 1 3
2694 4 4 4 3
10887 3
10888 1
10889 3 2
10890 4 1 4 2 2
11001 4
2700 3 3
10893 2
10897 3 4
2707 0 0
2708 3 3 3
2709 3 1 1
2710 2 4 2 3
2713 2
10908 1 1 0
10909 4
2718 1
8645 4
10914 3 3
10917 4 4 3 3
2726 2 2
2727 3 3 3 3
10922 2
8647 3
10925 2 4 3
8819 3
10928 0
2737 4
10930 1 1
10931 2
10932 3
10933 2 2 2
2742 2 0 0
2743 4
10936 4 2 2 2 3
10937 2 3
2747 3
2748 0
10941 3
2750 4 3
10945 0 1 1 1
2754 4
2755 0 1 0
10948 4
9639 0 4 3 4
10951 3 1
10952 0
8652 3
2762 4 3 3 3 3
2763 2 2 2
2766 0 0 0 1 1 0 0 0
10959 4
10961 1
2770 3
2771 4 2 1 0 1 2 4 4 4 3
2774 3 4
2775 3
10969 2 4
10970 4
2779 3 4 2 4 4
10975 0
10976 4 3
7438 2
2787 4
10980 4 2
10022 4 3 4 3 3
10982 4 2
10983 1
2792 2 2 2
10986 1 1 1 0 1 0 1
10987 1
10990 4 4 3
10991 1
2800 4
2801 2
398 2
10996 4
10997 3
10999 4 2
2809 2
11002 3 2
2811 4 3
2812 1
11006 2 2
2816 4 4 4 4 3
2818 4 3 4 3
2819 4 4
11013 2
11016 4
8663 3 4 2 4 2 2 2 3 3 3
2828 2 3 3 2 3
2829 4
11022 2 3
2831 4 4 3 3 3
2832 4
11025 4 4
11 2
11028 3
2837 3
2838 3 2 2 1
11033 0 2 2 2 2 0 0
2842 4 3 4
10733 3 3 2
8666 3 3 3 4 3 3
11038 3 1 1
2535 4 4
11040 4
11041 1
11042 0 1
2852 0
11045 1 0 1 1 1
11047 3 3 4 3 3
5005 1 0
11051 3
11053 2
9980 1 0 0
11059 4
11060 2 2 2 2 2 2
2869 3
2870 2
11063 2 0 1
2873 4 4 2
11066 2 2 2 2
2875 4 4
2876 2
11070 3 1 4
11071 3 4 1
2880 3
2881 2
11074 4 2 4 4
11075 4
11076 3 4 3
1846 0 1
2887 0 1 1 1
2888 3 3
2889 0
11082 4
7734 1
2892 2
2893 3
2895 3
2896 1
10040 3 4 3 3 4 3 4 2 3
11090 1 4 1 3
11092 4 2
2902 0 0
2903 2 2 2 2
11097 3 3 3 3
11098 2 3
2907 4
2908 2 2 2 2
11101 3 3 4 4 4 2
11102 3
11104 4 2 3 3 4
11106 2 1 2 2 2 2
11107 1 1 3 1 1 1 1 1 1 1
2916 2 2
9512 1
1461 3
2922 4 1 3 2 2 2
11115 4 2
2925 2
2926 2 2 2
11119 3 4 4
2929 2
11122 3 3 3
2932 3
11126 3 4 3
2935 0 0 1 0
11128 0
2937 2 0 3 3 3
11130 2
2939 3 3
11132 4 4
11134 2
2943 2 3 4
11136 2 2 2 3 2 2
11137 2
11139 0 3
2948 0 0
2949 1
11142 3
2951 3
2952 0
11147 4 2
2956 2
11149 2 2
11150 2 2 2 2 2 2
8685 1 1 1 3
11152 3
2961 2
2962 4
2963 2 2 4 3 2
11156 1
2965 3
2966 1 3 0 0
9646 2 2
11160 4 4 2 2
2969 3
2970 4 4 4
2971 1
2973 2 4 2
2975 3
2976 2
11169 1 0
11172 0
2981 2 1 2 2 2
2984 3
11177 3
11178 1 0 0 3
2988 3 3 2 2 2
498 0
2990 3
11185 3 2 2
8283 2
2997 3
2999 3
11011 0
11193 1 1 3 1
3002 1 3 1 1 1
3004 4 3 2
1866 3 2 1 2 3 2
6987 3
3009 4 4 4 3
3011 4
3015 2 2
3018 4 2 2 1
5556 0
3021 4 3
3024 4 3
3025 3 0
3026 1
3027 4
3028 3 2
3029 3 2 2 4 4
3032 0
3034 2 2 2
10063 2 3
3039 1
507 3
3044 2
3047 2
3048 0 0 0
3049 2
647 3
3055 4 3 3 3
3058 2 2
3059 4
3061 4 4
3063 2 4
3064 3
3065 3 4 4 4 3
689 3
8348 4 4
3073 2 2
3075 4 4 4 4 2 4
3077 3 3 0
3079 4 4 4
3082 4
10071 1
3084 1
3085 1
3087 2 4
10072 3
3090 2 2 3 4 2 3 3
8559 2
3093 4 4
3649 4 3
3096 1
3097 1
75 3 3
3101 4
3103 3 4
10322 3
3108 3
3109 3 3
3110 4 4 4
3113 2 4 4
3114 4 2 2 4
3118 4 4
5981 4
3122 1
8423 3
3125 0 0 0 0 1
3128 0 1
3129 3 2
3131 1
8714 3 3
3138 2 2 3 4 3
3140 3 3
3141 3
3143 2
3144 4 4 4
3145 3 4 2
3146 4 3 3
3153 0 0
3154 2 2
3155 2
3158 3
3160 0
3163 3
3164 3 4
3167 3
3171 3
3172 2 4
3174 3
3175 2 2 3 4 2 3 3 3
530 4 3 4 3
3183 4 2 4
3184 2 3 2
3186 3
3187 3
3189 3 4
3190 0
3193 0 0
8017 3
3199 2
3200 3 3 1 0 1 0 1 1 0 1 1 1 0 0 1 0
3201 2
3204 2 3 2
3206 0
3207 3
3208 3 3
3209 3
3210 3
3211 0
9927 3 3
3215 0 0
1681 2
3219 3 4
3221 2
3222 3
3223 3 3
3224 2 4
3226 4
3228 2
538 4 4
3230 2
3231 3 3 3
3233 2
539 3 4
3236 4 4 3
3237 4 2
11019 4 4 4 3 2 2
2290 4 2 1 0 2 3
3242 4 3
3243 3
3245 3 4 3
3248 3
5441 0 1
3252 2 1
3254 1 0 1 1 1 0
3273 2 3
3256 2 3
3257 1 4 3 4 4
3259 3 4 4
3261 4
3262 0
3263 3 3 3 2 1 1 2
3264 1 4
458 2
3266 0 3 3 1 0 0 3 0
3269 4
3272 3
3276 4 2
3274 4
2804 2 3 2 4
3277 3
3278 4
3279 1 2 1 1 3 2 2 3 2 3
3282 1 0
8739 2 2
3284 3 4
3288 1 1
3290 3
3292 1
3293 3
3294 1
3297 3
3300 3
3301 4 2 2 4
3303 3 3 3 3
1916 4
3306 4 4
3307 3
3308 2 2
3309 4 4
3311 3
3313 3
3314 1 0
10824 4 3 3 4
6014 3 3
3323 4
8294 3
7381 4 2
8470 1 1 1 0
3330 4 2 2 2
3336 2 2
3344 2
3346 3
1923 3
1748 3
3349 3 3 4
3350 2 2 2
3351 3
3353 1
3354 4
3356 1 1 3 2
3357 4 4
3358 3 2
6021 3
3361 0 3
3362 3 2 3
3365 2 4 2 4 4 2 3 3
3367 3
3370 4 2
3372 3 4 4 4
8754 4 4 4 4
9114 3
3375 3
3381 4
3384 3 3 4
9965 3
3388 3 3
3390 3 3
3391 3
3392 2 2 2 2
3393 2
3394 4
3398 0 3
113 3
3401 2
3403 4 2 2 3
9115 1
3409 4 4 1
3410 3 2 3
3411 1 1
3412 1 1
569 1 1
3416 2
3417 0 1 3 2
3418 3 4 3
3419 1
3420 3 3 3
8762 3
3424 3 4 4
3425 2 4 2
3429 0 1
3433 4
3434 4 4 3
3435 0
3440 3
3442 3
3447 0 0 0
11026 1
3454 0 0
8009 3
3458 1 0 1
3459 0 1
3462 4
3463 3 3 3 3 3 4 2
2843 3 2 4 4 4
9843 1 0
3466 4
3469 3
3470 4 3
3472 4
3473 2 4
3474 0
3475 4 4 2 2 4 3 4 4
3476 2
3479 3 2 4
3480 4
3481 3 3 2
3484 0
3486 0
3489 1 2 4
3492 3 4
3493 3 4 3 4
3496 1 1 3 4
10098 2 2 1
3499 2 2
3501 3 4 2 4 3
3502 0 3 1 3 3 3 3 0 0
584 4
3506 4 4
3508 1 3 3
3509 2 3
3510 4
3512 1 1 1
3513 2 2
1951 4
9516 2
3523 4 4
2845 4 4
3525 2
4446 2 2 2
3528 0
3530 2 2
3532 4 4 2 1 1
859 4 4
8781 3
3538 2
3539 1
11029 4
8574 0
3543 2
3544 1
10148 3
3546 0
591 4
3552 3 4
592 4
3556 3 1 1
10150 1 4 0 4 3 0
3559 3 4
3562 3
3564 4 4 4
1442 3 3 2
3567 1 2 1 3 1 1
3568 3 3
8787 0 1 0 1 0
3575 2 4
3577 4 3
3578 2 4 4
3327 3 3
3580 2
1962 4 3
3582 4 3
3586 2 2 2 2 2
3587 4
3589 2
3595 2 4 2 2 3 4 2
3598 1 0
3600 2 2 2 2 2
3601 4 3 3
3602 2 2
3604 0 2
3605 2 4 2
3609 4
3610 4 4
5751 4 4
3612 2 2
3614 3
3615 2
3616 4 4 3 4
3618 2 2 3
8795 2 3
3622 3
10161 0 1 0
3624 2 4
604 4 2 2
3626 3
3629 4 1
3630 3 2
3633 3 3
10163 2 3
3638 3 3 2
3640 3
3643 3 4 4 2 1
3644 1 1
3646 2
10165 4
3648 2 2
608 4 2
6941 2
3658 3 3
3660 0 2 0
3661 2 3
3663 3
3665 2 4 4 4
3667 3 3
3668 1 0 3
122 3 3 3
3673 1 1 0 0 1 3 1
3675 4
395 1 1
3677 3
3678 3 1 3 3
3684 3 2 4 2 4 3
614 1 3 1 2 0
3686 2
3687 3
3688 3 3 4 3 4
10172 3 3 3 3 2
3690 3 3 3 3 3
3692 4
3693 1
3694 3
3695 3 0
3697 4 4 4
2807 3 3
8317 2 3
3701 3 4 2 2 3
8810 4
3710 3 3 2 3
3711 0 1
3712 4
3715 3
3716 3
3717 2 4 2 3
3718 0
3719 4
8580 4
6125 3
10178 4
3726 2
621 3
3728 4
3729 0 0
10179 1 1 0 0 0
622 3 4 4
3736 0 1
1988 4
3738 4 3
3739 4 3 3 3
3743 2
3744 3
3745 0
3748 3 2 3
1990 0
3750 3 4 2
3751 4 4
2307 4
3754 3
3755 0
3759 3 4 3 4
1992 3 3 3
3763 1
3764 3
2853 3
3766 0 0 0
10185 2 1 1
3768 0
3771 1 3
3774 1
629 4
3778 0 3 1
3780 4 4
3782 2 3 1 2 2
3784 4
3786 4 2
3789 4 4
3790 1 3 2
3795 2
3797 3
3800 3
3803 1
3806 0
2000 2 3
3810 1
3811 3 4
3812 3 2 2 2
9947 3
2001 4
3816 1 1
127 4 1 0 3 1 1
3820 3
1491 1 0
8829 4
3824 3 3
3828 0
3830 2 2 4
3833 3
3837 2
3838 2 3
3840 4 2
640 3
3842 2
3844 2 2 2 2 2 2 2 2
3846 3
8833 3 3 3 3 3
3848 4 4 3
128 3
3851 3 4 4
3373 3
3858 2 3
3859 2
3861 1
3862 3 1 4
3864 2 2 2
3865 1 0 3 2 0 2 1
3866 0
3871 3
3877 3 3 2 3
3880 2 2 2 2 2
10204 3 2
3883 2
3884 3 2
3885 1
3888 2 2 2
8840 1
3893 4 2
3895 2
9716 3 3 0 1 0 0 0 1 1
3897 4 3 2
2208 1
3900 2
650 4
3903 2 3 2 3 4 1 1
10208 4 3
3909 3
3910 3
3912 4
3913 2
9132 2
3916 4
3918 3 3
3919 4
3920 4 1 2
3921 2 4 2 2 4
3923 4
3925 3 4
3926 4 4 4 4 2
3927 2
3928 4
655 4 4 4
3386 4
3935 2 2 2 2 2 2
3936 2 4
3937 4 4
3940 4
3942 1 1 1 1 3
10215 3 3
3948 0 1
3952 2
3954 4 3
3957 4 4
950 2 2
3960 2 2 2 1 2 1
3961 0 1
3964 2 2 2 2 2 2
3966 2 2 2 2 2 2 2
3967 1 0
3968 2 2
3970 3
10219 2 1
5591 2
3976 3 4 2
3981 2 3 1 2 2 2 2 2
3982 2 3 3 2 1 2 2 2 3 3 1
3983 3 3
3984 2
3985 4
4991 2 3 2
3989 2 0
11044 3
2031 4
3996 4 4 3 1 1
3999 3 3
4000 4 4
4002 3
4004 4 3 2 2
4005 3 4 1 3 2 4 2 2 1 2 4 2 4 2
2033 0
4012 4 3 3
4015 1 4
4016 2 1
4018 4 3
4021 1 0
4022 4
10228 3
4027 3 2
4029 3
4030 3 2
1827 0
4032 4 3 4 4
8864 4 3 1
4035 0 1 3
4036 4 4 4 4 4 4 4
4038 0 0
1771 3
4040 3
3404 4 3
4042 4 4
4043 4
4044 4 4 2
1718 0
4046 4 4 2
4047 3 0 2 3 1 2 2
4049 4 3
675 2
4053 4
4055 4
5046 2 3
2590 4
2042 2 1
677 4 2 2
4068 3 2 2 3
4070 4
4071 4
681 4
10774 1
4077 1
4078 1
4079 3 3
10229 2
8592 3 2
4087 1
4088 2 3
4090 1
10239 3
4092 2 2 2 2 2
4094 0 0 0 1
4095 0 1
4097 1 3 0
4098 3 3 3
4100 3 3
4103 1 3
4104 4 2
4109 2 4
4110 3 2 3 2 2 2 2 2
4113 4 2
4115 3
4117 0 0 0 0
4120 4
10244 3
4122 2 2 2 2
687 4 2 2 2
4125 2 2
4127 2 2 3 3
4129 1 0 0
4131 4
4132 2 4 4
4133 2 2 2 2 2
4135 3
4137 4 4
3421 2 4
4144 2 2 2 4
9958 2
4147 4 2 2 2
4148 0 1
8811 4
4153 4
4154 0 1
4155 3
4156 1 1 1
6154 0 0 1 1
4159 2 2 4
11157 3
4164 3 3
694 1
4173 4 2 4 2
4174 4
2061 1
2810 2 2 2
8888 4 4
4179 4 4 4 4
4181 3
9084 4 0 4 1
8889 2 4
4185 4 4 4 4
4186 4 4 3 3 3 3
4191 2
4192 3
4195 3 2
4196 4 3
4198 2
10257 4
9957 3 3 3
4203 2
8893 2
4209 4
4211 4
4212 2
4213 2 2 2
4218 3 4
4219 0 0
4222 4
686 4 2
8896 0 1
4227 0 1
9739 2
4235 3
4237 3 3 3 4
4238 2
4240 0 0
4246 3 4
4247 4
4251 3 4
4252 3 3 3
2074 4
4254 4 2
709 3 3
4259 3 2 2 3
4261 3 3 4 4
2324 4
4264 4 4 4 4
4266 4
4267 2 2
4269 1
4272 0 0
4273 3 3 4
4274 1 1
4275 1 1 2 1 1 1 3
4276 2
4279 4 4 4 3 2 3 3
4280 0 0
4281 3 3
4282 3
4284 3 3
4285 4
8430 3 2 3 3
4287 4 4
4288 4 3 3 3 3 3 2 4 3
4291 4
4292 4 4
4293 2 3
4294 0
9963 1
4297 2 4 4
143 3
4301 3
717 1 0 0
4304 2 3
4306 2
4307 2 2
4308 2 2 2
4313 1
1700 4 2
4317 3 4 3 3
4319 1 2 2 2
4326 3 2 4
4327 0
4328 4
4329 1 2 2 2 3 1
4331 3
4332 4
4333 4
4335 2
2088 2 2 4 4 2
4338 3
4342 3 3
2089 4 4
4345 4 3
4346 2
4349 2
4351 4
4353 3 3 3 3 2
4354 1 3 3
4355 2 3 2 3 2 4 2 2 2 2 2
4357 4
727 4
4364 2 2
4365 3 3
4368 1
4369 3
4370 3
9341 3 2
4374 4 2 4 3 3
4375 0 1 1
4377 4 3 2
29 0
4385 4 4 4
2097 3
4392 3
4393 3 3 2
4396 1 2 2 3 3 2 2 1 0 2 2 3 3 3
4400 2
4401 0 0
6195 3
4405 3
4406 0
4407 3
2177 1 2 2 2
4409 1
4410 3 1
4411 3 2
4413 4 3
4414 1 1
10293 4 4
4420 1
4423 3 3
4427 3 3 1
4428 3
4430 2 4
4431 1 2 4
4432 2 2 2 2 4
2104 4 4 4
4434 3 3
4435 2 2 2
4436 2 2 2 2
9695 2 3 2 3 4 3 4 3
7203 4 3
8604 2 4
4443 2
4444 3 4
2539 3
4447 3
4449 2 2
8331 3 1
4457 4
4459 3 2 2 1
4460 3 4 3 4 4 4 4 4 4 4
4462 4
4463 1
4466 1
4467 4 4
9073 3 4
7241 4 4
4472 4
4473 4 4 4
2111 4 3 4
4476 0 0 1
4477 1 0
4479 3 3
4480 1
2112 2
4482 0
747 2 2 2 2 2 2 2 2 2 2 2 2 2 2 2
4487 2 1 2 2 3 2
4492 1 1
4176 0
8941 4
2059 4 2
4497 2 3
4498 1 0
4499 3
739 1
4501 0 0
4506 1
4507 1 0 1 1 2 1 1 3 1
4509 4 4 4
8944 3 4
10310 1
10311 2 2 1
4525 2 3
4528 4
4530 3 2 1 4
4531 4 4 4
4536 3 1 1
4538 4
4540 4 4 2
2122 2
4542 3 3
757 4
2879 0 1
4546 4 3
4547 3 4 3
4549 3 3
4550 0
4551 1
697 3 2 4 3 2
4556 3 2
4561 2
4564 3 4
4566 1 3 1 4
4568 3
4569 2 2 2
4570 3
4571 1 2
10245 3 3 2 3
4574 2
10320 0
4578 0 1 1
4581 3
4582 1 1 0
4584 4
4585 3
4587 2 1 3 3
4588 3 3 4
4589 4
4590 2
4592 4 2
4593 4
4595 2 2 4
4600 3
4601 1 4 3 2 3 2 2 2 2 3 4 4 2
4603 3 3 4
4605 4 2
4606 4 4 3
4609 2 2
11037 4
4611 2 4
4612 0
699 3
4614 1
4615 2 2 3 2
4617 3 3 3 4 2 3
126 4 3
4620 4
4622 2 2
4623 4 4
4627 3
8883 4
4630 1 1 1 1
10329 4 4 3 3
4633 2
4635 3 3 2 2 4 2
4636 0 3 1 1
4637 4 4 4 4 3 3
4638 3 3
8965 3 2
4640 1 3 1
4641 3 2
4642 3 1
4177 2 2 2 2 2
4645 0
4647 3
4649 4
4650 4
4651 0 0
4652 3
4653 2
4657 3 3
4659 4
4662 3 2
4665 2
4667 3 2 3 2
4672 4
4673 4 2
4675 4 4
4677 2
4678 4
4681 2 3
4683 2 2 2 2
4685 2 2 2 3
4686 3 3 2
4687 3
4691 3 3
4692 3 4 4 3
4694 4 4 4
4700 0
702 0 1 1
4704 2 3
8976 4 4 3
4706 2 2 4 4
4707 2
4708 0
4710 1 3 3 2
4712 3 4
4714 4 2 2 2
4717 1
4719 0 1 0 0 0
10344 2 3 3
4722 0
4723 0
4729 4
4734 1 1
4736 3 4
4740 1
4741 3
4744 3 2 2
4745 4 4
4746 2
4749 2 1 1 2
4751 3 3 3
4752 2 2 2
4754 0 0 1 0
4755 3
4757 1
4761 3
4763 4 4 3
4765 3
4766 1 4
7621 1
4768 1
4770 2 2
4773 1 3
4775 3
4780 0
4783 4 2 3 3
4785 3 1
4787 2
4788 4 2 4
4790 2 3 4
4791 3 1 1
4792 3
4796 4 4
4800 4 4
4803 4
4804 4 4
4805 3
4807 4 2
4811 3 2 2
4813 2 4 3
4814 2 2
4815 2 2 2
2168 4
159 3
8653 3 4
4822 1 3 2 2 2 2 2 2 2 2 4 4
4823 4
2985 4
4826 0 1 0 0
4827 2
4828 2 3 3 4
4829 3
979 0 0 0 0 2 2 1
4831 0 1 0 1
4834 3
4835 1 1 0 0 1 2 1
4836 3
5815 2
4841 4 2 3
4842 4 4 3 3 4
8999 1 1 1
4844 2 4 3 4 4
4846 0 1 0
4848 2 4 4
4849 3 3 3
4850 4
4852 1 3 4 4
4856 2
4858 2 2
6271 4 2
4861 3
4862 1
4863 1 0
4864 3 2 3
4865 2 0
4867 1 0
4870 4 3 2
4871 2 2 3 1 4 2 0 3
4872 0
2134 3 2
4877 2 4 4 2 3
4879 1 1 1 1
4880 4 3 3 1
4881 4
4882 1 0 3 1 2 3 2 1 1
4883 3
4884 3
4885 3 4
3545 3
4888 4 3 3 3 2 4 2 2 2 2 3 4
4889 0 1
4890 1
4891 4 3
8619 4
4894 3 3 3
4895 0
4903 4
4904 3
4906 4 4 4 3 4
4907 0 0
4909 1 3 3 3 2
1800 3 2
4914 2 2
4915 2 4
4916 4 2 2 4
4920 4 4 4
4922 3
4924 3
4925 4
4927 3 3 4
2187 4 2 3
4932 4 3 1 2 4 2 4
4935 0 1 0 0 1
4937 2
4939 4 4
4940 1 1
4942 2 4
4943 0
710 3
4945 3 3 2
4946 3 3
301 4 4
2215 2 2
4952 2
4956 4 3 3 1 3 2
4957 1
4958 3
4960 2 2 2 2 1
4961 0
4962 0
4963 3 4
4966 2 1
4967 0 0
4968 3
4969 4
4971 0
4972 4
10386 3 2 4 3 3
9021 3
8349 2 1
4977 2
4978 2
4979 0 4
4980 1 1 1
4981 2
4984 4 2 3
4987 2 2
4988 4 3
4989 0 1
4990 0
10389 4 3
832 3
4994 3 4 4 4
4997 2 2 2 2 1 3
4998 3 4 2 2
4999 2 2 4 3
5000 4
5001 1 3
5003 3 1
5004 2 4 3
834 4 0
3565 0 0
5012 3 3
5013 3
5014 2 4 3 4
1288 4 3 2 2
5017 3 2
5018 0 1
5019 3
5020 3 3 3 3 3
5026 0 0 0 1
5027 0
5028 1
5029 1 1 1 1
5030 4 2 4
5033 3
5034 2 2 3
5035 4 4 4
5037 3 3 3
5038 4
9715 3 3 4
5040 3 2 1 1 1 3 1 2
5045 3
9988 1 0 1 0 0
5047 4
5049 4
5050 4
5051 4
5054 2
5057 1
5058 3
5061 2 4 2 2 4 2 4 2 3 4
5062 3 2
10401 3
5065 4
9690 3
5067 3
5068 2 3 4 1 3
2210 0
5070 3 2 2 3 3
11135 0
5073 3
5074 0 1 0
5075 2 2 2 2 2
5078 3 4
847 3 3
5088 0 1 0 0
5089 2 2 3 1 1 2 3 3
5090 1
5092 3 2
5094 2 2
5097 1 1
5099 4
5100 2
5101 2
5102 1
5103 1
5104 3 3 3
5109 4 3 4 4 2
5111 1 2
5112 2 2
5116 1
10410 3 2 4
5122 3 4 2
2219 3
5124 4
7681 4
5128 2 3 1 0 1 1
5129 3
5132 2 2 2 3 3 3 3
5133 3 1
10620 3
6317 2 2 2
5137 2 3 3
5139 2 3 4 3
1535 1
334 0 1 1
9050 3 4
5152 4
5153 0 1 0 0 1 2 0
5155 1 0 3
5157 3
5159 2 4 2 4
5164 0 3 0
5165 2 2 2
5167 1 1 1 3
1096 1 1
5171 4 2 3
5173 2 2 2
5174 2 0 1
5176 3
2228 4 3 3
5179 4
8273 4
5182 4 4 4 2 3
10421 3 1
5184 0
5185 2 3
8356 1
5188 3 4
5189 2 3
5191 4
7692 3
5194 1 2
5195 3 3
5197 4
5200 2 3 2
5202 0
867 3
5204 1
2233 3 3 3 3
5212 3 4 3 2 1
5213 3
5214 2 2 2 2 4
869 4 4 3
2189 4
5217 0
5218 2 4
5219 1 0 3 1 0 0 1 1 0 1 0
5220 1
5223 2 3
2236 4
5226 2
5227 0 1
5229 1 0
7699 3 2 1 3 4 1 3 1 3 3
5236 2
5237 3
5239 1 1 2 2 2 1
5241 1
5242 2
874 2
5248 2 2
2357 0
5254 4 4 3
10433 2
5256 4
8904 2 1
5261 2
635 3
5271 3 3 2 4
5273 3
5276 1
8359 4
5279 4 3 3 4
10237 1
5282 3 3
5284 2 2 4
5287 2
5288 4
5290 4
5291 1
5293 3 2 2
5295 4 4
5297 4 2
883 0
5301 2
5307 0 0 0 1 0 0
10442 3 3 3 3 3 3 3 3 3
5312 1
5313 2
5315 3 4 4
5318 3 3
5321 3
1541 3 3
5325 4
5326 4
5327 1
5329 1
3619 4 4 4
5332 3
5334 0 0
5337 4 4
5339 3
1136 3
5342 4
5343 3
5344 3 4 2
10448 3 3 3
5350 0
5351 3
5352 4 3
5353 0
5355 3 0
5356 1 0 0 1
5358 2 1
893 2 3
5360 4
5361 3
5363 2 2
5365 2 2 2 2 2 2 2 2
5366 0 3
5367 4
895 1 3
5378 4 2 4 2 4 4 4
5379 4 2 2 2 4 3 3
5382 4 2 3
5383 3 2 3 2 3
5385 3
5387 3 1 1
5391 3 2
5394 4
5395 3
5396 1
8363 3
10457 0 1 3 0 1 2
5400 2 2 3 1 2
9092 2 3
5405 4 4 3 2 2
5406 2 3
5411 3
5412 2 3 2
5414 2 4 4 4 4 4 4 4 4
5415 1
5417 0
5418 4
5420 3
5636 4
5425 4 4 4
4545 3
2090 3 2
5429 4
5431 1 1 1
5434 3
5436 0 3 2 2
5439 3 2
5440 4 4
10464 2 3 3 3 3
9099 1
5445 3
9183 2
2273 4 3 0
5448 2 2 2 2
5452 3 1
9638 3
9101 3 2
5456 4
5459 1 0 0 0 1 3
5460 4 0 4 3 3
5463 1 1
309 1 1 1
5468 2
2277 3 3
5472 3
912 3
5475 2 3 4 3
5476 1
9184 4
5478 0 1 1 0 0 0
8249 2 2
5482 1 1 1
5486 4
5487 2 4 3 3
5488 4 4
5490 4
5491 2 4 4 4
5500 2 3
5501 4
5502 2 3
5504 3 3
5505 1
5506 4
5507 3 1
5511 4 4 3
5512 3 2
5513 0 3
5516 4 4 3 4 4
8367 2 2 2 2 2
5522 4 0
5523 2 2 1 2
5526 3
5527 1 0
5528 3 3
1873 4 2 3
2287 3 3 2
5532 2
5533 2 3
2912 3 2
5538 0 1 1 1
5539 3 4 3
5541 1
5542 1
10481 0 1
5544 4 4 4
5545 4 4 4
5546 4 3 2 2
5548 4 3
5549 0 0 1 0
746 3
5551 1 3 3 3 4
5552 4 2 2 3 3 3
5555 2 2 2 2 2 4 4
10005 3
1276 4
5558 4 4
5559 2
2292 2 2 2 2 2
5562 1 2
9119 4
5565 3
5566 2
5567 3
5568 3 3
9009 3 3 3
5572 4
5573 1
5576 2 3 3 4 4
2295 3
5581 2 0 0 1
5582 4 3
6392 0 1 0 0
5586 3 4 4 2 3
5588 0 0 1
5590 2 3 1 4 3
2297 1 1 1 1 1
5594 1 0 0 0
5595 2 2 4 2
5596 1 1 0 0
5599 3
5600 3
5601 0 0 0
2299 3 4 4
5605 2
5608 3
10492 2
5610 4 4
5611 4
7762 1
5616 3
5618 0 0 1
5619 3
5621 2 3
5623 0 0 3
2915 1
9130 3 3
7765 3 1
5635 2 2 2 2 2 2 3
10403 2
5638 3 1 0 3 4
2305 2 2 2 2
5640 4 3
5641 3 4
5643 4
5644 4
5647 3 4 3 4 4
5649 3
5650 4
188 3 4
5653 3 4 3
5656 2 2 3
10500 2 3
5658 1 1
5659 2
5660 3 3
5661 0
5662 1 1
5663 3
5664 3 0
5665 3 3 4
5666 1
5667 2 1 2 3 3 1 2 2 0 2 2
5668 3
5671 3
5678 1 1 1 1
5679 1 1 0
2644 3 2
5684 3
9585 2
5690 1
5694 2 3 4
949 1
5697 4 4
2220 4
5699 3
1729 3
5701 3 3 4 4
5702 3 4 4
5703 3
5707 3 3 3 1 3 3 3 3
5708 2 1 1 3
5709 3 2 4 3
5711 1
952 1 0 0
5714 4 4
5715 3
2318 3
953 2 2 3 3
5720 2 2 2 2 2 2 3 2 3
5721 4
5722 3
5724 4
5725 3
5727 1
5729 4 4
5730 1
5731 4
5732 0
5734 2 4
10513 2 2
5738 3
5739 1
5740 3 4
5741 3
5743 2
5745 0 0 0 1
5747 4 2 3
5749 2 4
3689 2 2 2 2
5753 4 4 4 4
5756 2
5757 3
5758 1 1 1 1 1 1
5760 0
5764 0
5768 2
9042 0 1 3
5771 3 2 2 3 2
9154 4
5774 3 3
5778 4
9681 4 4
5780 2 2 2 2 2 4 2 2
5781 2
5782 1 4 3 2 3 1 2 1
9467 3
5785 4
5786 4 2 3 3
10522 1
5790 3
5791 1 1 0 2 2 1 1
5793 4 1 4
5794 2
5796 0
5798 3 3 0 1
5799 3 3
5801 2
193 3 2
5804 3 2
5805 2 3
5807 3
5808 3 2 3 4 3
5809 1
5812 4 4 2 4
10526 0 0
5814 1 2 0 2
969 0
5816 3 4
5818 4 4
5819 3
1012 3 3
5823 4 3 4
5825 2 2
10014 1
5828 4
5830 1 2
5831 4 4 4 2 2
5833 3 2
5835 2
5836 4
5837 1 2
5838 0
5840 4 4 4
5842 3 2
5844 3 3 3 4 4
5846 0
5847 2 2 2 2
5848 3 2
5851 4 3
5852 3 2 4 3 3 2
5854 2
2341 3 1
976 2 4 3
5859 1
2650 4
5863 4
5864 4
5866 1 3 1
5873 2 4 2 4 2 2 2
5874 1 1 1
5875 0
5877 4
5878 4
2345 4
5880 3 4 4 3 3
5884 2
10538 4 4 4 4
5888 0 3 1 2 3
5889 2
2347 2
5892 0
9174 4 4 2
5895 4 1 3
5896 2
2348 1
5899 4 2 2 2 2 4
5901 2 4 2
5902 1 4 3 2 3
5905 0
5907 1 1
5910 3 3 3
5912 3 4
5913 2 2 2 2 2
5914 4
5918 2 4 2
5920 4
5922 3 4
5924 2 3
5925 0
470 2 2 2 2 2 2 2 2 2 2 2
9180 3 2
5930 3
5932 4 4 3
5933 0
5934 4
9181 3 3 3 4 4 1 4 2
5938 4 2 4 3 3 3
5939 2 3
5940 3
5941 4 2 3 4 2 4
5943 3
5944 2 3 3
5947 2 2 4
5950 2
5951 3 4
5953 2
5955 0 0
9200 4 2 2
5958 2 3
2359 2
5964 1
10837 3
2108 4
5968 0
5972 2
5973 0
9188 3 0 3 4 3
5978 2
5979 2 2 4
10554 3 2 3
5983 1
10555 2
1029 0 0
5992 4 2
5993 4 2
5995 2 2
5996 2 2 3 4 3 3 3
5997 0 0
5998 3 4 4
5999 3
6004 4
6008 3 2
6009 3
6011 1 1
1564 2
3733 4 2
10560 4
1003 3 3
6020 3
1837 1
6022 3 3
6024 1 3
6025 3 1 2 3 3 2
6026 2
6028 3 4 4 4 4
5929 3
6030 2 3
6031 4 3 3
6033 1 3 2
6036 3 3
6038 1 0 0
6041 3
201 2
6043 4 2 4
6044 4 2 3 1
6045 3 2 1 3 3
6047 4
6049 4 4 2 4 4
6051 0 0
6054 2 2
6055 0 0
6058 0 1 1 1
2375 3
6060 1 0 0 0 2
6061 3
6062 0
6063 1
6064 3 3 3 4
6065 4 3 4
313 1
6067 2 3 2 2 2
6069 3 1
6073 1 0
6077 3 4 4 4 3
6079 2 4 4 4 4
6080 3 4 4
6082 2 4
2379 1
9206 2 2 2 2 3
6087 3 3
9708 4
6089 0
6104 3
6106 4 3 3 4
6107 4
9210 3
10576 3 3 4 3 4 3 4 2
6114 3
1019 3 3 3 3 1
6116 2 2
6117 1 0 0
8387 3
6119 3 3 3
6120 2 3
6121 4 3 3 3
6123 4
6205 2 2 2
9213 1
6129 3 0 0
10579 2 4
6132 2
6133 2 2
6134 1
6136 2 3
6138 3 1 3 3 3 3 4
6139 1
6140 3 2
6142 2
6147 3
6148 4 3 3 2
6151 2
6152 1
6153 4 4 3
942 3 2
10583 3
6156 2 3
6157 2
6158 4 4 2
6159 2
6160 3 4 3 2
6162 1 1
9219 2 4 2
6166 4 3 3 4 4 3 4 4 4
6167 2 2 2
6168 2 3
6170 4
6171 4 4 4
6172 4 2 2
6175 4 2 2
6177 4
10587 4
6181 2 3 2
6182 0 1
6184 1 3 2 4 3
10588 2 4 3 2 3
6187 3 2 4 4 2
6188 3 3 3 3 4 3 1 1 2 3 2 3 1 3 3
6189 4
6190 3
6194 4
1924 3
6198 3 4
9225 3 3
6201 3
6203 2 3 2 2 2 3 4 2 3
6204 3
1034 3
6206 1 0 1 3
6209 3 2 2 3 3 3
6211 4
2769 2
6216 1 1
6218 4 3
3767 3
6225 4 4
6227 2 3
5134 3
6232 0
9231 2 2 2 2 2 1 1
6236 2
6237 3 2 4 4 4
6238 3
6239 1 1
6247 1
6248 2
6251 2 2 2 2
6252 2 2 4 2 4
6253 3 2 2 2 3 0 2
6258 4 4
6259 1
6265 3
6269 0
6270 0 1 0
9237 2 2 4 4 4 3 4
6274 4 3
6275 1 1
6276 3 3 3
6281 2 3 2 2
209 3
6283 2 3
6288 0 1 1 2 1 0 0 0 1 3 0 0
9240 2 2
6290 2 3 4
6291 3 3
6292 2 3 3
6293 1
6296 3 2 4 4 3 2 2 4 4 4
6298 3 4 4
6299 1 1
8989 0 3 2
6302 3 1 4
6305 1 3 3 0 3 3 3
6306 4
6308 3
10609 3 3 3
6312 3 3
6313 4
7879 3
10610 4 4 3 2
1053 0 0 1 1 0 0 0 1
6320 3
10611 1
6324 3
6326 4 4
6327 2 4 4
6328 3 4 3 4 1
6329 3 1 4 4
6331 4 4
6332 2 2
6333 3 3
2393 3 3
10613 2 3
6336 2
6338 3 2 4 2
6344 0 0 0 0 1 1 0
6349 4 4
6350 2
6352 4
6354 3 3
6355 2
6357 2
6358 4
6359 2 2
6364 2
6367 3 3 3 3
6368 0 4 4 1 1 3 2
2161 2 2 2 2 2 2
6371 3
6372 3 4
6373 3 2
6374 4 4 2
6376 3 3
2940 4
6378 3 2 3
6379 4
6381 4
6383 2 3
6384 3
6385 2
6387 4
6388 1
6389 4
1031 1
6393 3
6394 2 2 2 2 2 4 1 2
6397 0
6398 4 4 4 4 4 4
6399 2 2 1 1
6401 1 1 1
8335 3
6406 4
6409 3
6412 3 3 3 4 4 3
6413 3 2 2 3 2
6414 1 3
6416 4 4 4 2 2 2 2 4 3 2
6417 3 2
6419 2
6420 4 3 2 2 2
6422 4
6423 3
6426 2 2 3 2 2
6427 2 4
6428 3
6431 2 4
6432 1 1 1 1
10307 0 3 3 2 2 2
6436 2 2 3
6437 4 2 2
6439 1
6442 4 2
1074 1
6446 3 2 3
6448 0
6449 3 4 3 3 2
6451 4
6456 0
6457 2 4
6460 2 4
9269 1
6465 1 1 0 1 0 1
6466 4
6467 1 4 4
6472 1 1 1 0 0
6473 3 3
6475 4
6476 2 2 2
6477 3 4 3 3 2
6478 4
6479 1 0 0 1 0 1
1080 4 3
6482 4
6484 2
6485 4
6488 3
6489 3 4
6491 4
6492 4 4
6495 1 2 2 2
6496 2
1407 2
6500 2 2
6502 1
10627 0
1084 3
6507 2 2 3 4 2 3
6511 2
6512 1
6513 3
805 4
6516 0 1 0
6517 2 4
6519 3
6520 4 3
8946 4 3 3
6529 3
6533 3
6536 4 2 2 1 2 4 2 4
6537 3
6539 4
6543 2
10648 4 4
6546 3 3 3 3
6547 3
6548 2 4 4 3 4 2 2 2
6549 4
6551 3
6556 2 2
6557 2 1 3
6558 1
6559 3 4
6560 0 1 0
6561 4
1094 4
6566 2 2 2 2 2 2
6572 3 3 3
6573 3
6574 3
6575 4 3
6577 2
6579 3 2 2
6581 4
6582 2
6584 2
6585 3
6586 3 3
6587 1 0 0
6596 1
6597 3
6601 4 2
6602 3
6603 3 4 3 4 3 3 2 2
7027 2 4
6607 1 1 1
6610 2 3
6611 3
6612 2
9294 3 3
6617 4 3
6618 2 2
6621 3 2
6624 3 3
6629 2 2
6630 2 2 2
6631 2 2 3
6634 4
6636 4 4 4
6639 2
6640 0
10314 3 2
6645 3 2
6648 1 1
6650 1 1 0 1 1 0 0 1 1 3 3
6651 2 2 2 3 2 3
10666 2 2 2
6664 3 3
6665 2
6666 3
10042 2 1
6670 0
6671 4
10315 1
6675 3 4
6676 2
6677 4
6678 4 4
6680 2
6682 2 2 3
6683 4
6686 3 1 1 2 1 1
6687 3 3 3 3 2
10672 3
6691 4
6694 3
2405 3
6696 4 4
6699 1 1
6703 2 2
1587 3
6706 2 2 1
6707 3 2 4 2
6709 3
2416 4
6715 3
6716 0
6717 4
6718 4 4
6719 3
6720 0
6722 4 3
6723 0
6724 0 3
10678 4 4 4
6726 2 2 4 4 2 2 2 2
7993 2 4
6728 3 2 4
6729 1
2679 3 2 3
2336 2
6736 4
6740 2
6742 3 3
5680 3 4
6744 4 4
6746 0
3855 4 4
2227 3
6755 4
6756 3 3
6759 4
6760 0 0 0 1
10684 4 3 2 4
6764 3
6767 0 1
6771 2 4
6772 3
6774 4 3 4
1129 2
7045 3 3 2 3
6778 1
6780 3 2 3 2 3 2 4
6784 4
6786 0
1131 2 3
6789 2 2
6790 4
2497 3
6795 3 3
6796 2 3
2882 3 1
6805 3
6808 2 3 2 4 3
6809 2 2
6811 0 0
6812 0 4
6813 3
6815 4 4 4
6816 3 4 2 3 4
6817 3 2
6818 2
6820 4 3
6822 2
227 4 2
6824 3
2955 3
6830 3
6832 3 2 2 3 4 2 4
6835 2 1 3
6838 3
6839 4 4
6842 3
6843 2 4 3 1
6845 3 3 2 3 3 4
6846 3
6849 0
6852 2 2 2
6853 0 0
6761 4 3 3 4
6856 3 4 4
6857 4 3
6858 3
6859 3
6860 4 4
6861 3 3 4 2 2 2 2 1
6863 2 2 2 2 2 2
6864 2
9336 2
6866 2
6867 4 4
2138 4 3 4
2510 1
9337 3 4 3
6873 1
6874 3 3
6875 0
6877 2
6882 4 4 4
6503 0 3
6884 1 3
6885 3 3 4 4
6886 1
2513 4
6776 3
6890 3
6891 1 1
6895 2 4 3
6897 0 3 3 1 0 4 3
8413 1 2
6901 3 2
6902 3
6905 3 3
8011 4 3
6909 1 3 4 4 3
6911 1 1 1
6912 2
6913 4 3 4
6915 0
2518 4
6918 3
6921 4
6923 1
6925 3
6927 2 2 2 2 2 2
6928 2 2 4
2520 3
6930 2
1155 3 2 2
6934 3
8687 4 4 2 2 2
6936 2 2 2 2
2686 1 3 1
8960 1 3
6943 4 2
6944 3 3 0
6945 4
6946 2 2
6947 4 4 4
6948 1 3
6949 3
6950 0 0
6951 4 2
1410 4
6953 4 4
6954 4 3
6955 1
6957 0 0
6963 2
6966 3 2 2 2 3
6967 2 0 4
6969 3 4
2527 1
6972 2 3 2 2
6973 2
6975 4
6976 2
6977 4 2 2 2 2 4 2 2 2 4 2 2 2 2 4 2 3
6982 3 4
10721 2
6985 1
7991 1 1 0 3
6989 3 2
6991 2 2 1
6993 1 3 3
2415 4
6996 4 2
9358 2 3 4 2
6998 4 3 1
6999 3
7003 3
7004 4 2 3
7005 1 0 3
10725 4 3
7008 2 2
7009 3 3 4
7011 2 2 2 2 2
7012 3
7013 3
7014 1
7015 2 1 1 4
7016 1 0
9212 4 4
10727 4
7023 3 3 2
7025 3 3 3
1171 4
7029 0
7031 0
7032 3 4
9364 4
7036 3
7037 3 3
7039 3
7042 3
7043 3
9366 1 1
7048 3 2 2
7051 4
7052 0 2 0 1 3
7053 3 2
7055 0 2
7058 2 1 1 1
7059 1
7061 4
7062 1 0 2
7063 2 2 2 3 0 1
7064 4 4
7065 0 1
7066 4 3
7070 4 4 4
7071 2
7074 3
7076 3
7079 4 3 1 3 4
7082 2 3 2
7083 3 4
7084 4 4
2546 3
7086 4 1 4 3
5277 1
7089 1 0 1 1 0 1 4 1 1 1 0 0 1 0 0 0 0 0 1 1 1
7092 4 2 2 4
7093 0 4 2 4 2 3 3
7095 2 4
7097 2 2 2
7100 3 3 2
7101 3
7102 2 3 3
10741 0
7105 0 1
7106 2 3
7107 1 2
7110 4 4
7112 3 2
7113 3 2 2
7116 2 2
7124 2
7125 1 0
7127 3
7128 3
7134 2 2 2 2 2 2 2 2 2 2
1193 3 2
7137 2 4 4 4 3
7139 2
1190 2 4
7143 0 1 0 3 2 1 1
7145 3
7147 2 3
7149 1
6653 2 4 2
7153 4 4 3 3
8019 3
7157 2 2 2 2 2 2
7159 3
7160 3
9386 0
7168 1 2 0
7171 0 0 1
7174 2
7175 2 4
7178 3 3
7179 1
5149 4
7181 2 1
1197 2
7186 2 4
7187 4 4 0 4
7190 3 4
7191 4
7192 3
7196 4
7197 2
7198 1 4
2149 3
7201 4
3931 3 2
7205 3
7206 0 0 0
7207 2
7210 2 2 2
10759 3
7213 1 0
7215 1
7217 3 1 3
7220 3
7223 1 3 3
7224 3 3 2 4 4 3
7226 1
7227 1
7228 3 3
7230 1
9788 3
7236 4 2 2
7237 3 3
7238 1
7239 3 3
7240 4
10764 4
7247 4
7248 4 3 2 2
7251 1
1209 3 1
7256 3
7257 4 3 3 3 3 2
10767 1
7260 3 1 3
1210 3
7272 4 4
1212 4 3
10335 3
7276 2 2 4 2
7277 2
7278 0
7279 4 4
7280 3 4
7285 0 0 0
7286 3
7290 4
7291 3
7292 0 1
1061 2 2
7298 2
7299 2 2
7301 2 3
7306 0 1
7307 4 3 3 3 3
1218 3 3
516 4 4 2
7311 4
7313 3 4
7314 2 2
1219 4
7316 4 4
7318 2 2 2
6725 1 1
9791 2
7325 3 1 2
9413 3
7332 4
7336 4 4 3 3 4
7337 4 2 1
7339 2 2 4
5700 0
7345 4 3
7346 1 1
7348 3 4
7349 1 0 0 0 0 0 0 0 0 1
7350 2 3 3 3 3 3 3
7355 3
1226 4 4 2 4
7358 3
7359 3 3 2 3
7360 4
7363 3 3
7365 3
7366 1 0
7367 2 3
7368 4 4 4
7369 4 3 2 3 2
7370 4
7371 2
7377 2 1 1 1
10884 3
7379 4 4 2 2
9422 0 0 0
7383 1
7384 2
10788 4 1 2 4
7390 3
7393 2 1
7395 4 2 4 3
1904 3
7400 0
7401 4 4
7402 3 1
9426 4
7409 0 0
7411 2 2
2553 0
7416 2 3 4 3 4
7417 4 1 3 3 2 2 2 2
7418 0
7419 0 1
7423 1
7424 3 4
7428 3 2
8764 1
7435 2 2 2 2 2 2
7436 0 0
7437 0 3
10886 3
7440 4 4
7441 2 3
7443 1 4
1241 1 3 1
7449 3 4 2 4 3 3 2 3
7452 2 2 2 2 2
7454 4 4 4 3
7455 2
7457 3
7458 4 2
7459 3 4
7460 1 3 1 0 1 1 1 1 1 1 1 1 1
7461 3 2
7462 0
7464 2 2 2 1
7465 2 2
7466 0 0 1 3 3
7468 1
7470 3
7471 3
7472 1
7473 3
8233 3 3 3 4
7475 3
7477 3 0 1 1 0 1 1 3 1 1
7479 1 1
7480 2 4 4
2612 1 3 3
7482 4 4 2 4 4
7486 2 2 2
7487 4
8615 4
7493 2 3 4
7494 2 4 3
7496 3 3
7497 2
7498 4 4
7499 1 1
1453 0 0 1 1
7502 2 1 2 2
11161 3 3
7505 3 2
7506 3
7507 0 0 0
7509 3
7510 3
2617 1 0
7512 3
1252 3
7515 1 1
7516 1 0 1 3 1
7517 4
7518 1 1
7520 2 2
7522 3 3
7523 3 3 4 3
7524 3 1 0 2
7528 2 2 2 3
7529 4 3
1523 2 2
7537 3
8779 1
7542 3
7543 3
7544 3 0
7545 0 3 3
7546 0 0
7547 3
7548 0 1
7549 3 4
7550 1
7551 3 2 3
7552 3 4
7554 1 0 1 1 1
7556 4 4 4
7559 2
7560 3
7561 4 2 2
7564 0
7565 1
7568 4
7569 3
7570 4
7571 2 2 2 2 2 2 2 2 2
7572 3 3 4 2
7575 3 4
7578 3 2 3
7581 0 3 4 0 1 0
7582 4 1 3 4 3 1 3 3
7583 3 4 3 3 3
7584 1
7585 3
7586 4 2 4 2
7587 4
7590 4 4 4
7592 2 4
7593 2 2 4 4 3
7596 3
7601 4
7603 2 2 0 3 2
7604 0 1
7607 3 2 1 2 1 1 2
7608 3 3 4
2634 1
7614 4 3
7615 0 3 0 3
7616 0
7617 1 3
7618 2 0 4 1
10827 3
487 1 3 3 3 1
9462 3 3
7624 2 2 2 2 2 2 4 2 2
7625 2 4
7626 1 2 3 4
7627 3
7629 3
7631 3
7632 4 4
254 1 1 0 1
7635 2 3
7636 3
7641 3 3 2
7642 4 4 4 4 3 3 4 3 2
7645 4
7647 3 4
7650 2 3
7651 4
7652 2 4
7654 3 2
7657 4
7658 1
2642 0
9469 1 0
7664 4 2 2 2 2 2 2 1
7668 2
7672 3 3
7673 1 0 0 0 0
7674 4 4
1279 0
7679 3
9472 1
7682 4
7683 3 2 1 2
7686 0
7687 3
10076 3
7690 1 0
7691 3
8289 3
7693 3 3 3
7694 4
7695 2
7697 2 2
7698 1
9475 3 3
7700 3 4
7701 3 1 1 1 1
7704 3 2
7706 2 2
7707 3
7709 4 3 4 2
7710 3 3 3 3 4
7712 0
7718 1
7719 4 0
7720 3
7721 0
7722 0
9479 1
7725 1 1
1621 2
7727 3 1
7728 0 3
7729 0 1 1 1 2 0 3 3
7730 2 2
7731 2 0 1 0
5713 1
7735 4 4
7736 4 2 3 3
7737 2 0 2
7740 4
7743 3
7744 4 3
9483 2 2 3 2 3
7748 3 2 4 4 3
7749 3 4 2 3
7752 1 0
7756 2 3 4 3
10850 1 0
7758 2 4
7759 3
7760 0 1 3
7761 3
10624 3
7763 4 4 3 2
7764 2 2
9486 1 1
7767 1
7768 3
7769 4 3 2 3
7770 3
7771 0 0 1 0
7772 3
7774 2
10853 3 3
7776 3
9488 0
7778 4
7779 3
5169 0 0 0
7783 1 1 1 1
7784 4
7788 2 2
7790 2 2
7794 0 0 0
9491 4 4
32 3 3 3 3
7798 3
2665 3 3 4
5935 2 2
1300 4 4 3
7802 4 3 4 3
7803 3 2
5397 4
7809 0 1 0 0 0 1 3
7810 3
7812 3 3 1 3
7813 3 4
7814 1 2 4
7815 1
7818 4
7819 0
7823 4 4
7825 2 1
7828 4 2
7829 1 1 1 1 3 3
7832 4 2 3
7834 4 3 4 3
2443 4
8133 4
1352 0 0
7841 1
7842 2
7843 1 1 3
7845 4
7846 1
7848 1
7849 3
7850 1 0 0 0 1 0 1 0 0 1 2
7852 2 2 1 2 2 2
7857 2 2
2171 4
7860 4 2 2 2 2
9809 3 1 3 1
7864 0
11173 3
7867 3
1798 4
7870 1 3 4 3
8563 4
1312 3 3 3
7876 3 3 3
7877 2
9505 3
7883 3 3 3
7884 2 2 1
9506 2 2 2
10901 1 3 4 4
7889 4
7891 2 3
7894 4 4 4
7895 3
7897 0
7898 3 2
7900 4
7901 2 2
7903 3 3 2 3
7905 1
7908 2
7910 3
7911 2 2 4 4 2 1 2 3
7920 3 2 4 2
7921 4 2 4 3
7922 4 4
4051 3
7924 2
7925 0
2687 4
7932 1
7934 3
10880 4 3 3
7943 3 4 3 3 3
7944 3 4 4
7945 3
7946 2 3
7947 1
314 4
7953 4
7954 3 3
6787 2
7956 4
7958 1
7961 4 4 4 4 3
7962 2
7963 3 3 4
611 1
7965 1 3
7966 3
7967 3 4
7969 3 3
7970 3 3
7971 3 4
7972 3
7973 3 3 4
7975 4
7978 1 1 1 1
7979 1 0
6828 4
7981 1
7983 3
7986 2 4
7987 4
7989 1 1 3 3 3 3 3 2
7990 4 4
2697 3 3 2 2 0
9524 1
8000 4 3
8001 3 4 4 4 2
10632 4
8003 2
8004 2
8005 4 4
3535 1
10892 2
9527 3
8012 4
8014 0 3 2 3 3 3 1
8723 4 2
9528 3 2
8018 3 3 3 2
10037 3
8021 3 3
8564 2
8025 1
1631 4
8029 4 3 3
8033 3 3
8034 0
8036 2 1 3 3 3
2705 3
8040 2
8045 1 2 1
8046 2 1
8048 4
8050 2 4
10899 2
8052 3 3 4 4 3 1
8056 3
8057 4 4 4
8058 3 3 4
8060 3 2 1 3
8062 0 1 1 1 0
8063 0
8064 4 2 4 4
2454 4 4
8069 1
8071 1 0 1
8072 3 3 4
8074 3
8075 4 2
8076 4
8077 3 3
8082 3 3 2 2 2 3 3
9539 4
8084 2
8085 4 3
8087 2 3 2
8088 3 2
8089 3
8094 4 4 4 4
8095 3 4
8099 4
8102 2
8103 0
8104 4 4
8105 2 2 4
8107 3
8109 1
8110 3
8113 4 2 2 3 3
8114 4 4
8115 1 2 1
8116 3
8119 1 1
8120 3 3
8121 4 4
8125 1 1 1 1 0
9545 2
8128 1
8130 1 2 2 0 1 3
8131 1 1 1 0 0 1
1527 1 3 2 3 2
8135 1 1
8136 3
8139 2 4 4 3 2 3
8141 3
8144 3
8145 4 1 4 4
8146 3
8149 2 2 2 2 2 2 2 2
8150 4 3
8151 2
8152 4
8153 2 2
8155 1
8156 2
8158 2
8159 4 4
1360 2 2 2 2 2
8166 3
8167 1 3 3
8168 2
26 3 4
8170 3 4 2
8172 3
8173 4 4
8174 3 4
8176 4 4 3 3
8178 1 4
9555 2 4 4 4
2730 2
8190 4 2 4 4 4
