469 2
8193 3
8194 1
4 3
5 2
6 3
8199 3
8 3 3
9 2 2
10 3
8203 3 1 3
8204 0
8206 4
10925 4
8208 1 1
8210 3 3
8211 4 4
20 1 3
21 3 4
9561 1
8196 3
8218 4 4
8219 3
8220 3
29 0 0
30 3
31 2 2
8224 1
33 2 2
8229 2 2 4 4
8231 3
40 2 2
41 1
42 2
8235 4
45 2
5457 0 0
8239 1 3
8241 4
8242 1 1 1
51 3
8244 3 1
1374 2
54 2
55 0
10932 3 4
8250 4
59 0
60 4 2 3
8202 2 1 3 3 3 1 2
8254 2
8255 2
8256 3 3 4
8257 3 3 4
66 2 4 4 3 3
69 4
71 3 3
72 0
73 0 0
74 3
8267 3 1 3 1 2 1 2
76 4 4
77 3
78 2
79 3
82 3
8275 3 2
84 2
8277 3 3
89 0 4
8282 4
92 1 3
8285 4
94 3
95 2
96 0 0 1
8290 0
100 0
8293 3
102 3 3 3
103 3 3 3
107 3
8302 2 3
111 3 4 4
112 2 1
8305 4 2
114 4 3 1
8307 0 0 1
118 3
119 4
8312 4
121 3
122 4
8315 1
8213 4 4
128 3 4
8321 0 1 0 0 0 0
8325 1 0
134 2 3
8327 2 2 3
8329 4
8330 4 3
139 3
10643 2 2
10946 0
8334 2 4
143 2 4
144 4
8338 0 3
10947 3
148 4
8341 4
8342 3
151 2 2
8346 3 4
8347 4 4
156 2 4 0
8349 2
158 2 2
8351 2
8352 4
161 3
162 1 0 0
8355 0 0 1
165 2 2
166 4
167 2
8360 3 3
169 4 4 3
170 1
171 2
8364 4
173 3
8366 2 1
175 2 2
177 0
8370 1 4 3 1 1
8371 4
180 1 1 1
182 1 0 1 1 1 3
184 3
185 2 2
186 4
8379 4 4 2 4
188 3 4 4
190 0 0
191 4
8385 0 2
8386 3 2 0 0 1
195 2
8388 2 2 1
8389 1 2 2
8391 4
8392 4 3
201 2
8394 4 3 1
203 1
205 2
2765 3
208 4
8401 1
210 4
211 4
8404 2 4
8405 1 1
8406 0
215 1 1
8408 2 2
8410 1
10959 4
8412 1
221 0 1 1
8414 2
223 1
8418 4 4
227 2 4 2 2
228 2
229 1 0 1
231 3 3
8424 2 2
233 3
235 1 1 0 1 0 1
237 2 3 2
238 3 1 2
8431 0 1
240 4
8433 4
243 0
244 4 4
245 4
8439 3
8440 3
249 3
250 2
252 4
253 3
254 1 0
8447 2
256 0
8449 0
8450 3 2 3
43 4
260 4 2
262 0 1
8455 4 4 4
264 4
265 1 1
270 1
8467 4 4
276 1 1
8472 2 4 3 3
283 4 4 1 4
8476 2
2778 3 4
287 2 4 4
8480 4 4
8481 4
8485 4
8489 2 2
299 1 1 0
300 1
301 4
302 3
304 2
305 4
1255 4
307 1
8501 3
310 3 3
9609 1 3
52 2 2 2 2 2 3
314 3 2 3
315 2 3
316 3 3
317 2
8510 4
53 3
320 2
8513 1
8515 1 0
324 3 3 3
4150 3
327 4
328 4
8521 4 3 4
330 4
8247 1 1
332 2
334 0
8528 3
8529 3 3
341 3 3 4
343 4
8536 4
8538 4
347 3 4
351 0
352 1
8545 3 2 0 3 3 3 2
8546 3
8549 2 2
8468 4
8551 1 1 3 1 1 1
360 2
8554 3 3 3 2
8555 3 3 2
9618 3
8560 4 4 4 4 4
370 3 3
372 3
373 0 0
8567 1 0
378 4
8571 4
380 2 2
8573 2
8642 4
1429 4 4
8576 0 0 0 0
386 3
8579 3
8580 3 1
389 0
391 3 3
8584 4
394 3
395 0
8588 1 0 0 1
8590 3
2797 4
400 3
8593 2 0 1 2 2 0 1 3
403 2 2 3
8596 3 4 3
408 2 3
409 4
8602 0 1
8604 2 2
413 0 1 1 1
414 3 4
415 4
8608 3
8609 2
418 4 4
419 1
8613 4
8615 2
424 3
8618 4 3 2
427 1
429 4 3 4
8622 1
1437 1 3
8624 0 1 1
8626 1 3
435 3
437 1 1
8630 2 1
8631 0 1
440 1 0
8635 2
8636 2
8637 3 2
8638 4 4 4
447 1
448 3 2
450 4
453 0 3
8646 2 2
455 2 3 0 0
456 0 3
458 2 2 2
459 4
460 3
461 2 2
462 0
8655 0
464 4
465 4
466 1 1
1443 3
8660 2
8270 3
8662 2 2
8663 2 3 3 4 2 2
8664 2
8665 2
474 1
1967 1
8668 3
10927 2 2 4
8670 4
1445 4 1
480 1 3 1 0 0
8673 4 4 3
8674 2 2 2
483 4 4
8676 4
8677 4 4 4
487 2
490 2 2
9639 3 4 3 1 2
492 3 3
493 0 0
8686 3 2 2 3
8688 1
8691 3 0 3
500 4
501 0
502 3
504 3
8699 3 0 4 4 1
8700 2
510 3 1
511 3
513 4 2
515 3 3
8709 3 4 4 2
8710 1
520 0
8713 4 2 4 2 4
8715 3 3
8716 1 0 1 0
1654 3
8718 0 1
8720 2 3 4
8721 4 2
8722 3
531 0
532 4
8725 3
8726 0 0 0 0 0
535 3 1
537 4 4 4
8731 3 3
540 4
8733 3
8734 0 1 0 1 0
543 4
544 3 1 2 2 2
545 4
8738 4
548 4 4 2
550 4
1457 3 4
8744 0
8745 3
11015 0
9293 4 4
559 4 3 3
8752 4 4
561 1
8754 3 2 2 4
563 3 3
564 1
8757 3 4 4 3
568 3 4
570 1
8763 4 2
8766 1
19 4
8769 2 4 2 3 3
578 1
11019 2 3 4 4
8772 2
581 4
8774 2 2 0
583 2
584 4
11020 4 2 3
8778 1 0
1463 4
8780 1
589 3 3 3
591 4
592 4
594 2 2 2 2 2
595 2 1 2 2 2 2 2 2 2 3 3 2
596 0 0
8789 3 3
8790 0 0
8792 4 4
8794 2 2 2 2 2
603 4 4 3
604 4
8797 3
101 4 2 4
608 3 3
8801 4
610 4 4
612 1 1
8805 3 4
10386 4 4
615 2
616 4
617 4
8810 3 4
8811 2 4 4 4
8812 3 3
621 3
8814 3
624 3 1 2
625 1
839 3 4 3 3
627 1
8820 2 4
8821 3 3 3 4
8822 3 3 4 4 2
8823 2 4
633 4
634 1 1 0
635 2 3
636 3 2
8829 3 2 4 2
638 4
639 0 1
8832 0 1
8834 0 3
643 4 2
644 2
8838 3 1 2 2 2 2 2
647 3
8840 2 1 1
649 0 0 0 1
8845 3 0
8846 0 0 0
8847 3
656 0
8849 4 3
658 3 2 4 4 4
8851 4
660 2 3 4
661 3
664 2 4
8857 1
8858 4 3
8303 3
671 2 1
674 3
678 2 2 3 2 2 2
8871 4 0 2
8872 2
8873 2
682 3
683 3 3
685 2 2 4
686 4
687 3
8880 4 3 3
8882 3
8884 2 4 4 2
8886 3 3 3
696 1
697 3
8890 0
699 3
700 0 0 0
701 4
702 1
8896 4
8897 4
8898 2
707 4
708 4
8901 3 2 4 3 3
8902 1
711 0
8904 3
715 1 3 3
716 4
717 0
718 1
8911 0 0 0
8912 2 2 3 2 2 4 2
8913 4
722 4
723 3 4
8916 2
9678 4 3
726 3
728 4
729 3 4
8922 2 3 3
731 4 2
732 0
8314 3 3
734 3 3 2
11045 1 0 0 1 1 0 0 0
8929 3 3 4
8930 2 1 3
8931 4
740 2
741 0
743 4 4
8936 4 3 4
8937 0 0 1 0 1 0 0
10916 2 2 3
8940 4
749 4 4
8944 3 2
753 4 3 3
754 3 3
8947 3
8949 1
8951 2 3
8952 4
8954 1 1 1
8955 0
765 4 4
766 3 3
8959 4
768 0 0
8961 3 3
770 0
8963 1 1 0
8966 0
775 0 0
777 1 1 1 1 0
778 1 0 1
780 0 1
781 3
8974 1 0 0
783 3
11054 0 0
790 3
8983 0
8985 0 0
8987 0 0 0
8989 1
798 0 1
799 3 4 3 3 3
8995 4 1 1 4
8996 4 3 4 3
805 2 4
807 4
9001 1 1
9002 3
811 2
8841 3
9006 1
9330 4 3
818 4 3
819 2 2 2 4
9013 4
823 2 2 2 2 3 2 2 2 2 2 2 2 2 2
824 4
825 0
9018 1
9021 3
9023 1
9024 3 2 4
833 1 3 2 2 2 2 2
9026 3 4 3 1
9027 3
9028 2
9029 0
9030 2 4
9031 3 4
840 3 2
9033 2
842 4
9035 4
845 0
9039 4 4
9042 0 0 1
9045 0 0 0 0
9046 2
9048 3 2
9050 4 4 4
9053 1 0 1
862 2 3
9055 3
9056 1
9057 3
9058 0
9060 4
9061 0 0
9062 2 2
871 2 2 2
872 4
9066 1 2 2
9068 3
880 0 0
881 0 0
883 3 0
884 2 3
9077 2
9705 3
9080 0
2879 1 1
893 2 3
894 3
9935 4
897 3
9090 2 2 3
899 3 4
900 3 4 3
9093 2 4 2 2
11073 3
1516 3 1
907 1
908 3
9101 3
9102 0
912 3
915 2 3
916 1 1 0
8353 3
9111 0
9112 2 2
9115 0 0 0
9116 0 0 0
154 3
9118 4 4
928 4 3 2
929 3 3
930 2 2
9123 4
932 0 1
933 2 4 3
9127 3
9128 1
9130 3
9131 3
9132 3 4
941 3 3
943 4
9136 4 3
9137 2 2 2
1523 2 2 2
948 2 2
949 0 0 0 1 1
9143 2 1
952 0
954 4 3
9147 2
956 3
4669 1 1
958 2
9717 4 3
960 3 3
9153 3
962 3
965 1 0 0
966 3 3 3 4
967 1 2 2
968 4 3
2892 4
9162 0
9163 4
9164 2 2
973 3
975 4 4
9168 2 2 4 4
9169 0 1 3
980 2 2
9176 3 4
986 0 0 1 0 0 1
9179 4 4
988 3 2
9181 4
9182 3 4 3 3 2
9183 3
9260 4
993 0
995 1 0 1
997 3 3
998 3 4 4 2
999 2
9192 3 3 4
9194 1 0
9195 0
1005 4
9199 3 3
9308 2
9201 3
9203 2
1012 3
9205 2 2 2 2
1014 4
9207 4
5675 1
9210 3
8362 4
1022 0 1 0 0
9215 3 3 3 1
1024 4
1025 1 1 1
1026 0 3 3 1
1027 4 4 4
1029 0 1 1
9729 0
9225 1
9226 4
11095 4 4 3 3
1671 2 3 3
9229 1 0
1038 3
9232 3
11096 3 2
9234 0 1
9235 0
9237 4 2 2 2 2 4 2 4
1047 3 2
9240 2
9241 3 3
1051 4
1052 3 3 1 4
1054 0 0 2 4
9247 2 0
9248 2
9249 1 1 3
9250 3
9251 4
9252 1
1061 3 3 3 4 2 2
1062 4
1063 1
1065 0
9258 3 2
1067 1 1 0 0 0 1
8354 1 1 1 1
9261 4
1070 4
1072 4
1073 4 4
1074 1 1
1076 3 4 1 3 4
1079 2
9272 1 0
1082 4 2
9275 3 3 3
9276 0
9277 1 1 1
9280 3 3
1090 2
2540 2 2 2 2 2
1093 1 3
9287 3 4
9292 4 4 3 2
1101 3
9294 1
1103 1 1 1
9297 4 4 2
9298 2 2
9299 1
1110 3 4 3
1111 3
9304 2
2916 2
9306 2 3 2 2
1115 1
1116 4
8378 4
9310 4
9311 3 2
9312 2 2 2
187 4 4 2
1124 2 3 3
1125 3 3
9319 2 2 3
1128 4
9321 2
1130 4 4
9323 3 2
1133 4
9327 4
1136 3 3 0
9329 3
1138 0
1139 4 3
9332 3 3
1141 3
1142 2 2 2
1143 3
1144 4 4 4
1146 3
9341 2 2 2
9282 4
9343 3
9344 2 3 2 4
9348 0 0
9750 3 3 3
1158 1
9352 0
9353 2 2
1162 3 2 4
1163 3
9356 3 3
9357 4 4 4 4
2925 3 2 4 2
1168 4 4
9361 0 1
9362 4 2 3
1171 3 4 2
9364 3 4
1173 4
9366 1
9367 3 1 3
9368 3 2
1177 1
9370 3
1179 2
1180 3 0
1182 3
1183 3
9376 2 3 4
1186 1 4 3
9379 4
9380 1
1189 0 0 1
1190 3 3 3
9383 4 4 4 1 1 1
1192 1
1193 3 3
9386 1
1195 1 0
9390 3
8496 4
1200 2
1201 1
1202 4 3
9397 4 2
1206 3
9399 3 3
1208 2 3 4 3 4 3 3
9401 3 3
9402 1
9404 3
202 3 2
9406 3
9407 3
1217 4 2 4
1218 2 3
9411 1 3
1222 4
9415 2
9416 3 3 3
1225 3 3
9418 3 1
9419 3
1228 4
1229 4 4 4
9422 0 0 0 1
9423 4 3
1233 4 4
9426 3
1235 3
1239 4
1240 1 1
1241 3
8399 3
1244 3 2
1245 1 0
9438 0
9440 3 2 2
1249 0 0
9442 3
9443 1 2
1252 4 4
9766 1
9446 3 4
209 2 2 1 2
9448 3
2940 4
1259 3 2 3 2 3 3
9452 4
8402 3 2
1262 4
9455 1
10859 0
9457 3
1267 1
9460 4
1270 3 3 2
9769 3
2770 3 3
9465 2 4
1274 1 0
1275 2 2 2 2 2
9770 3 2
1278 2
9471 4 3 2 2
1281 3 3 4
1282 4 3 3
1283 2
9477 2 3 2 2
1286 2 1 0 3 4 3 3 3 3
11137 4
1288 4
8499 2 4
8407 1 0
9484 4
2946 3 3
9486 1
1295 2 2 3
1296 3
9489 0 1 0
9490 3 3
9283 1
1302 1 0
9496 4
9497 4
9499 0 0
1308 4 3 3
218 2 2
9502 0 3
9504 2
1313 4 2 2
9506 2
8411 4
1316 2 4
1317 3 3
9510 2
1319 1
9513 2
11143 4
1324 0 0 1
9778 3 4
1327 1 0
1328 4 3
9521 4
1330 2 3 4
9523 4 2
1332 0 0
9525 2 4 3
1334 2
9527 3
9528 3
9530 4 4
9532 3 4 3
9533 0
1343 4 4 4
5773 0
1345 3 3 3
9540 2 3 3 2
9782 3
9542 1 1 1
1351 1 3 3 4 2 4 3
1353 3 3 1 3
9546 1
9547 0
9548 4
1357 2
1358 4
1359 3 3
1592 3
1363 4
1364 0
9557 3
9558 3 4 4 4
9559 3 4
1368 3
1369 2
9564 1
9565 4
9566 4 4
1375 4 3 4
9568 1 0
9569 1 0
9572 0 1
9573 2
1382 3 1 3
9575 0
1385 1 1
1386 4
1387 3 0 0
9583 0 1 1 1
1394 4
1395 4
9588 2 1
9589 4 4
1399 1
9592 2
1401 4 4 2
1402 2 2
1403 0 0
1405 2
9598 3 2 3 3
9601 0 0 1
9602 1 4
8427 2
1412 3
9605 3
9606 1
9607 1
1417 4
9612 1 2
9613 2
9614 1
1423 0 1
9616 2 2
1425 0 0 0
1426 0 3
8430 3 2
9622 4 4
9625 4 2 2
1435 3
9628 2 2 4 2
9629 3 4 1 4
1438 3 4 4 2 0 3 3 3
1440 4 3
9633 0
9635 3
1444 3 4
9637 4 2
1447 2 2 2 2 1 2
9417 3 4
1452 4 4 4
9645 3 3 3 4
9646 3 2 2
1455 4
9648 3
9649 4
9651 4
9652 3
9654 4
9655 4
9656 4
9658 3
1467 4
1471 1 3
1472 2
9665 4 2 4
9667 0 0
1476 4 4 4
9671 3
1480 4
9675 1 1
1484 0 0
9677 1
1486 3
1489 0 0 1 0
4414 1
1492 2 2 2 0 3 3 3 2 2
8957 3
1497 2
9691 3 2
1500 0
1501 1 3 1
2981 2 2
1504 2 3
9697 1
1506 4 4 4
1507 3 2
1510 0 1
1512 4 4
1513 3 4 4
9706 2
9708 4 3
1518 3
1519 3 2 3 0
1520 3
9713 4 2 4
2183 3
9715 3
1524 4
1525 4 4 3
1526 4 4
1528 2
1529 4 4 4
992 1 3
9724 3 2 2
9725 3 4
1534 4
9727 1 2 2
8448 3 3
9731 2 2 1 2 3
1540 0
1542 0
9735 4 3
1544 2
1545 0 0
9743 2 2
9744 3
9746 3
8451 2 4
1557 1
1558 2 2 2 2 2 2 2
1560 4
8452 3 3
1564 4
9758 2
9759 2
1568 4
9761 3 3
1571 0
1573 3 2
1574 4
2993 3
1577 3
1578 4 2
1579 0 1
9394 0 1
1583 3
9776 4
1586 2
9779 0
1588 4 3
9781 4 4
1590 4
1591 3
9784 2 2 3 2 2
9786 2
1597 3 2 2 2 2 2 2
1598 3 3 3 3 3 2 3 4 3 1 4
9791 1 2
9824 4
1602 1 4
1604 4
9798 3 2
9800 3 3 3 2 4 3 4
9801 1 4 2 3
1610 2
9804 3 3 3
9805 3 3
1615 4
1616 4
1618 0 0
9811 1
1620 4 4 4
9813 4
9814 4 4 4
9815 1 1 2
9817 4
8783 1 1
1627 0
1628 4 3
9821 4
1630 4
1631 2
1632 4 3 1
1633 4 2
9826 0
1635 1
1636 0 0
1637 3
1639 2 3
10798 3 3
1642 2 4
1643 4 2 2
9837 3 4
9838 4
9839 0 1 1
9841 3
1651 4
9845 1
9846 3 4
1657 3
9850 2
1660 2
9834 0 2
1662 2 4
9855 0 3
9856 0
9831 4
9835 4
1668 1 2
1669 4 4 3 3 3
1670 1
9863 2
1672 4
1673 2 1
1674 0
9867 1
9869 2
9870 4 2 3
1680 4
9873 4
1682 1 0
9875 2
9876 1
1646 0 0
2511 4 2
1687 3
9881 2 3 4 2
9883 4
1692 2
1693 3
329 4
9887 2 4 4 4 2 4 4 4
9888 2 1 0
9889 3
8475 3 4 3 3
9894 4 2
9895 3 3
1704 3
9903 1
9906 0
1716 3
1717 2 3
1718 1
1719 4 4 4 4 4 4 3
1720 4 4
1721 1
1723 1
9916 0
1725 3 2 2 3 3 3 3 4
9918 3 3
1728 0 1
1729 2
9923 4
1733 3 1 2
1734 4 4
1735 1 2 2
9928 2 3 4 3 3
9929 2 2 3 3 1 3 3
1738 3
9931 2 2
9933 3
9934 1 1 1
1743 0
9936 3
1745 3
9938 1
9941 2
1422 2
9944 3 3
1753 0 0
1754 2 3 3 3 3
1755 3
9948 2
1757 3
1759 2 2
9952 0
9953 4
9954 4 4
1763 3
9956 3
1766 3 4 3 2 3
1768 4 2 4 4
1772 2
1774 0
1776 4
9971 1
9973 3
1782 2 2
1783 1
9976 1
1785 0 1 0
9978 1 3
9980 1
9982 3 3
1791 2 2 3 2 3 1
9984 4 4 4
9985 3 3
1795 2
1796 3 4
1797 4 2 4 4 4
9990 2 3
9991 3 4
9994 3 4 4 4 4
1803 1
9997 2
9998 3 3
8493 0
10000 0
1424 3 4
10003 0
10005 3
10007 3 3 4 2
1816 3 4
10009 3
1818 1
1821 3 3
10014 4
1823 3 4
1825 4
1826 4
10972 3 3
1829 2 2 2 2 2 2
1830 4
10023 0 0
1833 2 3
1835 3
10028 3 4 3
10029 3
10031 4
9864 3 3 1 3
2789 4
10036 3 1 1
10427 4
1846 1 1
10039 3 4 4 3
8393 2
10041 4 3 4 4
10043 3
1852 3 3 3
1853 3 2
10048 4
1857 2
10050 0 0 0 0 0
8502 1
10056 4
8503 4
10060 2 3 4
10061 2 2
1871 2 4
10064 2
1873 3
10066 0
1875 0 1 0 0 0
1876 3 3 0
1678 3
313 0
1880 0 1 1 1 1
10073 1
10075 2 3
1886 4
1888 0 1 3 0
9872 0 1 2 2 2 1 4
8507 1 0
10084 3 1 0
10085 4
10087 0
63 2 3
10091 3
1901 1
1902 1 0 1
1903 1
10096 1 0
1683 1
10101 4
10102 4
10103 4
1913 0
10106 4
1917 3
1685 4 4 4
1921 2
1923 3
1924 4 4
1686 3 1 0 1
10118 3
1927 2 4
1928 4
1929 2 2
1930 3
10123 1 1 0 1
10125 3
10126 4 2 3
10127 2
1936 3 3 3
1937 3 4 2
10130 2 2 2
1941 4
10134 1 1 2 1 2 3 3
10136 4 4 4
1946 4
1947 3 4 4
10141 2 2
1951 2 2 4 3
10147 0 0 0
10148 3 3
1957 3
1958 4 4
1959 4 2 2 3 4
1960 2
1961 4 4 3 3 3 1 1 2 0 4
1962 3
1963 3
10156 3
7154 4 2 4 2
1966 2
1702 2 2
10160 4 2
8520 3 1
1970 3
1971 4 4 4
1972 1
10165 3 4
1974 3
1975 4 3 3
10168 4
1977 2
1978 0
1695 3
10173 2 2 2
10174 0
1984 1
1985 1 3 3 3 3
10181 3 4
1990 0 0 1 2 1
10183 4
8524 2 3 1 2
1995 3 2 3
1996 1 0 1
1703 0 1
1998 3
2000 3
10195 2 2
2006 0
10199 4
2008 0 0
10201 3
10202 1 2
2011 2
10204 4
2013 2 3
9015 3
2015 2
10210 4 4 4 4
10211 3
10212 4 2 2 2
10213 0 0 0 0 0
2022 1 0
10215 3 2
2025 4 4
2026 0
10219 1
2028 4 4
2029 0 1
2030 2
10223 2 2 2
10226 2
9615 3 3
2037 0
2040 0
10233 4
10234 3 2 1 3 2 2 2
10235 0
10236 1 0
2047 3
10240 4
2049 1
2050 1 1
1397 1 0
2056 4
2057 2 2
10250 1 1
10253 2 2 4 2 2
2062 0 0 0 0 0 0 0 0 1
2063 4 4 4
2064 2
10257 3
2066 3 3
2067 3 3 4 3 3
2068 4
2069 4 3 4
10262 2
10263 4 2 2 2 2 4 3
10266 4
2076 3
10270 1 1 1 1 0
2079 4
2080 3
2081 2
10274 1
10275 2 2 4
10277 0 0 0
2086 0 0
10279 2 2
10280 0
10281 4 3 4 4
2090 3
2091 4 2 3 2 4 2 2
2093 2 2
10286 4
2095 4 4 3 2
10288 2 2 2
2098 1
2099 3 2 2
10292 4 4
10293 3 4
10294 0 1
10295 3
10296 4
2106 1 0 1 4
2107 0
2108 3
10301 2 4
2111 2
10304 0 1 0
2114 3 4 2
10308 3 2
10309 4
2119 3
10313 2
2122 3
9911 4 4 4
2124 3
10317 3
2126 3
7163 3
2128 2 1 2
2129 3
821 3
2133 0
10326 3 3 4
10327 2 3 0 2 1
10328 1
2138 2 1 3 2 2 2 4
2139 2 2 2
2140 4 4
2143 3
2145 3 3
2146 2 2 2
2147 4
10341 3
10342 3 4
2151 3 3 2
2152 1 0 3 1
1724 2 2 3 4 3 2
2154 1
10348 4
10351 2
2161 2 2 2
2162 3 2
2163 3
2164 2
10357 4 3 1 1
2166 2 3
10361 0 2
90 4
2172 0 1
10365 2 3
6619 4
2175 3
2177 2
10370 0
10371 1 0
2180 4 2
2181 2 3
2182 2 1 2
1982 4 4
2185 0 0
2186 0 0
2187 2
10383 1 1 0 1 0 3
2192 3
2193 3
2194 3 4 4 3 3 3
10387 3
2196 4 2
8802 4
10390 3 1 3
2201 3
10394 2
10396 0 0
10398 4 3 4
2207 2
10400 1
10401 3 2 2 4 3
2210 4 3 4 4
9926 4
10406 4
2215 3 2 4
10410 3 3 2
9927 4 3
2220 4
2221 2
10414 2 2
10417 2 2 1 2
10418 3
10420 2 3
2229 4 3 1
2230 4
10423 3
10424 1
2233 2 2 3
2235 0 1 0
10428 3
2237 4
8565 3
2243 3 4
10437 0 0 2 2
10438 4 2
10440 2
10441 1
2250 1
2251 0 0 0
10449 0 0
10450 4
10451 1
10452 3
2261 3 4 2
2262 1 1
10455 2
10457 1
10459 2
8570 3 3
2270 3 2 3
10463 3
10464 3 4 2 2 2 2 1 2 4
1744 4
10466 4 4 4
2276 3 2 4 4
2277 4
10470 1 0
2280 4 4
8572 0 0 3
2282 2 4
10476 0
2285 4 2
2287 3 4 2
10480 4 3
2289 3
2290 4 2 0
2291 3
2293 4 2 3
10486 4
10487 3
10489 2
9617 1
10491 4 3 3 4 2
3114 2 2 3 4 2
2302 3
1749 3
10496 3
2305 1
2306 4 4 4 4 1
10499 2
10500 4 4
9942 2 3 3 3
2310 3
10503 1
10506 0
2315 2
10508 3 4 3
2319 4 4 4 3
2320 3 3 3 4
2321 2 4 4
10517 3
2326 4 2
10519 1 3 3
10520 0
10521 3 2 4 2
2330 1
10523 3 4 2
10525 3
8261 2
2336 2 2 2
9947 3
10532 0
10534 3 3 3 2
7217 3
2344 0
10537 2 4 2 2 2 2 2 0 2 2 2 2
10538 2 2 2
8583 0 0 0 1 1 0 0
2348 1 0
2349 0 0
2350 4 4 4
9949 0
2354 4
10547 2
10548 2
5854 3
2358 1
10551 2
10553 0
10554 4 4 4 2 2 3
2363 4
2364 4 4 4
10557 3 4
2367 3
2368 3
2369 3 4 2 4
10562 1
2371 3
10564 3 2
2373 1
1170 4
1761 3
10568 1 0
10569 4
10571 4 2 4
2381 1 0
10575 3 3
2384 2
10577 4 4 4
10578 3 3 4
9955 2
2388 4
398 1 3
10582 2 4
10583 2
2392 4
10585 1 0
2394 2 2
10587 2 2 4
10588 4
2397 0
2399 0 1
2400 3 2
8592 3
2402 3
10597 2
10598 3
10600 2 3 3 3
10601 1
10602 3 2 3
2411 3
10605 0
10606 2
10608 2
9960 3
10610 4
10611 3
10613 3 4 3 3
10614 0 0 0 0 0 0
2423 0 3 1 2 2 2 2 2 0
10616 0
10620 4 2 3 3
10621 4 2 2
10622 3 3 3
2431 1 3 3 1
2432 3
10626 4
10627 1
10628 2
10629 1
10630 4
2439 4 2
2440 1
10633 2
10635 2 2 3
2444 4
10637 4 3
10638 4
2449 4 2 3 2 2 2 2
2451 4
9966 2
10647 3
2459 0 0 0
2460 3
410 0
2462 2 3 4
2463 3 1 1
10656 2
2465 4 0 0
10658 3
2468 0 1 2 3 2
2469 2 2
2471 3
2473 3
2474 1 0 1 1
2476 2
10671 3 4
10672 4
10674 4
2483 2 4 4 2
10676 3
10677 3 2
9630 1
10679 3
2490 1 0 1 4 2
8607 3 3
10687 4
10689 2 4
2498 1
2499 3 4 1 2 3 3 2 4 4 3
10692 3 4
10693 0 3 3 3 4
2502 2
2505 2
2506 3 1 3 3
10703 3 3
2512 0
10705 3
2514 1 1
2515 3 4 3 3 3
2516 0
10709 3 3 4 2 4 4 3
2518 2 3 2
2519 4 2
2520 3
10714 2
2526 3 4 4
2527 0 1
2528 2
2530 2 2
2532 1 1 2 3 2
2534 3
10728 3
10732 3
10734 0 0
2544 1 1
10928 1
2547 4
10740 0 1 0 0 1 0
10741 0
2550 1 1 0 1
10743 1 1
2552 2 3
1629 3 3 3
2554 3
10747 3 3 4 2 1
10748 4
10749 3 3
2558 4
2559 2 4
2560 3
10753 0 0
10754 4 3 4
2563 4
10756 4
2565 3
10759 0
2568 3 4
10761 4 4
2570 0
10764 2 2 3 2
2573 2
2579 2 2 3 0 4
10772 3
10773 2 2 3
10774 1 1 0
10775 2 4
10776 3
2585 3 3 4 3
10780 3
10783 0 1
10784 4
10785 3
2594 2
2595 2
10788 2
1798 3
10790 4
2600 4
10793 1 1
2602 4 2 2
2603 3 0
10796 4
4530 0 0
2606 3
10799 3 4 3 3
2609 4 3 1
2610 1
2613 4 4
10806 3
2615 0
10808 0 0 0 0
10810 0
3167 2
2620 0 1 0
10813 2 2 3 3
10815 0 0 1
9089 2 2
10817 2
10821 3
10822 2
10824 4
2633 2 4 2 4 3
2635 4
2637 4
2638 2
10831 3 3 4 3
2640 1
10833 4 4
2642 1 0
2643 3
10836 0
10837 2
2647 3 3
10840 3 1
9999 4
2652 0 0 1 1 1 1
10845 4
10846 3
10848 3 2 2 4 3
10849 4
2658 0
2659 4 3 3 3
2662 4 2
2663 2 2 2
2665 4
10858 1 1 1
2667 3
10860 1 1 1 1 1
10861 4 4 4 2
2670 2 1
10863 3
10864 3
2673 2
10866 2 2 4 3
1811 0 3 3
10869 2 4 4 4 3 2 2 3
10872 0 0
10874 3 4
10875 2
2684 3
2685 4
2687 2
10880 2 3
2689 4
10883 4
2692 4
10885 4 3 2 1
2694 4
10887 4 4 4
2696 3 3 4
10889 3 3 3
2699 3 2 3
2701 2
2705 4
2706 4
2708 2
10902 0 1 1
1454 4 4 4 2
2712 3
10905 4
10907 2 2 3
10908 1 1 1 3
2717 3
2719 4
10913 3
10914 4
10915 3 3
2724 1
2725 4 4
2727 1 4
2729 4
10923 4
2732 3
2733 2 2 2
2734 3
10013 4 2
2736 1
2737 2 1
10930 0 1
10931 1
2740 3
2741 3
10934 3
2743 4 3
2819 4
2745 3
2746 1
2747 4 4
2748 1 1 1
10941 2 3
2750 3
637 0
2753 3 4 3
2754 2
2755 1 0 1 0
10948 3 2 2 2 2 2 4 0 4
2758 4 3
10952 0 0
2761 4 2
10955 4
10957 0
2766 0 1 1
8653 3
10962 2 3 3
2771 4 3
8654 2
10966 3 4
10970 2
2780 3
10974 4
10975 0 0
10976 2
8656 2 4
10978 0
10979 4 2 2 2
10022 3
10982 3
2791 1
2796 4
10989 3 3 4
2798 4
2801 3
2803 2 4
10997 4
10998 4 3 0 3
10999 3 3
2808 0
11001 3
2810 2
11003 2 2 3
2814 3
8661 3
11008 3 3
2817 3
2818 4 4 4
11011 0 1 1
2821 4
11014 0 2
2823 4 2
2824 2 4 3
2825 4
471 3
2828 4 2
2830 4 3
1837 1
2833 3 3 1 1
2834 3 4
11027 4 3 3 2
11029 3
2841 3 3 3
2843 4 3
2846 1
11039 0 0 1 1
11040 4
11041 3
11043 0
2853 1
10033 1
11048 2
476 0 2 1
11051 1 2 2
11053 3 1
2862 4 2
2863 0
9097 3 4
11057 4 3 4 4 3
10461 3 4 4
11059 4
2868 2 2 2 2
11061 4
2870 4
11063 3
2875 4
2876 3
2877 2 2 3
11070 2
11071 2
11072 4 2 1
2881 3
11075 4 4 4 4 4
11076 2 2 2 4 2
11079 1
2890 3
11084 1
11085 4
11086 3
2897 4 3
11091 4
11093 3
11094 4
2903 2
2904 4
2905 1
2907 4
11101 3 4 4 4 4 4 2 4 2 4 4
2910 3
485 3 2
11104 3 3 3 0 3
2913 3
11107 0
11108 4 4 4 4
8826 4 2 3
11111 1
2921 4
11114 4
2924 3 2
11117 1
11118 4
2927 2
11120 0 0
2929 3 4 2 2
2931 1 0 0 0 1 0
2933 0
11126 2
2935 0
11128 1 1
11130 2
2939 3 1 4
11132 2 2 2 2 2 2 2 4
8682 0 3 0
11134 2
11135 0
11136 2 2
2945 3 2
11138 3 3
11139 1
2948 1 0
11141 4
10049 4
11144 4
11146 3 3
11148 3
11151 4
2960 4
2961 3 1 3
11154 3 3
11158 0
11160 1 4 4
2969 3
11162 4
2971 1
11164 4 4
2973 2
3855 4
496 0 0 1
11170 3 3 3
2980 0 0 0 0 0
11173 2
2982 4
11175 1 0 0 0 1
2984 4
2985 4
11178 0
2987 2 2
2988 2
11182 1 0
11185 1 3 2 0
2994 0
2995 4
2996 3 4
11191 3
3000 4
3001 2 2
3006 4 4
3009 1 3
1867 1
3015 2 3
3016 2 3 3
3017 4
1737 3
3021 4
3022 3
10739 4
3025 1
3026 1
3032 0
3033 1 1 3 2
3034 0
3035 0 1
3036 4 3 4 4
3037 3
3038 4
5803 4
3043 1
3044 4
3045 4
508 2
3050 2
3051 1
3055 1 1
3058 2 2
2284 4
3062 1 0
3065 2 2
7549 2 4
3068 0
3069 4 4
3070 1
10069 4 4
3072 3 2
375 4
3080 4
3081 4
10071 1
8286 2
3086 0
3087 3
3089 1
3091 0
3093 2 3
3095 2 2 1
3096 0
3097 3 3 3 3
3098 4
3099 4 4 3
3103 4 3
3104 3
3105 1 1 3
3108 2 4
3110 4 3
8287 4 2
3115 0 1
3117 2 2 4 4 4 4 4 4
3118 3
3120 0 3
3122 1
3125 1
3126 2 2 2 1 2
3129 3 2
3130 2 4
10206 4
3134 4 4
3136 3 4 3 4 4
523 1 0
3143 2 2 2
3144 3
3145 3
5833 2 2 2
3149 4
3150 2
3154 3 4 2 2 2 2 2 2
3156 2 3
3158 4
3161 2
3162 1
5989 3 3
3175 2 4 3
3176 4
3178 2 2
1895 3
3180 4
3182 2
3183 3 3 3
3184 3 3
3190 0 1 0
1897 1 0
3192 4
3194 1 0 1
3195 3 3
5994 1
3201 3 0 3
3202 3 0
3203 2 3
3207 4 3 3
3208 3 2
3215 1
3216 4 2
3221 3
8729 3
3224 4 2 2 2
3225 1 0
3226 4 3
3227 3 3
3228 4
3229 4 4 4
3231 3 4
3236 2
3237 3
3238 1 3 1 0 1
3239 4 3 4
3240 1 0
3245 3 4
10099 3 0
3255 4 2
3257 3
3259 4 3
3260 4
3261 2 3 4
3263 3 3
3266 1
3269 4
3272 3
3275 0 0
3276 3 4 3
3278 3 2 3 3 4
3279 3
3280 4 3
3281 1 2
1473 3
3284 4
10105 2
8740 4 4
9384 1
3294 0
3295 3 3
3296 0 1
3300 3
3301 4 3
3304 0 2 2
3305 4
3308 4 3
3309 4
3310 4
3312 4 3
3314 1 0
3317 4
3319 3
3324 0
3326 0 1 0 0 0 0 0
3327 4
3328 2
3337 3 4
3338 3 4 2 3
3287 3
3342 0 0
3345 1 0 0 3 3
3346 2 2
3348 0
3351 4 4
3352 3
3353 3 2 3
3354 3 2
8751 3
3356 1 0 1
3357 3
10117 0 0 1
2294 0
3362 2 3 3
3365 2 2 2 4 3 3
3366 3 3
3367 4
2567 3 4 4
3369 2 2 4 2 2 3
3371 4 4
3377 0
3380 2
3390 2
1931 4 4
3399 4 4
3400 3 4 3 0 3 4
3404 4 3
3406 2
1750 0 0 0
3410 3
1441 1 1
3417 4 1 1 2
3418 2 2
3419 2 2 2 2
3421 3 2
3424 4
3425 2
571 4 3
841 3
3436 1
1938 1 3
3439 1
3441 1
3446 0 0 0 0
3447 0 0
3448 3
11026 0
3453 4
3454 0 0 0 0
3455 4
3457 3 3 1
3459 1
3460 2
577 4
3466 4
3468 3
3470 3 4
1041 2 2 1
3473 2
579 3 4 4 4 2
3479 4 4 4
2298 4 4 4 3 4
3484 0
3485 3 2
3486 0
3487 4
3488 4 4
3489 4
3490 4
3491 1
3494 1 0
3497 3 2 4 4 4
8775 2 3 2 1
3500 4 2
3501 4 4 2 4
3502 1 1 3
8776 2 4 3 3
7411 2
3510 1
3511 4
3513 2
3520 2 2
3521 1 1
3523 1
3525 3 2
3526 0
3527 3 3
3528 4 0
3529 4
3532 2
3535 3
6952 3
1955 1 1 0
3540 0 0 0
3544 1 0
1956 3
3546 0
3547 4 4 3 3 3
3555 0
10150 4
3559 3 4
3560 4
9393 3 3 3
3563 1
8787 1
3572 4
3574 2
10153 4
3576 4 4 4
3577 4
3578 4 2
219 3 3
597 4
3587 4
3590 2 2 2
3591 2
3596 2
3597 2 2 3 3
3598 3 1 1
3599 2
3600 2 2
600 3 4 3 3
3604 1
10158 0
3606 1
3608 4
3609 3 3 4
3610 4
3611 3
3614 3 2
1968 3 0
3618 2 2
3621 4
3622 3
3623 3 4
3624 3
8796 1
3626 2 2
3627 4
3630 3 3 2
3631 2
3632 4 3
3634 2 2 2 3
3635 3 1 1
3638 2 1 1
3643 4 3 2 2 2 2
1973 2
3650 4
3651 1
3653 1 0 4 0
5207 3
3657 4 4
3658 2 2
3660 1
3661 3
3663 4
3665 3
3667 3
3670 2 3
3671 2 1
8804 2
3674 3 3 1
3675 4 4
3625 4
613 3
3683 2 2
3686 4 2
3687 3
3690 3
8927 3 4 4
3692 4
3693 1
3695 2
3696 2 3 4
8808 2 3 3 2
3698 2
3700 2
3701 4
3702 2
3704 4
618 1
10176 0
620 3 3
3722 1
3726 4 2 3 3
3727 0 2
3728 2 3
3731 2 3
622 4 4 4
3736 1 0 0 0
3741 1 1
3742 2
3743 2
3752 0
3753 2 3
3754 3
3756 4
3758 3
3759 3
3760 3 3
3762 4 3
3765 1 4 3
10185 0
3770 3
3771 2 1 3
3772 1
3774 0
3775 2 3 2
3776 3
3778 0
10187 3
630 2 3 3 3
3783 4
10188 3
3787 3
3788 1
3789 4 4 4 4
3791 3 2
3793 4
7459 4 4 4
3796 4
3797 4 2
3798 2
3804 4
3805 4 1 4 4 4 3
3806 0 0
3810 0 0 1
8827 0
3812 2 2 3
3813 1
3815 4 4 3 4 3
3816 0
3818 3 1 4
3821 2 2 2 2
3823 1
2644 4 3
3830 3
8831 4 3
3836 0
3837 2
3840 3
3843 1 0 0 1 1
3844 3
3849 2
3851 2
642 2 2
3854 0
7469 0 3 1 1 0
3858 2
3861 0 3 4
3863 4 3 3 4 3 3 3 4 4 3 4 2 3
3864 4
3865 4
3866 1 0
2010 2 2 2 2 2
3870 3 2
3872 2 2 2 2
3873 2
3874 3 3 3
10203 3
3876 2 2
3878 1
3880 3
10222 3
3882 4 2 2 4
3883 4
3885 2
3887 3 2 3 4
2014 2 1
735 3 3
3896 4
3897 4 2 2
3900 4 2 2 2 3 2
3903 1
3904 3
3907 4
3908 3
3910 3 3 4
3912 4 4 4
3913 2 2
3915 3
3917 1 1
653 3 2 3
3921 3 2 3 2
3924 3 3
1499 2
3929 3 2
517 4
9737 0 0 1 1
3937 2 4 2
3939 4
3940 4
3947 3 4
3948 1 3
8850 3 4 4
3951 4 4
3952 2 2
10161 0 0 0
3961 1
3962 4 3 4 4
3968 4 4 2 1 4 2
3970 1
2027 2 1
3974 3
3976 1 3
10220 3
10498 3
3981 2 3 3 3
3982 1 3 2 2
3983 3 3 3 4 4 4
3985 4
3986 1 0
3988 1 2
3989 4 4 3
3990 2
665 3 4 3
3993 3
3997 4
3999 2 2 2
4000 3 0 1
4001 3 3 4
4002 4
8859 3
5316 3
2861 1 2 2 2 2 2
4012 3 4
2034 3
1009 3
4018 2 4 4
4019 2 2 3 2 2
4023 0 1 0
2036 0
4026 4
8863 2
4028 4 3
4039 4 4 4
4042 1
4044 4 4
4045 2
4047 2 2 2 2 0
4049 4
4050 3 3
4052 3 3
4053 3
2041 4
4056 2
4058 0 1
4059 4
4061 4 4 4 4 3
4062 3 4
4064 4
3408 4 3
4066 3 3 3
2043 0
4069 4
4070 3
4071 3
4075 0 2 0
4079 4 4 3 4
4080 3
27 3 3 2
4082 2
4085 2
681 4
4088 3 3
4090 0 0
4094 1
4095 0
6683 4
4097 0
4100 4
4103 1 3 3
4106 1 2
4107 0 0 0
4110 1 1 2
4111 4
4113 4
4117 0 0
4118 3 4 3 3 2
4119 2 2
4125 2 2 2 2 2 2
4126 4
4130 3 3
6150 1
4137 4 3 4
4139 2
4143 0
4144 2
4145 3
4146 4
4149 3
138 3
6847 1
692 1 3 2 4 2 2
4156 1
4159 4
4163 1
4164 4
4167 3
4168 4
4171 4 2 2
4172 3 4 3 4
4174 3
2061 2
4176 3
8888 3 3
4178 3 0 2 1
4179 3 3
4180 2 2
10254 0
8889 4 4
4184 4
4186 4 2
4188 1
4189 1 1 2 3
4190 3 4
4193 3 3
8891 4 1
4197 2
4198 3
4201 1 2
4202 4
4203 2 3 2
4205 1 1
4207 3
4208 3 4 4
10259 3 2
4212 4 4
4214 1 1 0
4216 3
4217 4
4220 3 3 4
4221 4 2 3
4447 2
4227 0
4228 1 1 0 0 0 1
959 1
705 0
4235 3
8575 1 0 1
3437 4
141 2
8899 2
4245 4
4246 3
4248 3 1 1
4249 1
4250 1
4251 3 2 2 2 3 3
4254 3 4 2
4255 4
9689 3
4259 1
4262 3
4266 2 2 4
4270 1 0
4272 1
712 3
4275 0
4276 3 1
4277 4
4279 4 4 4 4 3 4 4
1665 0 1 0 0
10271 3 1 4 4
4284 0
4285 3 4 1
4286 2 2 2 2 2
4287 3 1 4
4288 3 3 2
10272 1
4293 3 2 2 3
4294 1 0 0 1
4302 3 2 2 2 2
4303 3
4304 3
4305 1
4306 4 4 4 4 4 2 4
4311 2 4
4319 2
4321 4 4 3
4324 0
10278 1
4326 3 4
4330 4 3 4 3
4331 3 3
4332 1
4333 4 4
4335 3 4
4338 3 3
4339 1
4342 3
4343 3 4 1
4345 4 3 3
8946 4 3 3 4
4349 2
4350 1 1 1
725 3
4353 2 3
4355 3 2 2 2
4357 0 2
629 4
4367 4 2 4
4368 4
4373 3
4374 2 2 2
4375 1 2
4376 3
4377 3 1
4378 4 2 4
4379 2 4 2 4 3
1965 0 0
4385 2 3 2 0 0 3
4386 4
4387 4 4 1 3
4388 0
4389 2
4390 1 0
4391 4
8924 4 2
4396 2 2 1 1 0 2 2 2
4398 3
4400 2 2 2 2 2
4401 0 3
4403 1 3
4405 4
4406 1
4407 2 4
4410 0 3
4411 0 0 3
4412 1 0
4413 4 4
10995 1
2101 4 4 4
4416 0 0
4417 4 4
4420 0
4422 4
4423 3 4
4424 4
4426 2 3
4428 3
4430 2 4
4433 3 3 2 1
4434 3
4435 4 3 2 3
4436 2
4442 2 4
7567 0
4444 4 2 4 2
10298 4
8933 1 3 4
4449 3
4450 3
4452 0
4453 3
4457 4
4240 0
4461 3 3 3 3
4463 4 4
4464 1
4466 1
4467 2 2
4468 4 3
9696 4
8605 0 1
4477 0 0
4479 3
4480 1
4481 0
4482 0
4483 3 3
4484 1 3
9151 1 0
4490 3
4493 1
4494 1
4495 2
8333 3 3
248 3
4500 3 4
8606 4
4506 1 1
4507 1
4508 4
4509 2
752 1
4514 4 2 3 3
4518 3 3 3 3 3 3
8945 4 4
4520 2
6443 4 2
4523 3
4524 4
4525 2 2 2
4526 4
7243 2 3 4 4
11062 3 4 3
4532 4
4533 3
4534 2 2
4535 4 3
4537 0 1 0
4542 3
4543 0 0 1
2257 1
4547 3
11105 3 4
4551 0
4552 3
4555 0 0 0
4557 3 2
4558 2
4560 4 3 4 4
760 4
2334 3
4563 4
10318 4
4570 3
4574 3
4578 1
763 3 2
4580 3 3
4583 4 2
4584 3
4585 3 1
4586 3 1
4589 4 2 4
4590 2
4591 1
4596 3 4
8958 2 2 3
85 4
9305 3
4601 2 2 2 2 2 3 1 3 2
4602 3 4
4603 3 2 2 2
4604 3
4611 4
4613 4 3 4
769 4
4618 2
4619 3
4620 3
4625 3 4
4626 3
4867 1
4628 2 2
4629 4
4631 1 0
4632 0
4636 1 1
4639 1
4640 0
4642 1 1
4643 4 4
4645 0 0 0 0
3505 0 3
4650 4
4651 0 0
8611 2
4654 4 4 4 3
4655 1
4657 4
4659 1
4662 3
8969 3
4667 3 0 1 3 2 0
4668 2
8970 1 3 0
1792 4 2 4
4673 2
4674 0
4679 3
4680 2 2 2
8972 2
10777 1 4 2
4688 1
4689 0
4691 2
4692 2 4 4 4
4693 1 1
4695 3
4696 4
8975 0 1
4700 0
4703 3
2150 1 3 3
4710 4
4711 4
4713 0 0 0
4716 3 4 3
4717 0 0
4719 0 1 3
4720 3 3
4723 1
4725 4
430 0 0 0 2 3 0
4728 3
4730 2
9432 2
6977 3 2
8981 4
4740 3
4742 0
4744 3
4750 3
4751 3 3
4754 0
4756 2 2 2
4757 0 0 0
4759 0 1
4760 3
4762 0 4 2 2 3 3 3 4
4763 4 4
4766 0
4770 1 1
4774 4
4776 4 2
4777 3 3 3 3 3 2 2 2
4779 3 0
3978 1
4784 3
4786 4
4787 4 1 2
4788 2 4
4791 3 2 0 0
4792 3 4
4793 1 1
4795 2
4796 2 3 3 4 4
4797 2
4799 4 3 3
4800 4 4
4803 3
4804 3
10358 4 4
4809 4
4810 3
4811 3 4
4812 2
4816 1
6707 4
4819 3
4822 3
2169 0 0
4824 3 1 3 4 3
4828 3
4833 2 3
4834 3 3 3
4835 1 0
4836 4 4
4837 3
4839 0 1
4840 4
4844 3 4 3
1396 2 0 2
4850 4
4853 4 4
4854 0
4855 1
4857 0 1
4858 1 2
4859 3
4861 3 3
4865 2
8543 0
4868 1 1
4870 4
10369 1 1 1 1 0
7639 3
4877 4
10983 1
10094 0
2179 1
4884 4
814 1
4888 3
10372 4
4890 1
4892 2 4 4
4893 4
4898 0 0
4902 0
4904 3 4 4
4905 4
4906 3
10375 4
4908 3 4
4909 4 2 4 3 3 1 3
9011 4 3 3
10377 4
4920 4 3 4 4 4
4921 1
4923 3 3
4927 1 2
4928 1
4930 2
4931 4
4933 4
4935 0 0
4936 3
4939 4
4945 3 3
4948 0
4949 4 4
9017 1
4956 3 1 2
4958 1 1 3
3557 3 2 2 2 2
4964 4 4 2
4965 4
142 2
8380 1 1
4969 3
4970 4 2
4971 0
4972 2
4973 3 4
4976 1 3 1
4978 4 2
6291 3 3
4980 4
4981 4 3 4 3
4982 1
4985 4
4986 4
831 1 0
2621 0 0
4990 0
3361 4
5002 2 3 2 3
5003 4
5004 2
5005 0 0
5006 0 0 1
5008 3 2
5009 2
835 3
5014 4 3
5015 0 0 0 0 0 1
5016 2
836 0 1
5021 3 4
837 0 4
5028 2
5029 0
5030 3 4 2
5032 4 3
5034 3
5035 4 4
5036 1
5039 4 4 4 3
9032 0 0
5044 0 0 0 0 1 0
2206 2
9988 2
5047 2 4
5049 4 3
5050 4
5052 3
5053 3
5055 3
5056 3 4
2208 0 3
5058 4
1805 4 2
5061 3 2 2 4 4
5062 1 1 2
5064 3
10807 3
5066 3
5068 3 4 2 3 2 4 4
987 2
9037 1
5072 3
5074 3
9989 3
5080 1 1 1 1
2816 4
5082 3 2 2
5083 4
5084 4
5086 3 4
5088 1
5090 1 1
5092 1 0 1
2214 3
5095 3 3 3 4
5097 1
10407 4
5100 2
10945 0 0 1 0
5103 1
5105 3 3
5106 4 4 3
5107 1 1 1 1 0
5108 3 3
5110 4 3
5114 1 3 3 2
443 3 3
5119 3 3
1807 0
5122 3 3
2219 3 3
5124 4
5125 3
5127 1 0 1
5128 1 0
10412 0
5130 3 2
11082 3 4
5138 2
5142 3
5144 0 0 0
5149 4
5151 2 2
5154 2
5156 0
5158 1 0
2225 0 1
2226 2
5166 2 4
5167 3 1
5168 2
5169 1
5170 3 4 2 3 3 3 3 3
5171 4
5175 0 0 0
445 3
9921 2
10421 2 3
5185 1
5187 0 1 0
10422 4
8629 2 4
5195 3
5196 1
5197 2
5198 3
5201 2
5202 0
446 4
1810 4
8212 1
5213 2 3 1 1
5216 1 3
5219 0 1 1 0 1 1 0 1 1
5221 4 3
5224 2
5227 0
5228 0
5229 1
5230 4
10429 4 4 4
5232 3
362 4
5243 4 4 3
5249 3
5252 2
5253 4 2
5254 2
5255 0
5257 3 3
5262 3
5265 2
5266 2 4
5267 4
5269 0
5270 4 3
5272 3
5275 4 4 4
5281 3
5283 0 0
2246 3 1
5287 3
5290 2
5294 3 3 3
5298 2 2
5301 4
5304 3 3 1
4727 2
5309 1 0
885 3 3 3 4
5312 3 2
5313 4
5314 4 4
9336 3
5317 3
5328 2 4
5333 2 2
5334 1 0
5339 3
5340 4 3
11089 3
5343 4
5344 2
4987 4
5348 4 4
5349 3 4
5350 0
178 3
5355 3 0
5360 2
5361 3
5363 4
5364 2
5367 4 4
5371 2 2
5373 4
10453 4
5376 3
5377 0 0
5378 3 2
5379 2
5380 3 3
5383 2 2
5385 1 0 2
5386 2 2
1851 0 0 1
5389 4
5390 3 4
5394 2 3
5395 3 3 2 3 3
5396 1
2089 3
5401 2 4
2362 4
5406 3 2 3
1271 1
5409 1 0
5414 2 4
5415 1
5416 3 4 4 4 3 3 4
5417 0 0
5418 4 4 4
9095 4
5423 3 3
5431 0 0
5432 0 0
5435 0 0 0 0
5436 2
8274 4
5438 3 3
7733 0 1
5443 3 2
5444 4
5449 4
5450 2 2
5452 1
8376 3
5458 4 4 4
5461 3 4 2 3 3 3 0 1
5462 2 2 2 2
5464 3 4 4 2
5466 1 0 1
5472 3 3 3
5475 4
2278 3
5478 1 1 4
5480 0 0 0 0 2 2 2 0 1
5947 3
5486 4 3 4
10472 0 1 1
5492 4 4 4
5493 1
10473 1 2
5497 3
5498 3 4
5500 2 3
5502 3
5504 1 3
5506 3
6379 3
5509 0 1 0 0
5513 1
5514 2
5517 3
5518 2
5523 1 0 0 1 0 1 1 0 0 0 0
8640 3 3
5017 2
5528 2
5531 4
5533 3
5534 2
10566 3 3 1 2
5536 3
5538 0
5540 0 0
5542 1 0
5544 4
924 2 2 2
5547 3 2
5549 0
5551 2 1
5552 4 3
926 0 0
5558 4
5564 3
5566 4 4
9120 4
1822 3
5572 2 4 2
5573 1 2
5575 1 1
5576 3 4 4
5577 3 3 3
5579 4 3 4 4
5580 2 2 2
5582 4 3 3 3
5584 3 2
5585 2 2
5587 1 1
5590 2
5592 1
5594 1
5595 1 2 3 2 4 3 2 3
5597 0
5598 4 4
5599 2 0
5600 2 2
5604 4
5606 2 2 2 2
5607 1
5610 3 4 2 2
5611 3
5612 2
5613 3 3
5615 4 4 3 3 3 3 3
5619 3 3
5621 1
5623 1
5625 3
10495 3 4 3
5628 3 4 4
5629 2 2
5630 3
5631 4 2
5632 3
5633 3 4
5634 4
5635 2 2 2 2
5639 3 3
5643 4 3 4
5645 4 4 4 3 3
5646 4
5652 4
5654 2 3
5657 4 4
5658 1
5659 4 4
2386 3 2 2 3
5661 0
5662 3 1
5664 3
1456 0
5666 1 3
5668 3
5669 2 1 2
5671 1
5674 1 1
2311 2
3677 4
5680 4
5682 4 4
5683 2 2
5684 3
5685 1
9191 3
5691 0 0 1 3
5692 3
5694 1
5045 3
5698 1
5700 1
5701 3 3 2
5702 3 4
5703 3
2372 2
951 2 4
5711 0 0
10283 3
5715 1
5716 3 2
5718 1 4
5719 3 3 3
5721 2 3
5727 0
5728 2 4
5731 4
529 4
8647 4 3 3
5736 2
9148 1 4
9150 2 0
5752 4 3
5753 3
5754 2
5755 0
5758 3 3
5759 3 0
5760 0 1 0 0
5761 4
5762 1
7787 4 3
5764 1
5770 1 3
5771 4 4
5772 4
10285 4 4
5775 2
5778 4 4 4
5779 0 1 0 0
8403 2 4 3 3 3 0
5784 3 4
5787 3 3
5790 2
9157 2
5793 4
2331 3
5796 4
9159 3 3
5804 2
5807 2 1
5809 0
5811 3
5812 4 3 4 2 2
5813 1
5814 2
5815 4
5823 4
5824 0 0
5825 2
5826 4 3 2
5827 4
5829 4
5830 2 2 2
5831 3 3
5832 4 4 3 3 3 4 4 3 3 3 2 4 2 4 4 4 4 3 2 4 4 4
972 1 4
467 4
9165 3 3 3
10897 4
5843 2
5846 0 0 0
5848 2
5850 4 3 2
5851 3
5852 4 4 4 2
2377 0 1 0
5855 0 1
5857 4
5860 1
5862 2
5863 4
5868 4
5870 4 3 4 4
5871 4 4 4 2
5873 4
5874 1 2 1 1
5875 3 0 0
10834 4 4 4 4
5877 3 2
5880 2 4
5881 2 3
8652 3 2
5885 4
5889 2 2 2 4 4 3
5890 3
5891 2 3
196 0
5893 2
5895 3
5898 4
5900 3
5902 3
5903 4 4 4
5905 0 0 0
10835 3
5907 0
5908 1 1 1
5912 2
5914 3
5916 2 2
5921 3 3
5923 4
1561 0 0 1 0 1
5926 2 4 4
5927 2 2 1
5929 4
5930 2 3 2
5932 3 2 3 4 3 4 2 3 3 4
5934 4
5935 1
5936 4 4
5946 1 0 1
10668 4
5948 3
5950 3 3 4
5951 3
5953 3 1
5954 3 3
5956 2
5959 4
1230 4
5961 4 2
5964 4 3
5966 2
8382 3
5969 3 3
5970 4 4 3
5971 1
5972 3
5975 0 1
5976 4 3 2
5981 2
5982 4 4
5985 4
5988 3 4
9190 1 0 0 1 2 2
1836 1
5992 4
10556 4
9474 3 2
5995 3 2 3
6002 3
6003 3
6006 4
6007 4 4
6008 3
6010 1
6011 1
6014 4 3
6016 0
6019 3 4 4
6020 3
6021 2
6023 2
6024 2 3
6025 2
6027 0 0 0 0
6029 3
5101 2 2
6033 3 1
6034 4
6036 3
6037 1 0
6040 4
6041 4
6043 4 4
6045 3 3 3
6047 2
6053 2 2 2 4
6055 1 1 1 0
6056 0 0 1 1
9749 3 3 3 3 3
6062 2 0
6063 1 0
6064 2 3
6067 1
6070 3
6071 4 4
9828 0
6077 0
6079 4
6081 3
6082 2 1 4 2
6083 4 2
6085 1
6086 2
6088 1 0
6090 4
6091 1 0 0 0
6092 3
10573 4
6099 2
6100 3
6102 4 2
6104 3
2383 2
6110 4 4 4 3
6114 4
8387 4
6121 4 3
6124 3
6125 3
6126 1
6129 1 2 2 2
6130 3
6131 4 3
6132 2 3
6133 2
6136 2 1 1 1 0
6138 3 4 2 4 3 3 3
6140 3 3
499 3
6145 4 2
6146 4
9752 0 1 1
6154 0
6156 4
6157 3 3 4 4
6161 2 2
6162 3 1 1
6163 2
6167 3
478 3
6169 3 4
6170 2 4
6172 4 3 2 0 2 4
10586 1
6174 3 2 4 3 3
6179 3
6180 1 4
6182 0 4 0
6183 4 4
6184 3
6186 4 4
6187 3 4 4 3 4 2
6189 4 3
6190 4 4
6493 0
6192 4 2 2 4 4 2
6194 4 3
6196 0
2387 4
6198 3 4
6199 1 1 0 1 0 1
6200 1 0 1
6201 3 2 2
6202 3
6204 3 3
1034 2 2 2 0 1 1 0 2 2 2
6206 1
6207 1 3
6209 2 4 2
6211 4 2 2
6213 3
6214 1
2401 3
6216 1
6217 3
6218 3 4
6222 4
6226 0
4133 3
6231 4 3
6232 0 1
6233 3
6235 3
6238 3 2 2
2405 0
6245 1 0 0 0
6246 2
6247 3 4
6248 3 4
6249 1
6250 0
1042 2 2
6255 3 4 3 2
6257 4
6258 4
6261 1 4 4 4
6264 4
6267 2
6268 1
9756 2 3 2 2 2
1045 1
6273 2 4
6274 3 4 3
6276 3 3 2
6277 2 4
6278 4 0
6280 2 2
6284 3
6289 3
6290 3
3779 2
6292 1 1
6295 4
6296 3 2 2
6298 3 3
3781 4
6306 2 2 4
6309 3
2417 3
6313 2 4 4
6314 1 1 0 1
6318 3 4
6320 0
6321 0 1
6322 2 3
2419 3 0 0 3
6327 4
6328 2
6329 4 3 4
1055 4 2
6335 3
6336 3 2
6338 2 2 2 2
6342 0 0
1057 4 3
6345 3 2
6348 4 4 4 4 4
1848 3
6352 4 4
6353 3
6355 2 3
6356 4
6357 4
2121 4
6367 3
6369 4
6372 3 2 2 1
9254 0
6374 2
6378 2
9255 3
6381 4 4
6383 3 3 3 2 2 2
6384 4 3 4 1 2 1 3 3
6394 3 0 3
10623 2
6398 2
6400 2
6401 0
9259 3
6404 4
6409 2
6410 2 3 1
6411 4 4
6413 4 3 2 3 2 2
1069 3 4
6416 4 2
6417 2 2
6421 3 3 3 3 3 3 2 3 3 3 3 3 3 3 3 3 3 4
6422 3 4
6423 2 2 2 2 2
6424 3
6427 2 2 2 2
8781 4
6429 0
6433 2 4
6434 4 4 4
6436 4 4 4
6437 3
6441 4 3
10631 3 2
9266 3 1
6448 0
6449 2
6450 1 0
6451 4
6453 1 0
6454 3
6455 3
6459 3
6463 3 3
6466 3
6470 3
6473 4 4 4 4
6474 1
6475 3
6476 2 2 2 2
6478 3 4 3
6479 1 1 1 0 1 0
6480 4
6481 4 4 3
6482 0 2
6484 2
8672 4
6486 0 1
6488 3 3 2 4 3 3
216 2
9274 2 3
6495 3 2
6497 3 2 4 4
2944 3
6499 1 1 1
6501 0 0 1 1 1
6502 0
6507 3 2 2
6512 1
6514 0 0
6515 0
6517 4
6520 2
6521 0 0
6523 0
6524 2 3
6526 3
6527 2 2 2 2 2 2 2
6531 3
6532 1 0 0
6533 4 4 4 3
6537 3
6538 1
6541 1
6542 4 2
6547 4
6548 3 2 4 4
1080 4 4 4 4 4
6550 4 2 2 2 3
6552 4
8336 4
6558 1
6559 4 4 4 4 4 4
6561 4
6563 4 3 4
6564 1
6567 0 3
6568 3
6569 0 0 0 1 0
6570 4
1095 0
7311 4 3 3
6574 2 4
10653 2
6576 2 4
6577 4
6578 4 2
6579 2
6581 2
6582 2
5193 3
6584 3
6585 3
6586 3 3 3
10655 2
6590 2 2 2
2464 3 3 4 2
6597 4
6598 3 0
6599 3
1100 3 1 4
6605 2 3
6606 0 0 0 1
6607 0
1102 0
6615 2
6616 4 4 2 2 2
6617 2 3
9295 4
6620 3
6621 4
6622 4
3835 3
7313 4
6635 0 1 0 0
6637 4
6639 2 4
1107 4
6644 3 3
6647 4
6648 0 0 0
10666 1 1
767 4
6658 1
6571 4
6660 4
6662 4 2 3
6572 3
6667 2 4
6670 0
6671 3 4
222 2
6675 4 3
6676 2
6678 4 4
1113 4
6681 3 2 2 2
1681 3 1
2479 0 0
6686 1 1
6688 3
6689 2 2 2 2
9307 1
6692 1 0
6695 1
6697 1
6698 4
6699 1 0
6701 2 3 2 4 2
6703 2
10675 3 3
6708 4
10589 1
6712 4 4 3 4 4
6713 4 4
6714 3
1119 4 4
6718 4
1120 1 1
6728 4
6729 1 0
2487 0
6732 0
6735 2
6738 4 4 3
9315 4
6741 0
6745 3
6747 4 2 4 2 3
6748 3
1736 1 0
6753 4 3 3
2491 0
6756 4 2
6757 1
6759 3 4
2680 1 1
1589 3
6768 3
9320 4
6771 1
6772 2
6773 2
1129 4 4
6776 4
6779 3 3 3
6782 4 4
6783 3 1 0 0
6786 1
6787 3
6788 3
6789 3
6792 4
6793 3
1684 1
6799 4 4
6801 1 1 2 3
10691 4
6804 4
6805 2
6808 3 3 0 3
6809 3 2
2501 0
6816 4 1 3
9328 1
6818 2
6821 3
6824 1
6825 2
6827 1
6828 4 4
5234 2
6831 2 4 3
6833 4
6834 4
6835 3 4
6837 2
6838 2
6839 4
6841 1
6843 3
6845 1
6846 4
9333 4 3
6851 4
6852 4
6855 4
6856 3 2
6859 2 2
6862 4 4 4
6863 2
6865 2
6866 0 0 0 0
6868 2 2
482 3
6871 1
6873 3 3
6874 2 4
8685 3
6877 2
6878 3
6879 3
6881 4 4
6882 3 4 2
6883 3
6884 2
9593 3
6886 3
6887 4 4
6892 3 3 3
10706 4
6895 2
6896 4 2
8413 2
10707 2 2
6900 2
6911 1
6912 3
1152 4
6915 0 1
6923 4 4 4 4
6925 2 4 3
6926 4 4 2
7981 0
6930 3 2 2
6932 1
6933 2 2 2 2 3
6934 3 4
6937 1
6938 0
6939 2 2
6941 0
6942 4
6944 3 3 3 2 1
6946 3 0
6947 2
6948 3 4 3
6949 3
6950 0
6951 2 4 2 2 2 3 4
1868 2 2
5687 3
6954 2
6955 0
6957 0 1 0
6958 4 3 4
6962 2
6965 1 0 0
6967 4
6968 2 2 2 2
6972 2
10720 4 4
6978 2 2 2 2
6979 0
6982 2 3 3 4 2 2 2
10903 1
6984 4
6985 0
6988 2 2
10722 0
6990 4 3
6991 1
6996 3
6997 4 2
6998 4
6999 3
7002 0
7003 4
7004 4 3
7006 1 1 1
9360 0
7012 3
7013 4
7014 1
7018 3 2
7019 4 4
7021 3
7023 4
7025 3
7026 0
7028 1
7029 0
7030 0
7034 4 3 4 3
9594 2
7038 3 3 2
9365 4 4
7042 2 2
7043 3
10379 3
7049 4
7051 4 4
7055 4 3 4
1264 3 3
7062 3 3 3 1
7064 2
7065 1 1 0
1178 1
7070 3
7072 4
7073 0
7075 1 3
7076 4 1
7078 3
9372 4 4 4 3
7083 3 3 4
7085 0
7087 0
7090 2
7091 3 0
7093 2 2 4 4 4
7095 3
7096 4 4
1411 4
7106 2 2
7113 3 1
7114 2 0 4 2
7117 4
7122 4
7126 0 0 0
7128 2 4
7132 4
7137 4
7138 3
7140 4
7141 4 2 2
7147 3 4
7148 4
7149 0 0
7150 3
7153 3 2
10331 4
7156 0
9385 0 0 0 0
7160 4 4 4
6655 1
7165 0 1 0 1 0
7168 0 1 1
7169 1 0 0
7170 3 3
9387 1
7174 2 2
2561 0
3785 0
7180 3 0 0
7183 4
7189 3 1
7190 4
7195 3 3 3 4
7196 4 3
7200 0
7201 3
7204 4 2
7205 0 0
7207 2
7208 4
7209 3
7211 4
7213 0
2007 2 2 2 2
7216 2 2 2
10760 4
7219 4 3
1877 0
7224 4
10762 3 3
7233 0
7235 0
7238 0 0 1
7240 4
2572 3 3
241 0
7244 1
7245 2
7248 1
7249 4 4 3 4
7250 3 2
7251 4
7254 4 3
1209 2
7258 2
1210 4
7262 4 4 2 3
7264 3
7272 4 4
7274 0 1 0 0 0 0 0 0
1606 0 0
9405 2 2 2
7280 3
7282 0 1 0
10771 3 3
7284 1
212 2
7288 4
7289 4
5311 4
7293 3 2 3 2 2
7295 0
7296 0 1
7297 4 4
7299 4 3 3
7301 2
7306 2
7307 1 0 0
7310 2
3949 3
2584 4 4 3
7314 3 2
7319 2 2
7320 1
7321 0 1
7323 1 1 1 1
7327 2 2 3 3
7328 2
7329 3 4
7330 1 1
7331 4 4
7332 2
7334 0
9917 1 1
3954 3 3
7344 1 1
7350 3 2 3
7351 1 1 1
7352 4
7355 1 1 1
7356 0
7359 3 3 2 2
7360 3
7361 3
7365 3
7366 3 0
1140 3
7368 4 3 4 3 3
7369 3 4
7372 0 1
7376 2 3 4
7378 0 1
7381 2 2 3
7385 3 3 3
7387 3 3
7389 3 3
7390 3 3
7391 2
7393 3
7396 4
7399 3
7401 3 4
7402 2
7406 4 3 3
9427 1 1 1 3 2 3 3
7412 2
7417 4 4
7422 1 0
7423 0 0
7424 2
7426 4
7427 3
7428 3
7431 2 3 4 2
7433 4 4 4 4
7435 4
7438 2
7440 3
7441 2
3971 4 3 4
7445 3 2 4
9433 4
7449 3 3 2 4 2 4 4
7450 0
7453 4 4 3
7455 3
7458 4 4 2 2 2 2
1243 3
7463 3
9436 4
7466 4 0 3 1 1
10802 3
7470 4
7471 2
9796 1 0
7473 2
7475 3
3977 3 3
7483 0 0
7484 0
7485 4 3 4
8075 3
7492 3 2 2
7495 4 4 4
7497 4
7499 3
7501 3
2616 1
5347 4
7515 0
7519 4
7522 3
7527 4
4615 4 3 4
7530 1 1
9447 1 1
7535 3 2
7536 3 3
7537 4 2
7539 3 2 4
7543 3
7547 3 2
7548 1
2887 0 1
7550 3
7551 3 2
7552 4 4
7553 2 4 2 3
7555 2 3 4 4
7556 4 4 4 2
7557 3
7559 3 3
1260 3
7562 4
7563 4 4
7565 1
7566 2 3 3 2 4
1261 2 3 4 3
9454 2 2 2
7575 4
7577 3
7579 4 3
7580 0
7584 1
7585 3
7586 4
1265 2 3
7594 4 4
7595 2
7596 2
7599 4
7600 3 3 3 3
7601 3 3 4
7602 4 3 3 2
7603 3 1 3 3 3 3
7604 1 1 0 0
9325 2
10825 4
7611 1 2 2
7612 4 4 3
7613 1
7614 4 4 4
7620 3
7621 0
7626 2
9463 3
7629 3
7630 3
7631 3
7635 3 3 2
7636 4 4
10830 4 2
7638 3 3 2
1273 2 2 2
7642 2 3
7646 3
7648 2
7650 3 2
7651 2 2 2 2 4 3 1 3 2 3 3 3 2 3 3
7654 3
7655 2 4
7656 2
7657 2
7659 3
7661 3
7664 2 2 2 2 2 2
7665 0
7667 1 0
7673 0
7674 2 4
1279 1 0 0
7676 2 2 2
7682 2
7685 3
9473 3 3 3
7689 0 0
7691 2 4 3 2
7693 0 2 4 3
7695 1
7699 4
7700 3
7704 3
7709 3 4
7712 0 1
7714 3
10843 0
7716 3 4 2 3 3 3 1
7719 4 3 2 3
7720 2 3
7721 3
7722 0 1
7723 2
7725 1
7728 2
2654 2 4 2
7735 4
7736 3
7737 2 3
7740 4 3
7747 1
7749 1 4
2657 2 4
7752 0 0
7758 1
7759 4 4
7762 0 1
7763 3
7765 4
7768 2
7771 0
6271 2
9488 1 0 0
8123 4 4
7785 3 2 2 2 2
10855 2 2 2
7789 3 2
7790 4 3
7792 2
7794 1 1
7795 4 3
7797 2 2
7800 3
9807 1
7803 3 3 3 3
7806 0
7807 2
7809 0
7810 2 4 4
7811 3 3 4
7815 0
7816 2 3 4 2
2668 3
7818 4
7819 0 2
7820 2
7823 2 3 2
7825 4 3
7832 4
7833 0 1
7834 3 3 3
7838 2
7839 2
7841 0 0
7842 2 0 2
7843 3
7844 2
7845 3
7846 3
1907 2 3
7850 1
7851 0 1
7853 4 4 4 4
1309 1
7863 3
7864 1 0 0 1
7867 3 3 1
7869 3 2 4
7870 2
2677 4 4
7873 3
7874 4
7875 1
7876 4 3
7877 4
7879 3
7881 3
7882 1 1
1198 3 3
7887 2 3
7888 3 3
7889 4
7894 4
2445 2
9508 4
7898 2 3
7899 1 3 3 3 3
7903 3
7907 1 3
7908 2 1 0 1 3
7910 2
7911 3 3 2 3 2 2 2
7913 4
7916 1 0 1 1 1
7917 4 4
7919 3
7925 1
7928 3
7931 3
5419 1 4
9516 3 3
7947 1
7948 0 1 1 1
9812 1
8509 2
7955 4 3
7956 4
7957 4 4 4
7959 3 3
7960 3 3 2
7963 2 4
7965 3 4
7966 4 3 3
7967 2 2
7968 4 3
7972 3
7974 3 3
7976 3
7977 0 0 0
10904 1 0 1 0
7980 4
9522 4
7988 2
7989 3 3
2697 3
7993 2 2
65 3 1 1
7998 0
1333 2
10632 3
8003 4 4
8004 3
8006 3
8007 3
8010 1 1
8011 2
8015 0 3
1336 4 2 2 3
8019 3
8020 0 0
8021 3
2722 4
8024 1 0 1
8027 4
8028 1 1
8032 2
8033 3
8034 0 0
8037 4
8038 1 3
8039 3 1
8040 3
11179 2
8046 3
8047 4
2782 1
8053 1
8054 3
8055 3
8057 4
8058 3
8063 1 1 1
9543 1
8067 0 0
8069 0
8072 3
8073 0 0
8074 4 4
11180 3
8076 3 3 2
10089 4 2 2 2
8080 2 3
8081 2 2
8082 2
8083 1
771 3 1
8088 3 2
8089 2
8090 3 0 0
8093 4
8094 2 3
8096 3
8106 1
8107 4 4 2
8108 0 0
8109 1
8113 2 3 2 2 2 2
8114 2 4 2 2
8115 1
8116 3 4
8117 3
9545 1 3 2 3 2 3 3
8122 1
6815 2 4
8124 4
1354 3 3 3
8127 2
8128 0 0 1 0 1 0
8129 3
8130 1 4 1
8131 0 0 0 0 0
8133 4 4 2
8135 1
1356 1
8141 4 4
8142 3 2
8143 4
8145 2
8146 3
2723 4 3
8148 4
8149 3
8151 3
8153 3 4 2 2
8154 3
8155 0 0
8156 3
8157 3
8163 4 3 3
8164 3 2 3 4
8166 1 3 4 4
1361 2
8168 3
8171 2
8173 3 3
8174 2
6601 3 3 4
8178 3 3
8182 4 4
1909 2 2 1 2 2
8186 4 4 3 4 3
