1 4 4
2 2
8195 2 3
8198 4
7 0
8200 1 3
8201 1
8202 2 2 2 2 2 4 2 2
8203 4 4
6547 4 3
13 1 0 0 1
14 2 2 2 2
8208 1 0 1
3001 2 2 2 2 3
8210 3
8212 0
8213 4
8217 4
26 3 4
8220 4 4
29 0 0
30 4
8226 1
35 0
36 1 0
37 1
38 4 4
39 4
40 3
41 0
42 4 4
8235 2
8236 4
47 2
8242 1
8243 4 4
52 4
53 4
54 0 3
55 3
56 3 2
8249 3 4 2
8250 3 2 0
8252 4
61 2
63 4
8257 2
66 2 3 2 2 4 4 3 2
8259 2
68 3
8262 4 3
71 4
72 3
73 1 0
8268 4 2 2 2 2
78 4 4 4
8271 3 4 4
10641 3
81 2
8274 4
8275 2
84 2
8206 4 4
8278 0
87 4 4 2 4 4
2185 0 0 0 0
8282 3 2 2
91 2
92 1 3
8285 2
8287 4 4
16 2 2 2
8290 0
99 2
8292 0
101 3 4
102 3
8297 0 0
8298 4
8299 4
18 2 2
8302 2 2
111 2 3 3
112 1
8306 4 2 3
115 4
117 2 2 2 2
8313 3
122 4
10943 4
124 2
8318 0 0
127 2 0
128 4 4
8323 1
8325 1 1 0
8327 3
136 1
137 3
138 3
141 4 4 3
8334 2
143 4
146 4
151 2 2
8344 3 3
154 3 3
8348 4
8349 3 4 2 3
159 4
8352 4 1
161 4 4
162 0 1
166 2 3 4
8359 4 4
8360 4
171 2
8365 2 1 2 2 2
8366 3 3
176 4
177 0
8370 1
8372 4 4
8373 4
8374 2 2
183 3
184 4 1
185 4
186 3 4 4
187 2
8380 4 2
8381 2
190 1 1
191 3
8385 3
194 0 0 1 0
195 4
8389 3 0
8391 4 3 3
200 2 4
202 4
8395 4 4 4 3
8396 2 2
8400 4
8401 1
8402 3
211 3
212 4
8405 1
217 4
8410 1 0 0
8412 1 0 0
8413 2 4 4 2
8415 4
225 1
8418 4 4 3
228 2 2 2 2
229 0
8422 0 0 0 0 0 0 0 0
8423 0
8424 2
233 3
8426 4 3 3 3 4 2
8427 3
238 1
1405 3
240 4
8232 3
8434 2
243 0
244 2 2
8442 4
1407 3 2
8444 3 4
8445 4
8446 1
255 4
8449 0
8451 4 4
260 3
262 0
8455 4 4 4
8456 1 0
265 0 1
8459 2
9602 2
271 3 3 3
273 4
8466 4 4
275 4
276 1 0
8471 2
8472 3 3 2
281 4 4
282 4 3
8475 3
8476 3
285 2
288 2 4 4
289 2 2
8483 3 2 2
293 4 2
294 4
8488 1
8489 4 2
8490 1 4
299 0
8492 1
302 4
6877 2 2 2
304 4
8497 4
8498 4 4
51 1 1
308 4
8501 2
312 3
8505 3
8508 4
2659 3
320 2
8513 1
322 4
8515 3
326 2 2
327 4
328 4
329 4
8522 1 0 0 4 3
8523 3 4
332 2
8528 4
8529 3 4
8533 3 4 3
344 4 3 3 3
8539 4
8540 3
8546 4
8547 0 1 0 0 2 3 4
10923 4
8551 1 1 0 1 1
360 4 2
8553 2 4
8554 3 2
363 4
1426 2
12 4 3
368 2
8561 4
370 3
371 4 2
8569 1 1 0 0
379 4
381 3
9621 4
384 3 1
385 4
388 0 1
1430 0 0
8584 4
8585 4
396 1 3 3 1 3
8258 4 4 4 4
8590 2 3 3 2
399 0 4
8593 2 2 2 2
8594 1
8595 4
404 4 4
405 2 2 1 2 2 3
8599 1
408 3 3
410 0
8603 4
412 2
8605 0
414 4 3 4
415 2 2 3
416 0
417 2
418 3
8611 3
8615 2
424 3 4
426 4
427 0
8621 4 3 3
9629 4 3
432 3
8626 1
435 4
8628 4
9630 1
439 4
440 0 1 0
441 4 3
442 0
444 4 4 4 4 4 4 4
8638 3 4 4
8640 4 3 3 2 3
453 3
8646 2
455 1
457 2 4
459 3 4 4 3 3
8652 3
461 2 4
8654 3
8655 0 0 3
464 3 3 4
467 1 4
8660 1 1
8661 4
470 0 1
8664 4
8665 2
474 0
8668 3
2810 3
478 4
1445 1
480 0
8673 4 3
8674 2 4
483 4 3 3 2
8676 4
8677 4 4
8679 3
488 4 3
489 3
491 4 3
492 4
82 3 3 4
8686 3
8688 1
8689 2 2 4 4
8690 3 4 4 3
8691 4
8692 0 1
11006 0
8694 4 3
8695 3
8696 1 2
8698 3 3 3 3
8699 3 4 3 4
8700 3
8701 1
510 4 3 3
511 4
512 4
513 3 3
515 3
8708 3 4 3
8709 4
520 0
8713 2 2 3
522 3 3 3 3
8715 3 3
8716 0 0
8718 0
8719 2
529 3
8722 4
9565 3 2 4
539 3 0 2
540 3 4 3
90 4
8734 0
543 4
8736 3
545 4 4
8738 4
8787 1
8740 4
11014 0
8742 4 2 2 4 2 2 2 3
8744 1
8745 4 3 1
554 4 4 2
556 2
558 4 3
560 3 3 4
8753 1 3 3 4
8754 4 4 4
565 4
567 2 4 2 2 2 2 2 2
568 2
8761 4
570 2 2 2
571 4 2 4
572 4 4 3 3
8765 2 3
575 3
8768 0
8769 2
11019 4 3 4 4 4 4
8772 4
8774 3
584 2
8777 3
8780 2
8781 3
8782 3 2 2 1
591 4 4 4
8784 4
593 4 4
8291 4 3
8789 3
599 3 3 2
8793 3 3
602 4 4
603 2
8798 4
10113 2
610 4
611 2
8804 4 4 4
618 3
620 4
622 4
8815 4
624 4 2 3 1
625 2
8733 3
8822 4 3 2
631 4
8824 4 4
8826 2 2
635 4 2 4
636 3 1 3
639 0 1
640 4
8833 3 3
642 1 1
107 3
644 1 2
8837 2 3 2
8838 3 2 3 1 2 2 2 2 2 2
1473 4
648 4
651 0 0
8844 1
653 4 3
8847 3 3
656 2 2 2
8849 4
660 4
662 1
663 1 1 1
664 4 3
8857 4 4 4
8858 3
8859 4
8860 2
8861 3
8866 2
8867 0 0
8870 4 0
8871 3
8872 3
8873 2
683 3 4 4
8876 0 0
685 3 2 0 2
686 2
8879 2
8881 4
8882 1
691 3
692 4
693 2
694 2
8752 3
8889 3 4
8891 3
701 3 4
702 1
8309 3 4
8896 1 0 0
705 0 0
8899 3
708 2 4 4
709 3 3
8903 4
712 3
8907 3
8908 4
717 0
719 4 2
8913 2
8914 0 1
723 3 4 3
725 1 1 0
727 3
728 2 2 4
729 3
8923 3
8924 2 2 2
8925 3 4
734 3
735 4 4
8928 2 3 1
8929 3 2 2 2 4
8930 3 1 2
8932 2 4
8933 3
742 4
8936 4
8937 3 0
746 2
8939 3 3
8942 4 4
8944 4
8945 4 4
8946 2 3 3
8947 3
25 2
8949 0
758 4 4 4
759 3
760 2 2 3
762 2
8955 1 3 0
8956 1
8958 3
767 1 1 1 2
8960 2
8963 1 0 0 0
8967 4
8968 3 1
778 0 0 0 0
779 4 4
8972 2 2
8974 1 0
783 4
784 2 1 3
131 4
8980 3 3
791 1
8985 1
8988 4 3
133 2 3 4 2
800 4 4 3
8994 4 4
803 3
8996 2
8997 4
9002 3 3 3
811 4
812 1 1
814 3
8328 4
818 4 3
2867 1
821 4 3 3 2
9014 4
300 0
9016 3 2
9019 4 3
829 4
830 1
9024 2 4
9026 3
9575 3
11062 4
9030 4 4 4
839 4
9034 3 3
9035 4
9037 0
9039 3 2 2 3 4 3
9043 3
9045 0
855 1 1 0 0 0 0 1
858 4
9051 2 3
9053 0
862 3 1 4 4
9056 3 3 3
9057 3
2875 3
9702 4 4
9064 3 4 3 2 4 4 4 2 3 2
9066 3
9067 1 0
9068 3
878 3
9071 3 2 4
2757 1 0 1 1 0 0
883 0 0 1 1
9076 2 2 3
887 2 3 2 1
9080 0 1
9083 2 2 2 2
893 3
897 4 4
898 3 4
899 3
904 4 4
9097 3 4
1517 2 4
914 4
915 0 1 1
9110 4
1519 2
924 2
9117 1
9119 3
9120 2 2 2 2
1520 4
930 1 2
8244 1 1
9128 0
9129 1
938 3
940 3
941 3 3
943 3
945 2
948 2 3
9141 3
9142 3 3 2
951 3 4
9145 3 3 0
9146 3 3
955 3 4
9148 4
957 3 2
960 4
1261 3 2
962 1
9156 3
9158 4 3
9159 3
968 4
11084 1
971 4
9164 3
976 4
977 3 4
978 1
11086 4
982 2
1529 2
9177 3
987 4
988 2
9181 4 4 4 4
990 1 1 1
9853 2 2 2 2
992 3 0
993 0
994 0 1 0
9723 2
9188 2 2
9191 4 3
1000 2 3 2 2 2 4
9195 1
1004 0 0
9197 3 3 3
1006 4
9201 0 0
1010 1 0 0
1011 4 4 0 4 3
1012 3
9208 1
10945 0
9212 4
1024 4 3 4
9218 4
8363 3
1028 2
9221 4
9222 3
1031 2
1032 0 0 0 1
1033 1 0
9226 2 2
9227 1 0 0
1037 4 4 4
1038 3 4
9232 2
9234 0 1 0 0 0 0 0
1043 4 4
1044 1
9237 4 3
9238 4 3
1047 4 2
9243 3 3
1052 3
9245 4
9246 4 4
9249 3
9253 1
9254 1
9256 4
1065 1
9258 4
9260 4 4
2909 4
1544 2 2 2 3 3
9269 3 3
1078 4 2 3
1079 4
1080 4 2 4 4 4 4 3 4
9273 0 0
1082 2
9275 3 3
1084 3
1085 1
9278 3 3 3
9280 3
2912 2
1090 2
1091 4 2 3
1093 3
9286 0 1
1095 0 0
1096 1 1 0
1097 3
1098 4 3
1099 2
1100 0 1
1101 3
1102 1
9297 4 4 4
1106 4 4 4
9299 0
1109 3
9303 4 2 3 4
1112 3
9305 4 4 4
1116 3
8378 4
9310 4
9311 2
1121 3
9315 4 3 2
1127 2 2 2 3
1128 4 3
9321 3
1130 0 4
1132 2 3
9327 3 3 2
1136 4
1140 3 0 0 3 4
1141 4 4
9334 4 4
9335 4 4
1144 3
1146 2
1147 3
9341 2
9342 4
1151 0
1152 2 4
9346 3
11115 4
9349 4 3
1158 4 4
9351 3
1162 2
1163 2 2 2
1164 1 0 0
9357 4 2 4
1166 3
1170 3 4
1171 4 2
9364 4 4
9365 4
9368 2 1
1178 2 3
1179 3
1181 3
1184 3 4
1186 3
9755 2
9382 2 2 2
1191 3
9384 3
9385 0
9386 0 0 0
9387 3
1196 4
1197 3
9390 4
9392 3
9395 3 4
9397 4 2 4
1208 3 2 3
1210 4 3 3
1211 4
1212 4
1214 4 4 4 4
9409 4 4 2
1219 4 4
1222 2 2 3
1224 3 3
1225 2 1
1226 3
9419 4 3
1228 4 4 3
9421 4
1230 2
9423 4
9861 2 0
2936 1
9426 3
9763 3
9429 0 0
9430 4 4
9432 2
9433 4 4 4 2
9434 4 4 4
1243 3
1244 3
11130 3
9438 1 0 1 3
1248 1 4
9441 2 4 2
9442 4
1251 4
1253 4
9446 4
209 3
1256 0 1 1
2940 3
9450 2
1259 3 2
210 3 1
1262 3
1263 4
1264 2
9457 2
1267 0 0 0
1268 2 2 2 2 2
1269 3
1270 2 4
9463 2
9464 4
1273 2
9467 4
9468 3
1578 3 1
1278 3 3
9471 3
1280 0
1281 4
1283 2 2 2 2
1285 1
1286 2 3 2 1 3 3 3
2945 2
1288 0
1293 2
9773 3
1296 3 3 2
9489 0
9491 4
1300 4
9494 3
1303 3 3
9496 4 2 4
1305 4
1307 3
1308 2 4
1310 2
1312 4
1314 4 4 3
9508 4
1317 4 2 2 2
9511 0 0 0
9513 4
1324 1 0
9517 4 3
9519 3
9520 4 2 4
9524 3
1337 0
9530 4 4
9531 2
1340 4
9533 1 0 0 1
1343 2
1344 3
1700 4
9538 0 0 1
1347 2 3
9540 3
9782 4 3
9542 0 1
1351 1
9544 3
1353 3 2
2573 3
9555 2 4
9556 1 1 2
1365 2
1366 2
9559 4
1369 4
1370 4 2
1372 4 4
1373 4
9569 2 4 2 2 4
9572 3 1 1
9573 2 2
1383 2 3 3
1384 3 3 4
9577 4
1386 4 4 3 4
9579 1
9582 3
9584 2
1393 4
1394 1 2 3 3 3
1395 4 2 4 4 4
9590 1
8425 4
9592 3
1401 4
9595 3
9597 2 4 2
9599 4 2 2 3
1408 2
1409 1
1410 4 3 4
1415 1 1 1
1417 4
1418 4
9611 3 2
1420 3
9613 4 2
9614 4
9615 2
9616 3 2
1425 1
9618 4
1427 4
9620 4
1429 3
9622 3 3 4 4 4 4
9624 4
1433 4
239 4 3
9628 3
1437 3
1438 4
1440 2
9635 2
1444 4
9637 4
1448 1
1449 1
1452 4
9646 2 3
7069 2 3
1919 4
1458 4
9651 4
1460 4 2 4
9653 4 4 4
9654 4 4
9655 3 3 3
9656 1
9657 2 4
9658 2 2 3
1470 4 4
9663 3 4 4 4
9869 2
9665 4 2 4
1474 1 0 1
9667 1 0
1476 4 4 4
1478 3 2 2
9671 3 4
1480 2 4 4
9674 3
1485 4 4 4
1487 3 4 3
9682 1
11171 4
1492 3 3
1493 3
1494 3 1 3
1496 4
1499 4
1500 1
1501 4
1504 4 2 3
9697 0
1506 2
251 2 2
1509 1 0 0 0
1510 1 0 0
1511 2
9704 4
1513 4
9709 3 2 4 4 3
1518 2 3
9711 4
9712 4 2
9713 2 2 4 2
9811 3
1524 4 4 4
1525 2
1526 4 2
1528 2
9812 2 2
1531 2 4
9724 2 2
1533 4
1534 2 4 3
9727 4 3
9728 4
9729 1
9732 4
1541 3 4 4
1542 0
9736 2
1545 0
1546 2 2 2
1547 2
1550 4 3
9743 3
9744 3
9745 3
9746 4
259 3
1557 1
9751 2 2
1560 4
1563 4
9756 2
9758 2
9759 3
9760 3
1569 2
1570 1
1571 1 0 1 1
9764 4
1573 4 2 4
1577 4
9770 4
174 3
1581 0 0
9774 4
1583 4 4
1584 4
9777 2 4
9778 4 4 4
11187 4 4 4
1590 3
9784 2 1 2 1
1593 4
9787 4
9788 4 3
1597 2
9790 4 4
9791 2
1600 3 4 3
1602 3 3
9795 4 4
9797 3
1606 1
9799 2 3
1608 3
9801 4 2
9802 2
1611 1
9805 4 4 4 4 4 4 4 4
9806 4 4
1616 3 2 2
9810 4
1619 4 2
1620 4 4 2 4 4 4 2
1621 2
9814 4
1623 1 0
1624 4 4
1625 3 3 3 2
1626 4
1627 0
1628 4
1629 4 3 2 3 2 3 4 4
1631 4
9824 4
1633 2
1635 1
9828 1
1637 3 3 3
9830 2
9831 4
1640 4 4 4
9833 0 0
9834 1 1 0 0 0
9836 4 2
1645 2
9838 4
9839 3
4692 4
1649 3
1650 1 0
1651 2 4
1654 2 4 4
9847 2 2 4
1657 3 3
1658 4
1661 0 3
9855 4 3
9857 2 2 2 3 3 2 3 4
1692 2
1669 4 4 3
9862 0 1 0
9863 2
9864 4
1673 2
9866 3 3 4
1677 4
1678 2 2 2 2 2 2 2 2
1679 1 0 0 1
1680 3
280 4 2
1683 2 2
1685 4 4 4 4 4 4 4 4 4 4
9878 3 3
9879 4
9881 4 3
9882 2 2
9883 4
9884 2 4
8474 4 4 4
1693 2 2
8631 1
9892 4 4 4 3
9893 3
9894 4
1704 3
1706 4
9899 1
1710 4
1712 1
9905 3
9906 1 0 0 0 0
1715 4
1717 3 4 3
1723 0
1724 4
1725 4 4 4 4 4 4 2 3
1727 4
1728 0 1 0 0 1 1 1 1 0
1729 4
9922 4
1732 4
9846 3
9926 3 4
1737 4
9930 3 2 1 4 4
1741 3 2 4
1743 0
1744 4
1746 2 4 2 2
9939 0 0
1748 3 4
9941 4
1750 0 0 0 0 0 0 1
9945 4
331 2
9947 3
9948 2 2 2 3
1757 4 4
1758 3
1759 4
9952 1 1 1
1761 3
9954 2
9955 2 4 4
9958 3
1767 2
1768 4 4 4 4 4
9962 3
1771 2
1773 3
9966 3
1775 2 3
1776 4
9972 2 2
9973 3
9977 2
1787 2
1788 3
9981 2 3 4
1791 4 4 2
1792 2 4
9986 3
9987 0 1 0 0
9989 3
9990 4 2 2 3
9992 3 4
9993 0 1 1
9995 0
1805 4
1806 3
1809 2
10002 0
10003 3
4398 3 3
1815 2
1816 4
10009 2 4 4
10010 1
8495 3
10014 4
10015 2
8496 4 4 3 3 4
1826 2
10021 2 2
1830 2 4 3 4
10023 1
1832 4
10025 0
1835 2 4
306 2
10030 2
10031 4
8499 4 4
10038 4
8500 3 4
10042 4
10043 2
1856 4 4 3
10049 2 2
10050 0 1 0
1860 2
10053 3
10056 4 4
1865 4
10060 3 4
10061 2 2 2 2
10063 3 2
1874 3
1876 1
1877 3 0 0 0
1878 2
1879 4
1880 1 0 0
10073 1
10075 2 2
10076 4
1887 4 4
10080 0 3 4 2
10081 2
10082 2
4411 3
10085 3
1894 3 2 2 2
10088 4
1897 0 0
1898 1
1901 1
10094 3
1903 0 0 1
1904 4 4 3 3
10099 3
10100 4 3
1909 2
10102 4 4 4 4
10103 4 3
10104 1
1913 1
10106 3
1915 3
10110 2 2 2 2 2
9877 1
1921 4
10115 4 2 2
10116 4
1686 1 1
10118 4 4
10119 0
1929 2 2
10122 4
1687 3
1932 4 2 4
10126 3
1936 3 4
1937 4 4
10131 3
10133 3
10134 2
10135 3
10136 4 3
1945 4 2
1946 4
1947 3
10141 4
10142 2 4
10144 4 4
1954 3
10148 3 4
10150 4 3
10151 4 4
1960 3
1961 3 4 3 2 3 3
10156 2 0 2
10158 2 0 0 0
1702 3 2
1968 4
1970 3
1971 4 4
10166 4
1975 3 3 4 3
10168 3 3
10169 0 0 0
10173 2 2
10174 0 0
1986 2 4 3
10179 1 0 0 0
10180 3 4
10183 4
1993 2 2 2 4
1994 3 3
10188 4
1998 2 3
2000 4
10193 3 2 2
10195 2
10198 3 2
2007 2
10200 4
10201 1 3
2012 0 3
2013 2 3 3 4
10206 4
10207 0 1 0
2016 2
336 1
2018 1
10160 4
10212 2 2 2
2021 4 1 2
337 4 3 4
2024 1 0
10217 4
2027 4
10220 1 2 4
2029 1 0 3
2030 2 4
2031 4
10224 1 4 3 3 2 4 4 4 4 3
2033 1 0
10227 4 4 4 4
10228 2
2038 1
10231 3 2 4
10233 4
10234 3 2 3 3 0
2043 1
2044 2
9898 4
2046 3
2047 3
2048 3
2049 0 0
2055 2
2057 3
10250 0 1
10251 0
10252 2
10253 2 2 2 2 2 2 2
10254 0
2063 3 4 2
10257 4 4
2066 3 4 3
2069 4
2070 3 1 3
2071 3
10265 4 2 4
10266 4
10268 4
2078 4 4
2081 3
10274 3 2
2085 0 0
10278 0
10279 2 2
2089 4 4
2090 1 4
10283 1 1 0 0
10284 0
10286 4
10288 2 2 4
9907 1
2100 3
2101 4 4
10294 0 0
2103 4
10296 4 4 4
2105 1
10298 3
2109 0 0
2111 3 2 2
2113 3
2116 4
10310 4 4
2119 0 3
10312 2 4 4 3
2121 3 4
2122 3 3
10316 4 4
10318 2
2127 3 3 4
2129 3 3
355 1
10324 1 1
2133 0 0
10326 4 1
2135 2 4 2 2 2
2136 4
10329 3
2138 4
2141 4
2142 2
2143 3
10341 2
2150 1
10343 4
10346 2 2 2 4
10347 1
2156 2 4 4 4
2158 2
2160 3
2161 2
2162 2
10356 0
10359 4 2
2168 3
10361 0 4 4
10362 4
2172 1 1 0 0 0 0 0
10365 2 3
10366 0 0
10367 0 1 1
2178 3
10371 0
2180 4 2
2182 1 4 4 1 2 2 2 2
2183 3 4
10377 4
10379 0
2188 2 2
2189 3 3 4
10382 1
2191 2
10385 3 3
10387 4
2196 4 2 4 2 2 3 4
10389 2
2198 4 4 4
10391 0
2200 0
9459 4
2203 0 0
10396 1 0
2205 4 4 4
2206 2 1 2
2207 3
2210 4 3
2213 2 4
2214 2
2215 4 2 2 3 4
2219 4
2220 2
2221 4
2222 3
10415 1 1 1 1 1
10419 1
2229 3 3
10422 4
2231 4
10424 1
10425 4
10426 2 3
10427 4
1738 3
2240 0 0
2241 2
2242 4
10435 3
2245 1 0 0 0 0 1 1
2247 0
10441 3
10442 3
2251 0
2252 2
2253 0
10446 4
9933 1
10448 3
2259 4
10452 3
10453 1
2262 1 1 1 0 0
2263 4
10458 2
10459 4 4 4
2268 2
10462 4
10464 1 2
2273 3
10470 1
2905 4
2281 4 4 2
9235 0
2283 3 2 2 4
2284 4
9938 0 1 0
10479 2
2288 4
10481 3
2290 4 4 4 0 0 0
10483 4
2293 4 2 4 4 2
2294 3 3
2296 4
2297 1 1 1 0
10490 0 0 0 0 1 0
2299 4
2300 0 1
2301 1 0 1
2303 3 3
10496 3 2 3 3
8576 3
10499 4
2309 3 3 3
10502 4 4 2
10503 3
2313 4
10508 4
2319 4 4
2320 3
2321 2 2 2 4
2322 4
10515 2
10518 3 2 2
2328 4
2329 4 2
10523 4 3
2333 4
2334 4 3
9625 4 4
10530 3
10531 1 1
10532 0 0
2342 3 4
2343 4
2344 1
2345 3 3
10541 1
10543 3 3
10544 4
2353 3 3
2354 2 3
10547 2 3
10548 2 2 3
2357 0
2358 2
10552 3
10554 3 4 4
10555 1
2364 3 4 3
2365 4
10558 4 4 3
10559 0
2368 1 2 3
2369 3 4 4 3 3 4
10563 2 4 4
10564 2 2
10566 3 2 2
2377 1 0 1
2379 2
2380 4
1443 4
10575 3 4 4 3
10576 2 2 2
2385 2
10578 3 3 4 2 4 3
2387 4 4 4 2
2388 4 4
10581 3 4 4
10582 4 4
10584 2 4 2
2393 2
2394 2
10587 2 2
2396 0 0
10589 0 0
10591 4 3
10592 4 4 4 4 4 4
2401 2
2402 4 1 2
2404 2
2405 1
2406 4 3
401 4
2408 0
2410 4
9959 4
10604 3
10606 2 3
2415 4
10608 2 1
10609 3 4 4 2 4
10610 4 2
403 3
2421 3 4 3
10616 3
10617 3
10618 2
10620 4 4 4 2 3
2429 4
10622 3
8597 4
10624 1
10627 0 1
2436 4
2438 3
2439 4 3 3
2440 1 0 0 1 0
10633 2 3
10636 2
2447 2
2449 3 2
2450 0 2 2 1 2 2
10647 3 2
2457 2
10653 4
1173 3
2465 3 4 4
10658 4
411 4 2
2468 2
2469 1
10662 2 2
2471 4
2472 3
8604 4
2474 0
10667 4
2476 4
10670 4
10671 3
10672 2
2481 3
2484 3 2
10678 4 4 4 4 3
10679 4 2
2488 2 3
10682 4
10683 4 3 3 2
10685 4
10686 0 0 0 2 0 1
10687 3
10689 4
10690 2
10692 4 4 2
10693 2
2502 3 4
2503 3
10698 0 0 0 0
2507 3 2 4
2509 4 4 4 4
2510 0
10704 2 2 2 2 2
2513 2 4 4
10706 3 2 2
10707 2 2 2 2 2
2518 4 3 3 4
2519 4
2521 4 4 3 4 4
2525 0 1
2526 4 4 4
10719 3 4 3 3 3
10720 4
10722 1
2535 3 4 3
2536 2 4 3
10729 3 2
2538 4 4 4 4 4
423 2
2540 2
2541 0
2542 4
2543 4
2545 3
2546 3 1 1 1
10740 0
2549 4
2550 2
2553 1 1 0
10746 2 2 2
10747 2 4 1
10748 4 4 4
8618 2 4 4
2558 2 1 0 0
10754 2
2564 3
10759 3
10760 4
2569 4
10763 4
10764 3
10765 0 0 0
1795 4
10772 3
10774 0
10776 4 3 2
2585 3
2587 2
2588 2
2590 4
2592 4
2593 4
10786 4
2595 2 3 4
10788 2
2598 3 3 2
2603 0
2606 3 4 4 4 4
10799 3
2609 4
2610 3
2611 4 4 4 3
2613 2
10806 4 4
2615 0
2616 1
436 1
10812 4 4 4
2621 1
8629 4
2625 4
10818 4 4 3
10820 0 1
10821 4
2631 3 3 2
10825 4
10826 2
10827 4 4 3
10830 1
9997 2
2641 3
2642 1 1
10836 4
9998 2
2646 4 4
8633 1 3
10843 0
10845 4
2654 4 2
10847 4
10851 3
10853 3 3
10854 1
10855 1 2
10856 4
2666 0
2668 4 3
10861 4 3
10862 2 3 4 4 4
2671 4 4 2
10864 3 2
2675 4 4
2676 3 4 4 4
446 3 2 2 2
10871 2
10872 0 0 0 0 0 0 0 0
2681 0 0 0 0 0 1 2
2682 3
2683 3
2684 3 3
362 3
10878 4
448 2
2690 2 2 2 2 2
2692 4 4
10885 2 2
2694 3 4 4
2695 1
10889 3
10007 3
10892 3
2701 2 3
10895 2 3 3
10896 3
10008 0 1 0 2
10899 4
10901 4 4
2710 2
10903 0
10904 0 1
10905 4
10906 2
10907 3
1818 0 0 0
2718 1 3
10912 1
2721 4 4 3 4 4 4
2723 4 4 3 4
10916 4 3 4 4
454 4 3
2726 3 2
10920 3 3 3
10922 2 2 4
2731 0
10924 3
2734 4
10929 3 4 4
2741 2 4
10934 2
2743 0 0 4
10938 4
1823 4
2748 1
10941 3
2750 2 2 3
2751 4
2753 4 4
2754 2
10949 3
2759 1 2
10952 1
460 2
2762 4
10955 4 3
2764 3
10958 1 1
10959 3
2769 2 4
10962 2
10963 2 2
10964 4 4 4
2773 0 1
10966 4 4 4
2777 3
10971 4
2782 1 1
2783 4
10976 2 4 3
8656 2 4
2786 4 4
2787 4
911 3 3 3
10981 3 2
10984 3
10987 0 0
2797 4 3
2801 0 0
10994 4
8659 4
2804 2 4 4
2805 3 4
2806 4
1833 2
11002 3
11004 3
11005 2
8277 3 3
11007 3
11008 3
9184 4
11012 2
2821 3
2822 4
2823 4 4 2
2825 3 4
2827 3 3 4
2828 0
11021 3 3
11022 4
2831 3
11024 3
11025 4
11028 4
11029 3 4
2838 2
11031 3
2840 4 4
2431 2
2842 3
11036 4 2
11037 1
2846 3
2847 4 2
11040 3 4 4
11043 0
2855 2 2 2
2856 4
11049 2 3
95 4 4
11051 2
2862 4 3 4
2865 4 2 4
11059 4
2870 3 3
11065 4
11067 4 4
2876 2
11070 3
11072 3
11073 3
11074 3 4 4
2883 0 3 0
11076 4 4
2885 3
2892 4
11085 2
2894 4 2 4
2895 3
11088 2
11089 1
2901 4 3
11094 2 4 4
2904 2
11097 2
2907 4 4
11100 3 3 3
1850 0
11104 3 2 3 4
11105 2
2914 4 4
11107 1
11108 4
2921 4
2923 4
2925 1
11118 4
2638 2 2 3
11120 0
2929 3
11123 2 2
2932 4
2933 1
2935 0 0
11128 1
2938 3 2 3
11132 2 2 2
11133 3
2942 1 0
11135 0 0 0 0
2944 3
11137 2
11146 3 2 2 4
11149 4
11150 2
2959 3 3 4
11152 3
2961 3 3
11154 2 3 2
11158 0
11160 1 4
2969 4 4
8555 2
11164 4
2973 2 2 2 2 2
2975 2
2802 3
8828 0
11170 4 3
2979 3 3
2980 0 0 1
2982 2
2983 0 0
2984 4 4 4
11177 3 2
2986 4 3
2988 4
2989 3 1
2990 4
2992 3
2995 3
2997 3 2
11190 3
3000 3 4
500 2
3003 4
3006 4 4 2
3009 3
3012 2 2
3013 0 0
3016 4
3022 4
3024 3 4
3026 0
3027 2
7332 4 3 4 3
9921 3
1871 4 4 4 3
3036 4 2
3040 2 3
3042 4 2
507 4
3044 3
3045 2 2 3
3046 4 2
10066 0 0 0
3057 0
3059 2
3060 3
3062 0 0
3064 2
3067 4
3068 1 3
3069 4
3070 3
10069 2
8704 3 3 4
3074 4 4
3076 3
3079 3 2
3080 4
3082 4
3084 0
3085 4
3087 3
3091 0
3092 4
1881 3
3096 1
3097 3 3 3 3
3098 2
3099 4
3103 3
3104 4
3107 3
3109 1
3112 4
3113 2
3114 2 2 2 2 4 3
3118 2 4
3119 0 0
3120 4 2
8712 4
3122 0 1
3127 0 1
3129 3 3 3
3130 3 4
10079 3
3132 3 4
3133 4
3134 4
3136 3 3 3 4
3139 3
3140 4
1889 4 4
3144 4 4
3147 3 4 3 3 3 3 3 3
3149 4
3150 3
3152 4
3154 2
3157 2
3162 0
3165 4
3166 4
3167 3
3169 2 4 2
3170 4 2
3259 3
3173 3 4
3175 4 4
3178 3 3
1003 3
3183 4 4
3186 3 3 3
3188 3
3189 3 3 4 3
3192 4 3 4
3195 4
3196 0 0 0
3197 3
3199 2
10745 4
3204 4 2
534 4
3208 2
3210 4
2289 1
3214 1
3219 2 2
3221 4 3
3224 2 2 2
3225 3 1
10095 4
3229 4 4
3233 2
3234 4
3236 4
3237 4
3239 4 4 4
3240 0
3241 1
3242 4
3243 3 2 4 3
3245 4
3246 1 0 3
541 3 3
3251 2
3252 4
3254 0 1
8735 4 2
3260 4
3262 1 1
3265 4
3266 4 4
3267 4
3269 4 4
3270 4 3 2
3273 4 4
9929 4
1911 3
3279 3
1912 3
3283 3 4 4
2837 4
3292 1
3293 3
3294 1
3296 4
3298 4
9617 0
3300 4
3301 2
3302 4 4
3304 3 3
3307 3
3308 3
3312 3 3
383 4
3316 3
3317 3
3319 0 1
3322 3 3 2
3323 4
3327 3 2 2 4 0
3328 3
3329 4 4
3331 4
3334 1 1
6017 4
3337 3 4 3
3338 3
3340 4
3341 0 0
3343 2 2
3346 2
3351 2
4655 0
10117 0
11023 4
3361 4 3
3367 4
3368 3 4
562 4
3375 2
1749 2
3380 4
3382 2
3384 4
3385 4
3386 4 4
3391 2
3393 4
1931 4
3396 0
3398 4
3400 4
3401 4
3403 4
3407 1
3409 4
4387 3
3412 1
3413 2 4
3415 1
3416 3 4
3418 3 3
3420 4 4
3421 4 3
3422 4 0
1205 2 2 3
3426 2
8763 4 4
8843 3
3432 4 4
3433 3 3 2 4
3434 4
3436 1
3440 4
3441 3
3449 1
3452 3 4 3
9935 4
3455 4
3466 2 2 4 4
3468 3 4
3470 2 3 4 4 3 4 2
3474 2
3476 3 4
3478 1
9936 1
3486 0 0
3487 4 3 4
3490 3
3498 1 0
3503 0
3505 0
3506 4 4
3315 4 4 4 2
3508 4
3517 0 0 0
10210 4
3522 4 3 3 2
3523 3
3524 3 4
3531 2
589 4 4
3536 3
3537 1
3538 4
3539 1
3542 3 1
3547 4 3 3 4
3548 3 4
3553 2
3559 3
3560 4 3
3561 4 4 4
3563 0 0 0
3564 4
937 4
3570 4 4 4 2 2 2 2
595 2 2
3572 2 4
3573 4
3574 3
3575 4 3
3577 4 4
3580 3 2
3582 3 3
597 2 3 3 4 4 4 4
3587 2 4
321 3
3589 2 2
3591 4
3592 0 1
3593 4
3594 4 2
3597 3
8480 4
3607 2 2 2 2
3609 4 4 4 4 4
8794 2 4 3
3617 2
8795 2
3622 4
3623 4
3626 4
3629 2
3630 4
3631 2 2
3632 1 2 3
3633 3 4
3634 2
3636 1 1
3638 4 3
3639 1 1
3643 2
3646 3 2
3647 3 4 4
3648 1 2 2
3652 4 4 4
3653 1 0 0
3654 4
4705 2 3
3658 4 4
3662 2 2
3663 2
3664 4
3665 4 3
3667 3
3672 1
3673 0
3678 4
3680 1
3683 2 4
3684 4
3686 4
3688 4 4
3690 3 1
3692 2 3
1981 2
3698 3
3700 3 3 3 2
1982 3
3705 4
3709 2
3712 3 4
3713 3
3714 1
3716 4
3717 4
3731 2 4 3
3732 0
3733 2
3735 1 1
3739 4 3
6085 0 0 0
3744 3
3746 1 2
3747 4
3748 3
8817 2
3754 3
3755 0 0
3756 4
3758 4 4
3759 3 3 4 3 4 2
3762 2
3763 0
9400 4 4 4
10186 0
3774 0
3776 2
3778 1
3780 2
3783 4 4
3784 3
3789 3 4
3790 2
3792 2
3793 3 3
7459 4 4 2 2 4 4
10190 3
3804 3
3805 4 4 4 4
3806 1
3807 4
3808 4 2
3809 4 4 4
8827 0
3812 3 3 2 2 3 2 2
3813 1
3815 3
3816 1
8536 4 4
8856 3
3820 4 4
3821 3
3823 1
3826 2 2
3827 3 3
3830 2 2
3833 2 4
3844 2 4
3846 3
641 1
10199 4 4
3852 2 2 2
3854 1 0
3855 4
3856 3
2008 3
3858 4 4
3864 3 3
3870 0
3871 3
3873 4
3875 1 0 0
3882 2 4
3885 1 3
6136 1
1766 4
3894 0 0 1
2015 4
3904 3 3
3907 4
3909 4
2017 4
3913 4 3
3916 2
3917 3
3919 4 4 3
3920 4 2
3923 4
3924 0 4
3930 2 0 2
3931 3
3932 0 0 1 0 0 0
3934 3
10213 1
3938 0
3939 4 2 4
3941 4 4
3945 3 2
3947 3
3949 3
10216 0
3962 4 4
3963 4 3 3 4 2
3965 2
3968 3
3970 3 4
3971 4
3974 2
3976 4
3977 4
8855 3
3981 3 2
3982 3 2 2 2
10221 4
10771 3
3985 3 2 3 2
3989 4
3994 3
3997 4
3998 3
3999 2
4000 4 3
4001 4
4004 4 4
10225 1
4009 1 1 1
4012 4
4016 3
4017 4
4018 4
2035 1
4020 1
4023 1
4024 4
2036 0
4026 4 4 4
4029 4
4032 3
4034 2 2
4036 4 4
4038 1
674 4 4
4046 2
4049 2
4051 4
4053 2 2
4054 3 3
2041 3
4057 4
4063 4
4064 4 3
10235 0 0
4070 2 2 2
4071 4
4073 3
4079 3 4 4 4 4
4080 4
4081 4 4 4
4082 2
4083 3 3
9738 3
4085 2 1
4089 0 0
4090 0
4091 4
4094 0
8875 3 3
4100 2 3 4
4101 3 4 2 4 4
10241 0 0 0
4104 3 3
4107 0
8877 4 4
4115 2
8878 3
4119 3
4125 0 2 2
4128 3
4130 4
4131 4
4134 3
4135 4 3
4137 4 4 4
4140 4
4144 2 2
4149 4 4
4151 3
8884 3
4154 0 0
4155 4
4159 2 2
4160 1
4161 4
2059 4
4164 4
4168 4 3 3 4 4
4169 0 1
4171 3 3
4173 4
4174 4
2061 4
4177 2 2 2 2 2
4179 4
4180 3 1
4181 4
11048 1
4186 4
4190 2 2 4 4 4
4194 4
4196 4 2
4200 1 0
4201 4 2 2
4205 1 1
4208 3
4212 3 4 4
4213 2 2 2 2
4214 1
4215 4
4216 4
4217 4
4222 4
4223 4 4 4
4224 1
4229 3
4232 3 2
4234 2 4 4 3 2
4238 3 4
4241 0
4243 4 4 2 4 3 2 3
4247 4
4251 4 3
4252 2
4256 3
4260 3 4 3
4263 3
4264 2
2076 4
4266 4
2155 2
4274 0 0 1
4279 4
4286 2
4287 4 3 4 4 2
4288 1
4289 4
4291 4 1 4 3
4295 4
4296 2
4298 4 4
4301 3
1507 2
4305 4 3
4306 4
4307 2 2 2
4309 3 3
4315 4
4316 3 3
4317 4 4 4
4319 4 4
4321 3 4 3 4
2326 4
4325 2 2 2 2 2
4327 0 1
4331 3
722 4
4334 3
4335 1
4336 4
4339 2 0 2
4340 2 2 2
4343 3
4346 1 1
4347 3 3
10282 3
4360 3 2
4361 4 4
4363 3 3
4364 4 3 3
4365 3 3
4367 4
4369 2 4
7555 4 3 4
9420 0 0
4377 4
4378 2 2 2
4380 4 4
1154 3
4384 3
4385 4 3 4 4 4 2 3 3 2
4386 3
731 4
4388 0 0
4389 2
4390 0 0
4391 4
10613 4 3
4399 4 4
4402 4
4405 3
8330 3 1
4408 4
8927 4
4413 4 4
4414 1 0 1 0
4417 4
4419 4
4423 3
4430 3 3
2104 4
4435 2 2 2 4
4437 2 4 3
4438 4 4
4440 2 3
4442 2 4
4443 2 4
4445 3
4447 4
4449 2 4 4 3 0 1 1 1 3
4451 4
4453 4
4456 1 1 1 1 1 0
4457 4 4 3
4458 4
4459 2 2 2 0 0 1 3
4465 4 4
4466 0
4469 0 0 1
4471 4 4 4 4
4473 4
4475 0 1
4476 1
8938 3
4478 2
4479 3 3
4482 0
4483 2 3
4484 3 4
10305 1
4667 2
4496 3
4500 2 4
4505 3
4506 1
4507 4
4509 4 3
4514 3
4515 2
4516 4
4520 2 3
4521 0 0 0
4523 3 1
4526 4 2
4531 4
4534 4
4535 4
4537 3
4539 4
4540 4
4542 3 4
4544 3 2
4546 3
4547 4 4
8950 4
4552 3
4554 2 2 2
8239 2 4 4
4561 3
8608 4
4564 4
4565 2
4567 2 4
4568 2 2 4
10319 4 3
4573 4 3
4575 3 4 2
9154 2 3
763 4 4 4
4583 4 3
4584 2
4587 3 4
4588 4
4590 2 2 2 2
4592 3
4594 3
4596 4
4597 0 0 0 0
4600 2 4
4601 3 2 1
4602 4
4603 2 2
4605 4 3
4606 2 2 2
4610 2
4611 3 1 3
4619 3 2
10328 0
4626 3
4627 3 3
4628 2
4631 1
4643 3 4
4644 0
4645 0 0
4648 4
4650 4
9963 0 0
4653 4
10333 2 4
4657 4
4658 0
4660 3
4662 2
4663 3 4
4664 1
4666 2 4 3
10335 4
4668 2
4670 1
4671 3 4
4673 0 2 2
4675 3
2977 1
4686 2
4688 4
10249 3
782 1
4695 4
8975 0
4700 1 1
4703 4
4704 3 3
8976 3
4706 2 2 2 2 2 2 2 2 2
4707 2 2 3
4708 3 1 1 1
4715 2
4716 2 4
4717 3
4722 0
787 4
4724 2
4725 4 2 2
4727 2
4728 1
4729 4 4 4
4730 2 2 2 2
2154 1
4736 3
4737 0 3
4739 2 0 3 1
4740 3
4742 0 0
4743 4
4744 0
4745 1
4746 2
4748 4
86 0 1
4750 3
4753 3
4754 1 0 0 0
431 4
4759 0
4761 2
4762 4 4
4763 4 4 3 4 3 4
4765 4
7621 1 0 1 1 1
4769 3 1
4772 4 3
4774 4
10353 3
4776 4 4
4779 3
4780 0
4781 0 0 0 1
4783 4 3
4787 3
4788 2 3 4 4
4789 3
4795 3
4797 2
4799 4
8992 3
4803 3
4804 4
4806 1
4808 1
4809 4
4815 2
4817 2 3 3
4819 4
4821 4
4822 4 2 2 2 2 4
4824 2
4828 4 4 3
4835 0 2
4836 3 2 4 4 4 4 4
4838 0
4843 4
4844 3 3
4845 3
2173 4 2 4 3
4849 3
4851 4 3
4852 2
707 2
4857 1
2175 4
2254 4
4866 3 4
9003 3
4869 1
10657 1 0 0
9004 2 4
4874 1
4875 4
4879 1
4885 4
4886 3 3
4887 3 1 2 0 0
4888 3 3
4890 1
4894 2
4897 2 2 2
4900 2 3 4 4
4902 3
9009 2
4907 0
4909 1 2
4912 3
4915 3
4919 4 4
4922 4 4
4925 2 4 4
9013 3
4930 2 2
4933 3 4 4
4935 0
4936 3
10380 4 4 2 2 4
4938 4
4939 4
4941 4
7651 2 0 3 2 3 2 3 3 4 2 2
4950 4 2
4951 4 4
4952 3 3
4954 1
4956 2 2 3 2
4964 3 3 4
4968 3
4971 0
4973 2 4
4974 2
9021 4 4
4976 0
4978 2
4979 4 3
4980 3 4
4981 4
4982 2 1
4985 2
4986 4 4
4987 3
4988 4
4989 1 1
4993 4
4996 3
4998 4
5003 3
5004 4 3
834 3
9532 4
5011 3
5012 4
5013 3
5014 4 4 3 3
5018 1
5023 3 4 4 2
5029 1 1
5030 4
5034 2
5035 4 3 4 4
5036 3
5037 2
5043 1 1 1 1
5046 3
5047 2 4
5050 4 4 4
5051 4 4 4
842 4
5056 2 3 2 2
5057 0 1 0 0
5059 0
5061 2 4
5065 4
5067 4 3
5068 3
5070 3
5071 2 4
5073 4
5074 0 0
5077 1 1
5081 4 3
847 4
5086 4
5088 1
5090 0
10406 4
10808 1
5097 0
5099 4
5100 3
5101 3
5104 3
5105 3
851 4
5114 2
5115 1 0 1
5122 4
5124 4
5128 0 0
5132 2 2
5133 3
5136 2 1 2
5138 2
5142 4
5143 4 3 4
5144 0 0
5145 4
2223 3
10537 3 3 3 2 2 2 2 2
5151 3
5154 4
5158 1
5159 4 4 4
5165 3 2
5168 2
5170 4 3
9054 3
5174 2 2
5176 3 2 2
5178 1
5180 3 2 2
5181 4
10421 2 2
864 2
5186 4
5188 1
2230 4
5192 2 3 1 2
5198 2 2 3 2 3
5199 4 2 3
2232 2 3
5202 1 0 0
5203 3 3
5211 3 3
5212 4
6330 2 2 2 2 2
5214 2
5216 0 0 0
5219 1 1 1 1
5224 1 2 3
5225 3 2
5226 3 4
2237 3
5232 4
10661 3
5244 0 0 3
5245 2
5246 1 1 1 0
5253 3 4
5254 4
5260 3
5263 3
5266 2 2
8382 3 2 3
5270 3 2 4 2 4
5272 3
5273 4
5274 0 0 0
879 3 4
5276 1 0
5278 3
5283 0
5288 2
5289 0 0 0
10439 2 2
5293 4
5299 1
5302 3
5303 2 3 3 4
5305 4 4
5308 3
5310 2
5311 4 4 4
2763 3
5314 2 2 4
5315 4
5316 4
5318 2
5320 0
5321 4 2
5325 3 4
9179 4
5329 4 4 4
5330 2 2
5331 1
5333 2 2 2 2 2 3 2 2
5340 0 1
5343 2 2 4
5344 2
5348 3
5349 4
5350 0
5351 4
5353 0 1
5355 1
5357 4
5360 3
5363 4
5364 4 3
5366 0 0 1 0 0
5367 4
3073 2 2
5370 2
5375 4
5381 2 2 2 2 2
5383 2 2 2 2
10455 3 3
5389 4
6637 4
5391 3
5393 4
5394 2 2
5395 3
5397 3
5398 0 1
5399 4 4 4 3
745 3
5401 4
5403 0
5404 0 1
5407 0 1 0
5409 0 0
5411 4
5413 1
5414 2 2
2908 1
5417 0
5420 2 3 3
5429 4 4
905 0
5432 0 0 0 0
5434 4
5436 2
5439 2 3
5442 1
5443 2 4
5446 2 2 2
5448 4
5449 4 4
5450 2 2 2
5451 4
5458 3 4 3 3 3 3 3 3 3
5462 4 4 2 2 2
5464 2 2
5467 2 2
5468 2 2 2
5470 3 3
182 0 0
5473 1
5474 3
2278 3
5481 3 0 1 0
5486 4 3
5488 4
5490 4
5492 4 4 4 3 4 4
5496 3
5497 3 2 3
5500 1 3
5501 4 2 4
5506 3 3 2 2
10475 4
5509 0
5510 3
5515 3
5517 0 1 0 1
5518 3
5522 1 3
5523 1 3 2 2 2 2 2 2
5525 3 3 3 2 2
5526 3 3
5532 3
5533 3
5537 4 3 4
5539 3
5542 2
5543 2
5546 4
5547 4
5551 3 3
5552 4
5554 3
5558 4
5565 3 3 3
5567 3 3 4
5568 2 4
1822 2 4
5571 4
5573 0
5574 0 0 3
5576 3
5577 4 4 3
5582 4 4 3
5583 1
5584 3
5585 2 0 2
5588 0
5591 3 4
5592 1
5594 1
5598 4 4
5599 0 4
10491 4 4 3 2
5604 4
5605 0
5607 1
5608 3 3 3
5610 4 4 3 4
5611 3 4
5613 4 4 4 4
5614 0
5615 1 0
5616 4
5619 3
5623 1 0
5624 4
5627 2
5629 3
5630 4
5632 3
5633 4
5634 2
5637 4
5639 2
5640 4
5641 4
5642 3
5645 2
5647 3
5650 3
188 4 4
4007 4 3
5656 3
5659 3 3 3
1825 4
5669 1
5671 3
5677 2 3
5680 4
5681 0
5684 4
5686 3
9140 4
5691 3 3 4 2 4 4
949 0 0
5701 3
5702 3
5703 3
5714 3
5718 2
5719 3
5720 3 2 1 2
5721 2 3 3
5724 3
5728 4
5730 1
5731 4
8647 3 3
5735 2
5736 4 4 3
5737 2 4 2
8420 2
5741 2
5747 4
5751 4 4
5752 4 2
5753 4 4
5754 4 3
5756 1 4
5757 3
5761 2 2
5765 1 0
5766 2
5773 3 1
5774 2 2 2
5775 3
5778 4 4 4
5779 0 0 0
5781 3 2
10521 2 4
5784 4
5787 3 3
5790 3 3 3
5792 3
5793 3
2331 4 3
5796 0
5797 4
5799 1
5803 4 4 2
5804 2
5807 2 4
5808 3 2 3 3 4
10526 0 0
5814 2
8377 3
5823 3
5826 3 4
9163 2 3
5831 3 3
5834 2 2
5835 3
2338 4
5838 0 0
5840 4
1831 2 3
5842 3 4 4
5843 4 3
5844 4
5845 0
5851 4
5852 4 2 2 2 2 4 2
5853 2 2 2
5854 3
5856 4
10534 3
5862 0
5863 2
5864 4
5868 4 4
9170 4
5873 2
5877 4
5878 3
5879 3 4 3 4 3 3 4
5880 4
5882 4
5884 3
5889 3 4
5890 3 4 4 4
5893 2 2 2
5894 2
5895 3 2 2 3 3
5898 4 4
5903 4
5905 0 0 0 1
5906 3 2
5908 1
5909 0 1 0 0
5911 4 3 4 2
5914 4
5916 2 3
5917 2
5920 4 4 3
5923 2
5927 2
5928 2
5929 3
5932 4 4
5933 1
5934 2 4 2 2
5935 2
5941 2 2 4
7817 3 4 4 4
5944 3
5945 2 2
5947 3 4
5950 3
5952 3
5953 3
5954 2
5959 4 2 4
5960 3 2 3
5962 3
5964 3 4
5965 3 4 4
5966 2 2 2 2 2
5967 4 2 0
5968 1 3
5977 0 0
199 2
5983 0
5984 4
5985 4
5988 3
5989 4 2 3
5991 3
5994 1
999 2 2 2
5996 4
6006 4 4
6009 2 2
6013 1 0 0 1 1
10560 3 2
6018 1
6019 3 3
6022 3
6024 3
9196 3
6026 2 4
6027 0 0
1005 4
6034 4
6042 3
6044 4
6046 3
6047 4 1
6049 4 4
1838 0
6052 4 4 3
6055 0 1
6063 0 0
6065 0 3 3 4 2 2 3 3
6070 4 4
6071 4 2
6074 4
6076 3 2 4
6077 3
6078 1 0
6082 4 3
10571 4 4 4 4
6084 4 2 2
204 4 3
6086 3 3
10572 0 1
6090 4
6091 1 0
6094 0
6095 3 3 3 3 3 2
6096 2
6100 2 3 4 3
6101 4 3
6103 3
6104 3
6105 2
2931 0 0
6109 4
6112 1 1
6113 0 0 1
6114 1
6117 1 0
6121 3
6122 0 3
6128 0
6129 2
6131 4 2
6132 2 2
6134 1
1568 4
601 2
6138 2 4 4 3 4 4
6139 3
6140 4
6142 3
6145 4
6147 0
6148 3 2
2390 4 3 4
6155 4 4 4 2 4 4 2
6156 4
1026 3
6159 2 2 2
1027 4 2 4
6164 3
6166 2 3 2
9220 1
6170 3
6773 3 3 3
6172 2 3
6175 4 1
6179 3 4
6183 4
6184 3
10588 4 3 4
6187 3
2397 0 0
6194 2
6195 3 3 3
6196 3
6197 2 3
6198 2
9225 2
6200 3
1843 0
6202 3 4 1
2399 2
6209 1 1 1 0
6210 3
6211 2
6212 2
6213 3
6217 2
6221 3
9229 0 0 0
6224 4 3 2 4
6228 4
6231 4
6236 4
6237 2 3 3 4
6238 4 3 4
11119 3
6246 2 2 0
6251 2 2 2 2
6253 2 1 3
1572 4 1
6256 1 0
6259 1 0 0
6262 2
9236 1
6268 0 0 0
10602 4
6270 0
6271 3
6274 2 4 3
6276 2 4
2412 4 4
6284 3
6287 3 1
6289 3 4
6290 4
6299 1
6302 4
6304 4
6306 4 3
6307 2
6308 2
6313 2 4
6315 0 1
6317 2
6318 4 4
6319 4
6327 2
6328 2 4
6329 3 3 3 3
3484 0
6331 4
6333 3 2 2
6335 3 4
8280 4 3 4
6339 4 4 4
6342 0 0
6343 4
6345 1
6346 3
6348 4 4 4
6349 2
6352 3
2424 0
6357 3
6370 0
6371 3
6372 3 3
6374 4
6377 4 4
6378 2
6379 0
6381 4 4
6383 4
6384 3
6387 2 4
6389 3 2 2
6391 4 4
6393 2
6394 3
6395 4
6398 2 2
6400 3
6401 1
6402 3
6404 4 4
6406 4
6407 2
6411 4
8521 4
6414 4
6415 3
6418 2 4 3 2 2
2435 3 3 3
6421 3 3 3 3 2 3 3 3 3 3 3
6424 3 2
6427 2 2
6428 3 3
6431 3 2
6433 4 3
6434 4 4 4
6446 3
6451 4 3
9640 3 3
6453 1
10035 3
6461 4 2
6463 4
6465 0 1
9270 4
6473 3 3
6474 0 1 1 1
6475 2
6478 4
6480 4 2 4
6481 4
3811 3 4 4 4 2
6484 4 4 4
8672 2 4 4
6488 3 3 4 4 4
6491 3
6493 0 1
6497 4 4
6498 0 1 3
1083 4
6501 0
6502 3
6503 3
6506 0 0
6510 0 0 0 1 0 0
6512 0 0 0
6514 0 0
6515 1
6517 4
6518 2
3817 4 1
6520 4
6526 4
6528 4
6529 1
6530 4 3
6531 0
6532 1
6533 3
6535 2
6537 4
6539 2
6540 4 4
6542 4
6545 2 3
9283 0 0
6548 3 2 2 4 3
6550 2 3 4
6551 4 4
6558 0 2 3 2
6561 3
6562 4
6567 1 0
6570 2
9287 3
6573 4
6576 4
6577 4
6580 0 0 0
6583 3
6585 3 4
9290 2
6590 2
6592 0
6594 4
9291 4
6596 1 1 0
6597 2
6598 3 1
6599 4
6601 3 3
6602 1
9562 1
6607 0
6609 1
6610 2 2
6611 4 4
6617 4
6619 4 2 4
6620 1
6621 4
6623 4 3 4
6624 4
6628 3 4 4
6629 2
6630 2 2 2 2
1105 4
6634 4 1 0
9298 2
6639 2 2 2 2
10664 4
1107 4 4 3
6645 3 3
6653 2
6657 2 4
6661 0 1 0 0 1 1
6663 2 4 4 3 4
1111 2
6668 3
9304 3
6675 3
6676 3 3
2478 0 0
6679 3 1 1 0 1
6685 3
6690 3
6692 0
11134 3 3
6694 3 3
9308 2 2 2
6698 3
2498 0
223 3
6712 1 1 4
6713 2 4 4
6714 4
6716 0
6718 4 2
6719 2
6721 1
6722 3 4
6725 2 4
6730 0
6733 4 4 3
6734 2 2 2 2 2 2 4
6735 4
6737 4
6738 4
6741 3
6742 1
6745 4 2 3
6746 0 0 0 1 1 1 1 1 0 0
6749 4
6755 2 3
8954 0
6762 3
9319 4 4
6767 1
6772 4
2494 4
6774 3
6776 2 4 4
9322 2 3
6782 4 3
6785 3
6788 3
6790 2 2
6791 3 3 2 4
6792 3
6797 4 2
6798 0 1
499 2 2
6800 0 0
6803 0
6804 4
6806 4 2
6808 3
473 2
6811 0 0 0
2501 3 0
6816 4 4
6818 2
6819 1
6820 3 4 3 4 4
6821 4
6826 0 0
10695 4
6830 3
6831 4
6834 3 2 4 2
6840 3
6841 4
6842 4
6844 3 3 4
6847 3
6848 3
6852 4
6855 4
6856 4 3
6604 1
1143 4
6860 4
10594 4 3 3
6863 4
6867 3
6869 0
6871 2
6873 3
6875 0
6876 0
9338 4 4 3 4 4
6884 4 1 2 4
6885 3 4
6886 0
6889 4
6891 0 1
6894 4 3
6896 4
6898 4
6900 4
6901 4
6903 2
6906 4
9343 4 4
6912 3
230 1
6915 0 0 1
10710 3
6919 4
6920 3
6921 4
6922 4 3
6925 2
6931 4
9600 0
6937 1 1 1
6944 0 2 4 4
6949 4
6951 3 4 3 2
6952 4 4 4 3 3
6954 2
6955 0
6957 0 0 0 1 0 0 0
10717 4
6962 2 2 2
6968 2 2 4 4 4 4 4
6969 4
6972 3
9354 2
6979 0
6980 2 3 4 3
6982 3
6983 4 4 4
6986 2 4
1165 3 4 3
6999 3 4
7008 2
7017 3
7018 3 3 4
7021 4
7022 3
7023 3
7031 3
7034 3
7039 3
7040 0
7043 3
7050 4
7055 2
7056 3 2
7060 4
7064 2
7065 1 1
7068 3 3 2 4 4 3
9370 3
7071 1
7072 4
7075 1
7077 3
7078 4 4
7080 3
7081 1 1 0 0
7086 4
7087 3 4
7090 3
7092 2 3 3
7093 4 3
4055 3
7095 2
7096 4 4 4 4 4 4
7097 3
7100 2
7109 3 4
7111 3
7116 2 2 2
7119 3
7121 1
7122 4
7127 4
7131 4
7132 0 3
7133 4 3 4
7136 0
7138 4
2555 4 3 2
1190 3
7147 3
7148 4
7149 1
7150 3 4
7151 4
10795 1
7154 4 2 2 4
7155 4
7158 3
7160 4 4
7166 3 4 4
7167 4 2
7168 0 0 1
1195 0 1
7172 2 1 1 1 2
7175 4
7176 4
9388 3
7179 1
7180 0 0
7181 3
7190 4
7191 2 2 2 2 2 2 3 2 3 2
5695 4
7196 4
7198 4 4
7203 4
7204 4 3
7206 1 1
7208 4 3
7209 4 2 2
7212 4
7216 2
2968 4
1203 4 1 4
7220 1
7222 3 4
7230 4
7231 4 3 4
7232 1 1
7234 3 2
7237 3
7238 0
2572 3 3 3
7242 2
7244 1
7246 3
7247 3 3
7248 2 4 4
7249 4 4 3 3 4 3 4
7250 3
7251 3 3
9516 0
7257 4
7263 3
11153 2
7265 2
9050 4
6673 3 3
7272 4 4
9404 3
7275 3
7279 2
7282 0 0
2579 4 4 3
788 4
7287 4
7288 1 2
10001 0 0
1646 1 0 0
7297 2 4 4
7299 4 4 3
7303 0 0
7304 3
7306 2
7309 2 4 4
7311 4
7314 2
7316 4 4
7320 1 0 3 1
7321 0 0 0
7326 3 0 0
7327 2 2 2 2 4
7328 3 0 2 4
7331 4 3 2
2699 4
7333 1
7334 0
7335 1 1
7338 3
7341 1 1 0 0
7343 2
7344 3 1
7345 4 1
1559 2 3
7348 4
10782 3
7350 0 4 4
7352 4 4
7354 3 1
7355 0 0
7364 3
7368 3 4 2
7369 2
7370 2 4 2
7372 1 0 0
7376 3
7377 4
10884 4
10787 3
7381 1 4
7383 1 0
7384 4
7386 2
7388 3 3 1 1
7389 3 2 2
7392 3 3
9424 2
7399 4 2
7401 4 4 4 4 4 4 4 4 4
7402 1
7405 3
7406 3
7408 1
8430 4
7410 2
9427 3 1 0
7412 4
7417 2 2 2
7419 0
7421 4 4
7427 4 4 4
7428 2
7430 2 3 2 3 4
7431 3 3
7433 1
7435 2
7438 3
7440 4
7441 2
7446 3
7447 0 0
7449 4 4 4 4
2607 3 4 2 4
2703 0 0 0
7458 4
9435 4 4
9436 4 4 4
7467 3
7468 0
7470 4
7471 2 2
7472 0 1 0
7475 4
7476 1
7478 3
7481 3
7483 1
7484 2
7486 2 3
7489 3
7490 4 4 3 4 2 2
7491 3
7492 3
7493 4
7494 3
1249 1
7496 2
7498 4
1461 3
7502 2 3
9488 1
7505 4 4 4
7519 3 4 4
7522 3
7523 2 4 2
7524 0 3
7529 4
7531 3 4
7532 4 2
7536 3
7537 4 4
7541 3 0
7542 2 2
1257 3 3
7554 0 1 0 0 1
9451 3
7557 2 3 2 2
7558 0 0
10817 4
7560 3
7561 3
7562 3
7563 4 4
7567 0
7569 3
7570 2
252 4
7575 3
2628 3 3
7586 4 2 2 3 2 2
7590 4 4 4 4 4
7591 4 2 3 3
7595 4 4 2
7596 3 2
7598 2 4
7603 2 3
7605 4
7608 4
9460 3
9619 0 0
1890 3
7616 3
2635 4
2195 4 4
6255 1
7629 2 3
7631 4
7633 2 3
7636 3
7637 1 0
7639 2
8616 2
7641 1
7642 3 4 3
7645 3
7648 1 2
7649 1 2 2 2 2 2 2 2
1275 2 2
7652 2 2
843 0 0 1
7656 3
1276 4
7658 1
7659 3
7661 2 4
7662 3 3
7669 1 1 2 2 3
7671 3 1 1 4
7672 3
2644 2
7676 3
7678 2
7679 4
7682 4 3 4
7684 4 4
10838 4 2
7687 4 4
7688 1 2 4
7689 1
7691 3
7692 3
7694 4
7700 3
7703 4
7704 0
7709 2
7710 4 4
9477 3
7716 3
7718 0 0 0
7719 4 4
7723 3
7729 3
7730 3
7732 1
7735 4
7737 3
2655 0 0
7741 0 0 0 0 0
7743 3
7746 2 2 2 2 2
7749 4
1088 3 2
7758 4 3
7759 3
7760 0
7763 4 3 2
7768 4
7772 4
7777 3
7778 4
7780 0 1 0 1 1
7781 2
7782 1 0 1 1
7783 3
7785 4 4 4 3 4
7787 4
7788 2
7789 4 4
7790 2 4
7795 2
7796 4 4
7799 3
7800 3 4 3 4 4 4 2
7803 2 2
7805 3
7808 2
7811 4 3
1302 1
10860 1 1
7820 4
7821 4
7823 4 4
7827 4
7830 4
7833 0
7834 3
7835 0 0
7836 4
7837 4 4
7839 2 2
7840 4
7841 1
7842 2
7844 4 4
7846 1
7849 3
7855 0
7858 4 4 3 4
7860 2
7862 3 2
7865 4
7866 4 2
7869 4
7627 4 4
7871 1
7873 3
7876 2 2 0 2 1 2
7880 2
7881 4
7886 0
7887 3
7888 2 3 2 4 4
7891 3 2 4 2
7892 4 4
7893 0 1
7894 2 4
7895 2 2
7896 3
7899 4
9509 2 4 2 2
7904 4
7908 3
7911 2
7918 4
2685 3 1
7921 4 2
7923 2
7924 4 2
7927 4
7929 3
7934 3
7936 2
7938 3 3
7940 4
7942 1 1
7944 4 4
7945 4
7946 2 0
7947 1 1
7952 2 2 3
7953 3
7955 3 4 3
8721 4 1
7957 4 4 4
7958 0
8153 3 2
7961 4 4
7962 3
7965 3 4
7966 3
7967 4
7968 3 3
1328 4
7972 2
7976 3 3 2 3 4
7980 4
7985 0 0
1035 4
7987 3
7990 3 3
7992 0
7994 4
7996 1 1
7997 0
8002 1
8003 2 4
8005 4 4
8006 3 4
8012 1 4 4 2
8014 2
10893 2
817 2
8021 4
8026 3 3
6799 4 4 4
8030 3
8031 4 3 3 3
8033 3
8037 4
8038 0 3 1
2705 2
8040 4 4
8041 2
8044 2
8046 3
1341 3
8050 3
8052 4 4
8053 0 0
8054 4
8346 2
8057 4 4 4 4 4 4 4
8063 1
8064 3 4 2
9536 3 3
8067 0
10902 3 1 1
8072 4
9219 4
8076 2
8080 4
9539 4
8084 4 3
2713 4
8092 2
8094 4 4 3 4
2715 3
8104 4
8105 4
8106 0 0
8107 2
8114 2
8118 4
1636 2
8120 3 2
6815 4
8124 3
2720 2 3
8130 2
8134 0
8136 3
10660 2
8145 3 4
10915 3
8148 4
8150 3
2400 3 3 1
2724 3 0
8154 3 2
8155 1
8157 3 3
8166 3 4
8167 3
8168 3
8171 4
8173 4 4 4
8174 3
2728 1
8179 4 3
8181 2 4 4
8183 4
8184 4 3
1364 1 0
8186 4 4
