0,0
8192,0,0
2,3,4
8195,3,3
8196,3
5,3
6001,3,4,4,4
1,4,3,4,3
8200,1
8201,1
8202,3,3,3,1,3,3,3
8203,3,3,1
8204,0
13,0,1,0
2733,2,2
8208,0,1,0,0,0,0,0,1
8209,1,0
18,2
23,4
8216,2
8217,3,3,3
26,1,3,2,3
27,3,2,2,3,4,1,3,4,1
8222,1,4,3,1
8224,0,0,0,1
8226,4
8227,1
1365,3
8232,4,4
8235,3
44,4,4,4,4
8238,1
8240,4
8241,3
8242,0,1,1
8243,4
8244,2
8245,2,3
8247,0
56,2,2
9567,3,4
8252,3
8253,4,4
8255,4
66,4,2,2,2,4,1,3
68,3
8261,2
8263,3,3,3
8264,4,4,4
73,0
74,4
75,1,3,3
76,3
8269,4,4
8272,3
81,2,4,0
8276,2,2
85,3,2
6841,4,4,2,4,0
8280,3,2
89,4,1,1,3
90,4,2,4,4,3
6863,4
8284,3,4
93,2,2,4,4
8286,4,2,4
8287,0
96,1
8290,0,1
99,3
8292,0
102,3,2
103,0
8296,4,4
8297,3,3,1,1
8298,4,4
8299,3,4
8301,1,0
8303,3
112,0,0,0,0,3
8305,4
8306,3
115,1
116,3
8309,3,3,3,4
118,4,3,4,2
8311,4,4,4
8312,4
121,1
8316,3,1,0,1,1,0
9641,4,4
8318,1,0
127,1,1,2,2,1
128,4
129,3
8322,4,4,4,4,4
8324,4
134,3,3
8330,3
139,4
8332,0,3
141,4
142,4,4
143,4
144,4,4,4
145,4
8340,4,3,3
149,3,4
8343,0,0
152,4
8345,4,4,4,1
8346,4,2,2
8347,3
8349,3
8354,0
163,0,0
8359,3,4,4,4,4,0,0,1
551,4
170,0
171,4
173,1
8366,4,3,3
176,3,2
10952,1
8370,3,0
8372,4,4,4
181,3
182,3
183,1,0
8376,4,4,4
8377,1,1
186,4,4,4
8379,3,4
8380,4,0
8382,4,4,4,3,3
8383,2,3,1,4,3
32,3
8386,1
8388,2
199,3
10645,3
201,3,3,4
203,0,1
8396,2
205,3
8398,4
10957,1,0
210,3,3
211,3,4
8404,4
213,4,3
8410,0,1,0,0
8411,3,1
8412,0,1,0
222,4
225,3,3
8418,4
8420,4
229,0
1582,2
8424,4,4
9596,1,0
8426,3,2,4,3
235,0
8429,0,0,0,0,0
8433,1,3
8434,4,3
243,0,0
8438,4,3,4,2,3,3
8439,2,4,4,4
8440,2
8441,2
250,2,4,3
8443,3
252,4
8447,3,3
43,1
8454,2
8455,4,1
264,4,2
265,0
2775,3
8460,0
8461,2
270,0
8463,0
273,4
274,1,0
278,3,4
329,4
8472,1
1412,1
283,4
284,0,1
285,4
8478,3,2
8480,4,4,4,4,4
10971,4
8484,4,4,3,4
293,4,3,4,2,4
8486,4
8487,3,3
8488,1,0,0,1
8490,4
300,1,0
9830,2
8496,3,4,3
8497,4,2
306,4
307,2
8500,4
310,4,2,4
8503,3
8504,1
8505,1
315,2,4,2,2,2
321,1
8514,0,0,0
8515,0,0
326,4
327,4
328,4,4,4,4
8521,4,4,4
8522,4,0,0
8523,0
332,4,4
8527,4
8528,4,4,1
8529,2
8530,4
339,0,3
8532,1,4
8533,4
8534,4
10377,4,4,4,4
346,0,1
8539,3,4,4
8540,4
8541,0
350,1
351,0
8544,0
9616,1
354,4
355,4
8548,2,2,3
357,2
358,0,0
8551,0
363,4
364,3,3
8557,0,1,1
366,3
368,4
8562,1,0
8563,2,4
8564,0
374,3
8567,0,0
8568,4
8569,1,0,1
9287,4
63,4
8572,3
381,3
382,4
384,1
8578,4,1,3,4
388,0
9622,2,3
390,4,4
392,1
394,3
8587,2,3
8590,4,4
8591,3
8592,0
401,4,4
402,0
8595,3
8596,4
8597,4,3
8599,0,3
8602,0,0,0
411,4
413,0
8606,3,2
415,3,4,4,4
416,3
417,3,3
418,4,3
419,3
8612,1,0,0
9834,1,0,0
422,3
8615,4,4
8616,4,4
8617,1
8618,4,4,3
71,4
428,4,4
429,1,3
8622,0,1
2742,4
8624,0,0
433,2,2
8627,3
8628,4,3
8629,3,4
439,0
8633,0
8635,4,4
444,4,4,4,4,1,4,4
8637,4
8638,4
447,1,0
8640,3,2,2,4,4
449,4,4,4,1
450,4,4
8643,2,3,4
453,2,1,1
454,4
455,3,4,3
8648,3
8649,3,2
458,4
8651,0
460,3,4
1442,4
8654,3,2
8655,0,1
464,3,0,1
465,3,3
8658,4,4
8659,4
8660,1
469,3
8663,3,3,2,2
472,3
475,1
8669,0,1,0,1
478,2,2,4
481,0,1,1,1
8674,4,4
8675,4,3
485,4
8678,4,4,4,3,4,4,4
487,0
488,4
8681,3,0
491,2,4,4,4
493,0,1
494,3,3
11078,4,4
8688,1,1,0
8689,0,0,4,4
8690,4
499,3,2,3,4,4
500,2
2814,4,4
502,4,3
8695,4
8696,0
8698,2
11007,4
8700,4
509,4
8277,3
512,4,4,3,3
513,4,3
515,3
8709,3
518,3,4
8712,4
522,1,2
524,3,2,2
8718,0
527,2
8720,4,4,4,4,4
8721,4,3,4
531,1
535,3,4
536,1,0,0
8729,4,3
8731,2,4
8282,4,3
542,3
2821,4
545,3,3
8738,4,3
547,3
8741,0
550,3,4
2746,0
8744,0
1497,3
554,3,4
8747,1
557,4
8750,3
8751,4
560,3
11016,4,3
8754,4,4,3,3
8755,3,3,4
564,1,3,1,3
94,4,4,3
566,4
8760,2,1,4
569,1
8762,4,3
95,3
572,2,4,3,1,3
2826,2,4,4,3
8766,1,0,0
8768,0,0
577,4
579,0,1
8776,4,2,3,1,1
585,4
586,4,0,0,0,1
8779,0,0
8782,4,3
8784,3,3
8785,4,4
8786,0,2
8291,4
8789,4
8790,0,0,0
599,4,3
8792,0
8795,2
604,2,2,2,1,4
8798,2
608,4,4,4
610,2,4,3
1467,4
612,1,0
613,0,3,0
615,2
8809,0,0,0
618,3
8295,0
621,4
622,4,4
8815,3,3
624,0,0,0,2,2
8817,0,3
8819,3
628,0,0,0,0
629,4,4,4,3
4,4,3
632,4,2,4,4
8825,4,4,3
8827,0,0
636,3,3
106,1,1
640,4,4
8833,3
8834,4
107,4
8836,1,0,0,1
645,1,0
646,3,2,4,4
8840,0
8842,4
8844,0
653,3
8848,2,3,4
8849,3,3,3
8850,4,4,2
659,4,4
660,3
8853,3
8854,1
8855,4
664,4,2,4
9668,2,3,3,3
8859,4
668,3
11034,4
670,4,4,4,4,4,3
8865,0,0
674,4
8867,1,0,0
8869,2,3
8870,2
679,3
8872,3,4
8875,3,3
8876,0
114,3
686,3,4,3,2
8880,1,2,1
690,1
8883,4
692,4,4,4,3,4,4,4
11032,2,2
695,4,3,4
8889,4
2847,4
700,0,0
8897,2
8899,3
711,1,0,0
8906,3,4,3
715,3
10935,3,4
8910,0,1,0,1
719,4
720,3,1,3
8913,4,4
722,3,4,4,4
723,2,2,2,4,4,3
8916,3,3,3,3
726,3,1
8920,1
729,4
8922,3
731,4,4,4
732,1,0
734,3
8927,3
736,0,1
1488,4,4,4
8930,1
739,0
740,3
8933,3
8934,0
8936,3,4,4
745,2
8938,4,2,2
8941,4,2
8943,1,1
8946,4,4,0,3
8947,3
8948,3,3,2
8949,1,1
8950,3
759,4,4
8952,4
8954,1
763,4
764,1,0,1
765,4
767,0,3,2,4
768,0,0
8961,4,4,3,4
8962,1
11051,4
772,4
773,2
774,1,1
8967,3,2
8968,3
11052,4,4,4,4,3
778,1
779,4,3,4
8973,3,3,4
782,1,1,3,3
2861,2
9688,4,4
8978,4
788,3
790,0,0,1
791,3,3
792,0
8985,0,0
8987,0,0
8991,3,0,0,0,0,0,4
8992,3,3
8993,1,1,1,3
802,0,0,1
8995,0
804,4,4,3,4,4,2
8326,1,3,4,3
806,1
9001,1,1,1
811,2
9004,1,3
813,3,3,3
9006,1
9693,0,3
9010,0
819,3
9013,4
9014,4,2
823,2
825,0,0
826,3,3,4,4
9019,1,3,4
9021,3,4,4
831,3
9024,3,3,3
9026,4,4
9027,4,4
836,1
837,2,4
838,4
839,2
9032,0
9848,2
9036,4
9037,0
9038,4,4,3,2,2
847,4,4
848,0
11064,3,4
9043,1,3,2
9047,3,0
7939,4
857,3,2,4,4,4
9050,3
859,0,1,3
9054,3,2,4,4
863,0
864,4
8336,3
9059,4,4,3
9060,3
869,4
870,2,1
871,3
9064,4
874,0
9067,0,0,0
877,4,4
878,4,2,4
2877,4
880,1
882,1
884,2,3
9078,1,1
1513,4,2
888,3,3
889,4
9082,3
891,1,0
9084,3,4
9086,3,1
8341,4
9088,4,4,2,3,2,4,4
898,4
899,3,3
902,3,4
9095,3,4
9096,0
9097,4
9098,0,0
909,1,0
9102,3,4
9103,3
912,3,3,3,4
9335,4,4
9108,3,4
9110,4,4,4
919,2
920,2,3
9113,4,4
9116,1,1,0
9117,1,0
11077,2,3
928,2,4
929,3,4,3,4
932,1,0
9125,4,4,4
9128,0,1,1,0,0,0,1,0,1
9129,0,0
938,3
940,3,4,4,3
2352,3,2,3
944,3,4
9138,4,3
9140,2
9142,3,3,2,4,2
951,0
9144,3,3,3
9146,3
955,4,4
956,3,3
957,1
959,0,0
960,2
9153,0,1,0
963,3
9157,0,0
967,4
9160,0
9162,0
9163,4,4,4
972,4
9165,4
9166,1,0
9168,2
9169,0,1
978,1
8355,0,0
980,4
9175,3,1
984,0,0
9179,3
9180,4
989,2,4,3,3,3
9182,4
992,3,3,3,3
9185,1,3
9187,4
9189,4,4
9190,2,2,2,2
999,2,2,2,2
9192,3,4
1002,4,3,2
9195,1
9197,4
1006,4,4
9199,3,4,4
1008,3
1009,4
1010,0
9204,1,0,0
9205,4,4
1014,4
1017,3
9211,3,2
9212,2,3
1021,4,3
1023,4
1024,3,3,2
9217,3
1027,3,3,3,4,4,4,4
1028,0
9221,3
1030,4,4,0,2
1032,1
9225,3,4
1035,0
9228,2,0
1038,4
1039,0,1
1040,4
1041,1
9234,0,0
9235,1
1698,4,2,1
9240,2
9241,4
9242,1,3,3,3
9244,3
2741,3,4
9247,4,2
9248,3,3
1057,4,4,3
1059,4,3,4
9252,0
1062,4,4
9255,0,3,4
1064,0
1065,1,0,0,1
1066,2,2
1068,3,3,4,3
1072,4,4,4,4,4,4
1074,0
1971,3
1077,4
1079,3,3,3,4
9272,0
1081,4,4
1082,3,1
1083,3,4
9277,0,0
9278,1,1,2,3,3
8373,2,3
9281,0,0,0,0,0,4,4,4,4
9283,0
9284,4,3
1093,1,0,4
1094,4,3
1095,1,0,0
9289,2
1099,3
1101,4,4
9741,0,0
1104,4
9298,3
1107,4
9301,2
185,2,2
9305,3
1115,1,0
9308,2
9309,0,0,0
9311,3,3
1552,3,3
1122,0,0,0,1
1123,3,3,2
1124,1
1125,3,4,3
188,2,3
9322,4
1132,4,4
1133,4
9326,4,2,3
9328,3
9330,3
1140,4
190,4
1143,4,3
9505,3
1145,3
1146,4,2
191,4
9343,3
1153,0,0,0,0,0,0
1154,4,4,2,1
11115,3
1158,3
9351,0,0
2924,3,4,3
9354,3,1,1,0,1
1163,4
1164,0,0,1
9357,4,2
1166,1,0
1167,3
9360,1,1
1172,0,0
9365,4,2
1561,0
9368,0,0,0,2,3
1178,4
2767,4
1183,1,1
9376,4
9377,0
9378,4,4
9380,0,4
1191,0,4
1195,0,0,0,0
1200,2
1201,1
1203,2,3
9396,2,4,2,4
1205,4
1206,3
8393,4
1208,4,3,1,3,1
9401,1,2
9402,0,0
1211,4,4
1212,4,2,4
2128,3,0,3
10406,3
9409,4,4,2
1219,4,4,4,4
9412,4,4
9414,2
9415,0,3,4
1224,3,0,4,4,4,4
204,3
9418,4,3
1227,3,4
9420,1,1
8397,0,0,0,0,0,0,0,1,0,0
1232,4
1235,3,4
9428,4,4
206,3
1239,4,2,4,4,4
1240,3,3,1
9433,4,4,4,3,4,4
1242,2,0,2
1243,2,4
1244,3
1678,1,2
9439,3
1248,4,4,4,4
9442,3,3
9448,3
9451,3
1261,3,2,2,4
9459,3,3
1269,3,2,4
9463,2,3,4,4,4,4,4,3,3,3,2
9464,4,4,4
1273,4,2,4
1274,0,0
1277,1,0
1278,3,2,2,2
9471,3,4,4
1280,0,0
9474,3
1283,2,2
1284,3
1285,0,0,0
1286,3,3,4,1,1,3
1288,4
9482,2,3,3
9485,4
1298,2,3,3
1299,1
1301,3,2
1302,3
9495,3,3
1304,3,3
1305,4
9499,0,0,0
1308,2
218,3
1310,3,3
9503,3,3
9504,4
1313,3
1315,3
1316,4
1317,4,3
1318,4,2
1319,1
1321,3,3,3
9515,0,0,0,0
1324,2,1
1325,3,3
9520,4,4,4,4,4,4,3,4,4,4,3
1329,3,2
9523,4
9524,2
9525,4,3
1334,2
1335,4
9530,4
9531,2
9532,3
1343,4,3,3,4
2904,4,4
1346,3,3
11147,3
1348,0
1349,4,4,3
8417,1,0
9550,4,2,2,3
9551,0,0,0,0
1361,3
9554,1,1,1,1
1363,4,2
9557,3,3,0,3,2,4
1368,3,3
1369,3
1370,2,2,2
1371,3,3
1375,4
1376,1,1
1379,0
9574,2
1384,4
1385,3
1386,2
11154,3
1390,3,1
9583,0,0
9584,4,2,2
1394,4
1395,4,4,2
1396,4
1398,1
1399,1
2964,2,2
1403,0,0,0
1404,4
1405,4,3
9599,3,4,4,4,3,3
1409,1
1410,3,4,4,2,4,4,0
1411,3,3,2
9604,0
1413,3
1417,3,3
1421,4
1423,1
1424,4
11160,4
5621,4,4
9619,0
9620,4,4
9621,4
1430,0
1431,0,0
1433,3
1435,3,0
1436,3
2230,4
1440,3
9634,3
1444,4
9637,3,4,4
1448,1
1449,0
1450,1,0,1,0
1452,4
1453,1
1454,4,4,4
9647,4
1456,1,0,0
1457,3,3
1458,3,4
9651,4,3
1460,4,3,4
1461,4,3,2,3
9656,4
9657,4,4
9659,0
8193,2
1470,2
1471,3,3
9869,1,2,2,4
9665,4,2,3,2,3
9666,4
1475,3,4
1476,4,3
1477,4,4,4
1478,3,2,2
1479,3
1480,4,4
1483,4,3
1487,3,3,4,3,3,3,4,4
9680,4
9683,3,4,0
1492,2
1493,4
9686,4,2,4
1496,4,4,3
9689,0,3,3
9691,1,4,3,4
1500,1
1501,4,4
9694,0,0,0,0
1503,3,4
1504,4
1505,3
9700,2,2,2,3
9701,1
9705,3,4
1514,4
9707,2,0,0,1
1516,3
9709,3,3,3,4
9710,0
1519,1
9712,4
1521,3
1522,0,0,1,0
1525,3,3
9718,4,4,4
1528,3
255,2
9724,4
9725,3,4
9726,3,3
1536,4
9732,3
9734,4,4,4
1543,2
1548,3,3,4
1549,0,3
597,3,4
9744,3
9745,4,4
9746,2,4,2
9748,2,3,3
1558,2,2,2
1559,3
9752,2
9753,0,0,0
1563,4,4
9757,4,4,4,4
1566,3,1,3
9759,1
1570,1
9819,3
1572,4
1573,2,4,4,4
9767,0,3
9769,3
9770,3,3,3,2
9774,4,2
1629,4,2
9776,2,3
9779,3
9781,4
1591,0
9785,3,1,1
1596,4,3
9789,1
9792,3
1601,1,1,1
9794,4,3
1603,2,4
1604,4
9797,3,2
1606,0
9825,3
9801,4,3,4,2,2,4,3,2,4,4
9802,4
9826,0
9806,4,3
1615,3,4,3
1618,0,3
5731,4
9812,2
1621,4,3,4,3
9817,4,2
9818,4
1627,0
9821,3,3,2
1630,4
1631,4,3,4,4
1633,3,4,3,4,4,4,4
1634,3
1636,3,0
1637,3
1638,3
9831,4,4,3
1641,4,4
1642,2,1,1,3
9835,2
1645,4,0
9838,4,4,4,4,3
9840,0,0,0,0
1649,3
9842,2,3
9847,3
1656,3
1657,4
1658,3
9852,2,3
1661,0
9857,2,1
9858,2
1643,4,4,4,3,2
9860,1
1669,3
9862,1,0
1671,3
1672,4
8471,4
9868,2
1677,4,4,4,4
9870,4,4,2,4,4
10946,1
1681,2,4
1682,0,0,0,0
9876,3,3,0,3,0,3
1685,3,4,3
1688,3
9881,3
9882,4,4
1692,4,2,2
1694,2
9890,3
8475,2
1700,4,3,3
9893,4,4,3
10695,3
1703,1,1,1,1,1,1
1707,2,1
2739,1,0
9902,3,2
9903,0
9904,0,0
9905,0
1714,4
9908,3,3
286,2,2
1718,0
9911,1,0,0
9913,4
9915,4,3,2,2
1724,4
1728,0,0
1729,3
9923,1,1,4
9925,1,0,1
9926,3
1736,0,1,0
9929,4,2,1,2,0,3
1738,2
9932,1,1
1741,3
9934,3,1
9935,4
1744,3
9937,4
1747,0,1,0,1,0,0
9940,2,2,2,2
5753,3
9944,3,4
9945,4,4
1756,2
1757,4,3,4
1758,2
8485,4,4
1761,2,3
9954,4
9955,4
1768,3
1660,3
1770,0,0
1771,0,4
1772,2,2
1773,4
1774,0,1,0
9967,4,4,4,3
59,0
1779,3
9976,0
9977,2
9978,3
9979,1
1788,2,1,1
1790,3,3,2,2
9983,3,2
9984,3,2
9988,1,1,0,0,0
1797,4,4,4,4
9990,1,3
9992,0,1
8492,1,3,1,1
1803,0,1,0
1804,0
1805,4
1806,3,3
1807,1
1808,0,0,0,1
1809,3
1812,3
1813,0
1814,0,0,1
10007,3,3
1816,3,2,2
1668,1
10011,1,1
1820,2,4
10013,3
10014,2
10016,3,2
304,3,4,3,3,2
1826,4
1827,1
10021,2
1830,3,3,3
305,3
10024,3
10025,1,1
10026,4,3,2,3
1835,3
1836,0
10029,3
10031,4
10032,0
9864,0
9063,3,3
10037,4,4,4
10039,3,4,4,3,4
1848,3,3,3,3,4,3
1849,3
1850,0,1,1,2
1853,4
10046,3,3,3,2,3,3
10047,0,0,0,0
9867,1,1,0,0
10054,3
10055,0,0
1865,4
311,3,3,4,4
1869,1
1870,1,1
1871,4
1872,3
10066,0,0
1876,1
10069,2,4,4
10070,3,3
1880,1,0
1881,4,4,3,3
1883,3,3
1884,3
1885,4,2,1
10078,0,0,0,0
8199,1
10080,3
1889,4
10082,2,2
1891,3,1,3,0
1893,3,4
10086,0
9873,4,3
10088,4
1897,0,0
10090,1,3,1,1
1899,1
10093,1,1
10095,4,3
1904,4,4
1907,4
10100,3
10101,3,2,3,2
10103,2
1912,4,4,4
1913,0
10106,4
1915,4,4,4
1916,4,4,4,3
10109,0,0,3
9266,4,4
10112,2,1,3,4
10113,3,4,3
10114,1,0,0
1924,4
10118,4,4
10119,0,0
1928,3
10121,3,2
1428,0,1
1931,3
1932,3,3,3,2
1933,3,4
1934,3
10128,1
1937,4,4,4
10130,4,4,4
1940,1
10135,3,3
1944,3,2,4
1945,4,3
1946,4,4
10140,4
1949,2,4
10142,4,4
1952,0,0,0,0,0
10145,3,4,2,3
10146,4,4
10148,3,3,3,4
1957,3,2,2
1960,3
10153,4,4,2
10157,4,4
1966,2
10162,3
3059,4,4
9886,1,0,0
1974,1,0,0
1975,4,4,4,3
9613,4
1978,0,0,0
1980,0
330,4
10174,1
1986,2
10179,0,0,0
10180,3,3,3
1990,1,0
10183,2
1993,2
1994,3
1995,3
10189,2
1998,3
1999,3
10192,4
2001,4,4
10194,4,4,4
10196,2,2
2006,0,3,0,1,1,1
2007,4
10200,4,3,3
9892,4,3,4
10203,1
2014,3
2015,4
10208,4
2019,0,0,0
2020,2,2
337,4,3,2
2025,4
9895,3
10220,1
338,2
10222,1
2032,3,4
2034,4,4
10228,3,4
10232,2,2,4
10233,4,4,3
10234,3,3,1
2046,4
10240,4,4
2049,1,0,0,0,0
10244,4
342,4,4,4
2054,2,3,2
2055,4,2
2056,4,4
2059,3
2063,4,4,3,0,4
10256,2,2
10257,3
10258,0
2067,4,2
10260,0,1,1
2069,1,2
10262,2
10263,4
2072,0,0
10265,3,2,3
2074,4
10267,4,4,2
69,2
10271,4,2
7707,1
10273,4
347,3
2087,0
2089,4,4
2090,3
2095,3
2097,3,3
2101,3,3,2
2103,3
10296,4,4
2105,3
10298,4,4,4,4
10299,4,2,4
10163,1
2110,3
10303,3
10306,3
2115,4,3,3
2117,1,4
10310,3
353,4
10312,3
2123,3,3,4,4,4,4
10317,2,3
9618,2
2127,1,2
10320,0
2131,4
10324,1,0
2135,4
2137,3,3
2138,0,1
10332,2
2141,4,3
10335,4
2144,3,4,2,3
2145,4,4,4,4
10338,2
10339,0
2148,3,3
10341,3
2150,1
10343,1,4,3,0,0,0,0
10344,4
2154,0,1
2156,4,4,4
10349,3,3
10350,0,0,3,4,4
10352,4,3,4,3,4
10353,0,1,4,1
2162,3,3,2
10355,1,1,0
10356,1
2166,3
10359,0
2169,4,3
2172,1
2173,3,3
2175,4
2177,4
2178,4
10371,0,1,0
2180,3
2181,4
10374,4,3,4
2183,4,4,4,4
10376,4,0,0,1
2185,1,1
2187,4,2,4
2189,4
2190,1,0
10384,4
2193,1,1,4,3
2194,3
2199,1,4,0,3
2200,0
10395,3
2204,4
2205,3,1
2206,0,1,1,0,1,0,0,1,0,0,0
10399,2,3,4,4
10400,0,1
8560,4,4
2212,0,1,0
2213,2,4
2214,4
10407,4,4
2216,2,3,4,4
2256,3,3,2
10413,3,2
2222,4
10417,3
10419,4,4
10422,4
2231,3,4
2232,4,2
2802,4
10427,3,4
10428,0,1,1
10430,0,0,0,0,0
10433,4,3
2242,4
10435,4,4
10436,0,0,0
10438,4
3105,1
2248,0,1,1,0,1,0,3,1,1
2249,4,4
2250,0
2251,0,1
2252,4,4,4,0
2253,1
2254,2,4,4
10447,4,4,4
10448,4,4
10449,0,0
10450,4
10453,3,2,4,2
2263,4,3,4,4
10459,0,3,0,1,3
10460,1,1
10461,4,4,4,4,3
2273,0,1,1,0,1
2275,1,0,1
10469,3
2279,4
15,0
10475,2
2284,4
2287,4,4
10480,3
10482,3,4
9939,1
10485,0
10486,4
2295,0,1
10488,4,4
2298,4,2,4,4,4,4,4,4
2299,4
2302,4
10495,4
2305,3,2,1,0,4,4
10498,2
10499,4
10504,0
10505,4,4
2314,4
2315,2
10511,4
10512,0,2
2321,4,4
2323,0,1
10516,4,3,4,3
2325,4
2327,4,4,4,3,4,4
2328,3
10521,2,4,2,2,2
623,0
2332,3
2333,2,4,3
389,0,0,3
2336,2
10529,2
10530,3
10532,0
2342,4
3121,3,3
2344,1
2345,4,3,4
2347,0
10540,4,4
2349,1,0,0,0,1
10542,4
2351,4,4,4,4
10544,1,4
2354,2
2355,0,0,0,1,0
10548,2,3
2357,1
2359,2
10553,1,0
10554,1,0
2363,4,4,4
2365,4
2366,2,3
2369,4,4,4,4,4,4
395,1,0,1
2373,1,1
2374,0
2375,3,3
10569,4
10570,0,0
10571,3,4,4,4,4,4,3
2380,4
10573,4
10574,1
10578,2,2,3,4,4
2387,4,4
10581,3
10582,4
7225,3
2393,4,2
2394,4
10588,4
2397,0,0
2399,0,0,0
2400,1,1
2401,2
2402,3
10596,4
10598,4,4,4
10599,3,3
2408,3
10601,0
2412,4
10605,3,0,0
2414,1,1,2,3
10608,2
9960,3,3
10611,1
10612,1
10614,0,1,1,0,0,0
10615,1,1
10618,4,3,4
10619,2,2
10620,4
10621,4
10622,4
10623,4,4,3
10624,0
10625,0,0
10626,4,3
10627,0
10628,4,3,4
10629,1
2439,4,3
2440,1,1,1,1
10634,2,2,2,4,4
407,3
10637,4
2447,4,3,4,4
2453,3,4,4,4,4
2455,4,4,4
2457,3,4
10650,4
10651,4,4
2460,4
10653,4
10656,1,2,2
2465,3,4
2466,4,3,3
2468,3
2469,4,3
1777,4
2474,1
10668,3,3
2478,1,0
10671,4
2480,3
2481,3,3
2482,1,0,0
9971,0
10679,2,3
2488,4
2489,1,2,0,2,1
8607,1
10685,1
10687,4,2,2
2497,1
2499,3,3,2,4
2503,2
10698,0,0,0,0
5879,2
2508,4,3
8610,3
2510,0
10703,2,2,4
10704,3
10705,1
10706,3
2515,1,4,1,4,2
10709,4,4,4,2,4,3
2518,2,2,4,2,2
10712,1
10713,0,0
10714,3
2523,4
2526,4
2529,2
10722,1,1
2531,4,3,4,4,4,4
10725,3,4
10727,3,4,4
2536,4,3,3,4,4,0,0,0,0
1721,1
2538,4
10731,4,3
2540,3,3
10734,0,1
2543,4
10736,3
10739,2,2,4,4
10741,1,1
2550,1,0,0,0,1,0,3,1
2551,3
2553,0,0
10746,2,2,2
10747,3,4,4
10748,4
2557,3
2559,3,4
10752,4,3,3
2561,0
3072,3,4
9087,4
10756,4
10757,4,4
10758,1
2567,4
10760,4
2569,0,1,1
2570,0
10763,3,3
2572,4,2,3,3
10765,1,0
2575,4
10768,3
2577,4,4
2579,2,4
2580,3
2581,3
2582,3
2584,4
1796,0,2
2586,3,1
10779,3,3
2588,1
10783,1
2592,4
432,1
3163,3,4
1798,4
2598,2
10791,3
2600,2,4
10795,0
10796,3
10797,1
10799,2,3,2
905,0
2610,3,0,1,3,3,3
10809,0,1
2618,2,2,2,2
2619,4,4
2625,2
10818,4,4
9995,1
2628,0,2,2
10821,4,3
10822,3,3,3
10825,4,4
10826,2
2635,3
10829,1,2
10830,4,2
9997,3
2644,3
10839,3
2648,2
2649,1
10842,1
9999,4
2652,1,0
10845,3
2654,4,4,2,3,4,2,3
2655,0,0,0
2657,4
10852,4
10853,3
10854,0,0
2663,0
10857,0,0,0,0,1,0,0,0,0,0,1
2666,3
10860,0,0,1,0
2669,3,3,3
445,3
10864,4
10868,4,4
2677,3
2678,4,4
10871,4
10872,0,1
4543,1,0,1
10876,0,0
2687,4,3
2688,4
2690,3,2
3179,0
10884,4,3,2
2693,3,3
10886,3,3
2695,2
2696,4
2697,3,3
2699,3,2
8642,4,4,3
10894,1,0,0
2703,2,1
2704,4
10897,4
10898,3,3
2707,0,0,0
2708,2
2709,1
10903,0,0
2713,2,3,4
2715,4,4,3
10908,0,0
10909,3
2718,0,1
10911,0,1,0,3,4
2721,0,0,1,3,0
2722,2,4,4,3
10915,4,3
10916,3,3,3
2725,4
10919,3,4,3
2728,1
2731,1,3
10925,1
2736,1,0,0,0
2737,3,3
10931,3
10932,3,3
1822,2,0
10934,3,2
2743,3
10938,4
2747,4,4,3
10940,4,4,4,4
2749,2,4
8147,2,0,1
10945,0
2754,3
2755,0,1
2756,3
910,0,1
2760,0,1,0
2761,3,3,4,4
2762,4,4,3,3,4
10956,2,3
10018,0
461,4,3,4,3
2768,1
2769,2,4
2771,3,3,3
10966,4,3,4,1
10967,4,4
10970,3
463,4
2784,3,3,3
10983,1
2792,3
2793,0,0
10987,0,0
2797,3,3
2799,3,4
10992,4
2801,1
10994,3
10995,0
2804,4,4
10999,1,3,3,0
2808,0
468,4,3
2811,3
11006,3
8661,3,4
11008,3,3,2
2817,2,3
11010,4,4,4
11011,1
11013,4,4
2822,4,3,2,2,3,3
2824,2
11018,0,0,1
11019,3
2828,4
11021,3,3,3,3,4
11022,4
1837,1
11024,4,4
11027,3
11030,4
2839,4,4
2840,4
2842,4
11035,4
2845,1,4,4
11039,1
2849,3
2850,3,3
11043,0,0,0
2852,1,0,0,0
11045,1,0
2855,3
2856,4,4,3,4
2857,3
11050,3,3,4
2859,1,0,0
2860,1
11053,2
2863,0,0
11056,3
11057,4,4
2866,4
2867,1
2870,4,3,2,4,2,4,4
2871,0,1,0
2872,4,4
11068,4
11069,2,3
11070,2
11074,2
2884,3,3
2885,3
2886,4,2,3
2888,4
11081,1,1,0
2891,0,1
1874,4
11087,4,4,4
11092,3
2901,3,3,4,3,4
11094,4
11096,0,0
11099,1,0,0
11104,3,1,4,4
11109,0,0
11110,3,3,0,0
11111,3
11113,0,0,0
2922,3,0
2923,1,0,0,0
11116,3,3,4
2925,2,3,2
11118,2,4,4
2927,2,2
11120,0
2932,3
2935,0,0,0
2936,1,3
9645,1,2,3,2
2940,4
11133,3,4,3,2,4
2942,1
2945,4
11138,4
11141,1
11142,2
11143,3,2
11144,3
2953,4,2,2
2954,1,1
2955,2
2956,4
11150,4,4
11151,4
11152,4
11153,3
2962,4
11156,0
11157,2,3,4
11158,0
2967,3,2,3
2968,2
2969,4
11162,3,3,4
8555,3,4
2972,4,4
2974,1
11167,3
496,1
2978,0,1
2982,4,4,4
11175,0,1,0,0,0,0,0,0,0
2985,4,4,4,4,4,3
2988,3,3,4,4,2
11181,4,4
2990,3
11183,4,3,4,4
2994,1
2995,3,3,2
11189,0
11190,4,2,3
2999,3,2
11192,1,0
8692,1
3003,2,1,3
3004,3
3007,0,0
3009,3,3
3010,0,1,4
10059,3
8694,3
3014,4
3018,2,4
3019,2,3,0,2,2
3020,4,4
3025,3,0,0,0,1,1
9648,4,4
7193,0,3,3
3032,1,1
3034,2
3037,2,1
3038,4,3
3039,0
3040,4,2,4
10064,4
3042,4,4
507,3,4
3045,3,4
3049,3,2
3052,4
3053,2,2
3054,1
3057,1
3058,2,4,4
5971,1,1,0,1
3060,0,4,3,3,2
3062,0,1
3064,3
3065,3
10315,0
3068,1
3070,0,1,3,1
4603,4,4
3078,3,3,2,4
3080,4,2,3
3086,0,1,0,0,0
3087,4
3088,0
10073,3
3096,1,1,0,1,1
3097,3
3098,2,4
3102,2,2
3103,3
376,3,2
3107,0,0
3111,2,2,3
3113,4
3114,2,3,4,3,3,4
2459,1
3118,4,4
3120,1
520,0,1,0
3122,0,0,3
3123,4,4
1886,3,1
3126,2
3128,0,1
3131,0
3134,4
377,3
3137,1,0
3140,3,1,4,2,2,0
3141,0,0
10743,1
3144,4
3146,3
3151,4
3153,0,0,0
3154,2
3155,4,3
3157,3
3158,2
3159,3,0,0
3162,1
8719,3,2,3
3165,2
1742,3
528,3
3170,3
3173,4,2
3174,3,3
529,4,2
3177,3,3,2,2,3
3178,1
10087,0,0,0
3181,0
3183,3
3185,1,0
8835,2
3189,3,4,3,4
3194,1,1
3196,0
9132,2
3201,1,3
3202,0,0
3204,4
3208,1,3
3209,3,3,3,3,3
3210,4,3,4
3211,0,0,0
3214,4
3215,0
3218,4,4,2,2
3224,4,4
3229,4,4
3230,2
3234,3,4
3238,3,0,3,1,0,0,1
3239,4,3
3243,3
3246,0
541,3,3
3250,3,1,0,0,3,1
10099,0
3253,1,1
3254,0,1,0,1
3256,2,3
1908,3
3261,4,3,4,4,4,4
3263,3
3265,4,4
3266,3
3268,4,4
3272,2,4,4
3273,4,3
3275,0
3279,0,2,3
3280,2
10104,3,1,3
3282,0,1
3284,4
3285,1,0
10105,3
3290,2
3292,0
3295,0
10933,2
3297,4,4
3298,2,4,3
3299,0
3301,2
3302,3,4,3
3656,4
3307,4
3308,4,3,3,4
3309,3,3,3,4
3311,4,4,3,4
3312,3
3315,4,4,4
3317,4,4
3318,0,1
3321,4,4,4
3322,2,4,3
3324,0
3325,3,3
3328,2
1920,2,2,2,2,2,2
555,3
1921,3
3337,3,4,3
3338,3
3339,2,4,4
3340,4,4,4
3344,3
3346,1,0
6019,4
3349,1,1
3351,3
10116,3
3356,1
3357,4
3359,2
3360,0,1,1
3361,1,4,1,0,4
3362,3,3
3363,1,0,1,0,0,0,1,1,0,1,1,0
3367,1,3,3
3368,3
3369,2
3371,2,4,4,4,4
3373,3
3374,1,1,1,1
10120,4
3378,4,4
3382,4,4
3384,4,2,4
3385,4
3388,4
1930,3
565,4,1
3394,3
3395,1
3396,0
7393,0,1
10279,4,4
2407,0,1,0
3404,4,4
3406,1,3,3
10125,3
568,2,4
3411,1
3412,1
3414,3
3418,2,3,4,3
3420,4
3421,3,4
3423,3,3
3424,4,3,4
3431,3,3,3
3433,2
3435,1
3437,2
3440,2,1
3441,1,1,1
6035,3,3,3
574,1
3448,3,4,4,3
3449,0
3450,3
8571,3
3455,4,4
3456,2,1
3461,4
3462,3,1,3,0
3464,2,2,2,2,2,2
3465,2
3466,2,4
3469,3
3470,1,2,2,4
3486,1,1
3489,4
3490,2,4,3
3491,0
3492,3,3,3,3
3494,1,1,1
3495,0
3498,0
3501,4,3,4,4,4
3505,0,0
3506,3
3509,3
3511,1,3
3513,4,2
3518,1,3
3520,0,3,1,1
3521,0,0,0,3,1
587,4,3
9119,2,3
3525,3
3526,0,1
1953,4
3530,3
3532,4,4
3536,4
6051,0,0
3541,0
3544,1
3547,3,4
3548,3
3553,1,4,4,4,4,4
9120,3,4
3556,3
3559,4
3560,2,1,3
3561,4
3562,4
3563,0
594,2
3566,0,4,3,4
3569,3,4
595,2
3572,4
3573,4,4,4
3574,4
1961,3,4,3,3,1
3576,4
3579,4,3,4
10212,2,2,2
3582,4
3583,0
3589,3
3590,2
9667,0
3605,4
3608,4
3609,3
6733,4,2,2
3614,2,3
3616,4,4
3621,4
3622,3
3624,3
3625,4
3628,1
3630,4,3
3634,3,4,4,3,2,4
3635,3,3,1,2,3,3
3636,0
3637,3
3638,4,2
3641,1
3653,3
3654,4,4
3655,4
5850,3
3657,4,4
3661,3,2,4
3664,0
3667,3,1
3668,2,4
3670,3
3671,0
3675,4,4,4
3676,0,0,4
10170,0,0
3681,3,4
3682,0,0
3688,3,4
3691,4,4,4
3692,4
3693,1
3694,4
3695,0
3700,3,3
1982,3,3,4,3,3
3702,3,2
3704,4
3705,1,4
3709,3
3711,3
3712,3
3713,3
3715,3
3717,4
3720,3
3721,3
3730,0,0
3731,3,3
3732,0,0,1,0
3733,3
3734,4,3
3736,0
3739,1,4,4,3,4
3742,4
3744,2
3746,3
3748,4
3754,4
1991,3
3757,3
3761,2,0,3,3,4,4,4,4,4,3
3762,3,4,2
398,3
3768,1
1762,1,0
3772,0,1
10186,4,1
3775,4,4,0,3,3,3
3776,4
3778,1,1,0
3779,1
25,3,3
3784,4,4
631,2,4
3788,0,0,1
3790,2
3791,4
3792,4,4
3796,3,4,4
1389,1,1
3799,4
3800,2,3
3801,3,3
3804,4
3805,4,4,3,4
3808,4,4,4
635,4
3812,4,2
3813,1,0
3814,0
8828,0
3818,4,3
3820,4
3822,0,0
3826,4,3
3829,3,3,2
680,1,0,0,0,0
3833,4,4,4
3834,0,0
946,2,2,2
3840,4
3841,0,3,2
3842,4
3845,1,0,0
3849,3
3850,0,0,1,3,3
3852,2,2
3855,3
3859,2,4
2426,0
3861,0,0
3862,1
2009,2,4
3867,0,1,0
3868,2,1,1,0
3869,3,2
4766,3,0,0,4
3873,4,3,4,4
9949,0,1
2951,3
3881,4
3883,3
3886,0,0
3888,2,2,2
3894,1,0,1
3896,4
3898,2,2,2
10207,3,0
3901,1
3902,1,0,1,1
3904,3,3
3905,4,0,3,1,3
3911,0,0,1,0
1494,2
3913,2,4
3914,3
2858,4
3916,4
3917,0
3920,3
10211,4
3927,4,3
3929,2,4
3931,2,3,1
3933,0
3936,3
656,3
3938,0,1,1,1
3940,4
3941,3
657,4
10215,2
3956,1,0,1,0,1,0
3958,4,3,3,3
10217,4,3
8852,2,1,3,2,2,2,2,1
3964,2,2
3968,3
3971,4,4
3973,1,0,0
3975,3
405,3
3979,0
3981,3
3982,3
2029,1,0
3984,4,4,4
3985,3,3
3986,0,0,4,1
3988,3,3
2030,4,4,2,2,4,4,4,4
3993,2
3997,3
3999,4,3,4
4000,0
10224,0,0
4002,4,3,3,4,3,2,4
4006,3
4007,4,4,4
4010,0
4011,1
2918,4
4013,3,4,4,4
4014,4,3
8861,4
3400,4
4019,3
4020,3,4
8862,0
4023,1
2036,0
4026,4
4027,4,4,4
4028,4,4,2
4029,3,4
4033,1
4034,3,4,3,3
4035,1
4037,3,4,4
4038,3
4039,4,4,4,4,3
4041,0
4042,0
4043,4
4044,4,4,4
4049,3
4050,3,3
4052,4,4
4053,0,2,0
4054,4,3
2041,3,3
4057,4,4,3
4058,1,1,0,0,1
3407,1
2042,4,3
677,1,3,4,3
678,2
4070,4,4
4071,3,4
4074,0
4075,3
4076,2,2,4,2
4080,4
4081,4
4084,3
4088,2,2,3
4089,0
4090,1
4091,3
4096,0,0,1,1
4099,4
4101,4
4103,3,1,1,3,1
4105,1
8877,3,2,4,4,3
4112,3,3,4
4115,4
4116,4,4,4,1
4118,4
4120,4,4,4
4121,2
4124,4
410,0,0
4130,4,4,4
4133,2
4134,2
4135,4,4,4,4
4137,3,3,4,4
9685,4
4139,4
4140,3
4142,3,4,3,2
4143,0,0,0
4146,2,3,3,4
4152,2,3
4153,4
4155,3,1
4159,3
4160,3
4161,4,4,4
4164,3
4165,1,1,0
4169,4
4170,4,0,0
4175,3,1
4176,3
4177,4
4179,4,4
4180,4,4
846,2,2,2,2
4182,0,0,3,0
4184,3
10255,3,0
4188,1
4189,3
4190,4,4
4192,2,1
4198,1
4200,0
4202,4
4204,4,3
4207,3
4214,0,0
4217,4
10261,3
4226,1,1
4227,1,1,3
4232,2,1
4238,4
4240,0,0
4241,0
4242,3
707,4
4244,4,2,4,4
4247,4
4251,4,4
4252,1,4
4255,4,2
4260,3,4
4261,4,4
4263,3,2
4266,4,4,4
4267,0
4268,4
4271,0,0
4275,1
4277,3,4,4
4282,4,4
4283,0,0
4285,3
2052,0
4289,4
4290,0
8907,2,3,2,4
4292,4
4296,4
4299,4,2,4
4303,3
718,2
4311,2
4314,2,2
4317,4,4,4
4319,1,1,0,2
8912,0,2,4
4323,0,0,0,0,1
721,0
4331,4
4332,4
5327,0
4335,1
4338,3,1
4819,4
4341,4,4,4,4,4
4342,2
4346,2
4349,4
4351,4,4
4352,4,3,1
2417,4,2
4361,4,4,4
4365,3,4
4367,4,4,4,2
4371,4
4378,4,3
4380,4,1
4382,2,4
4383,1,0,0,1,0
9966,3
4387,3
4389,3
4391,4,3
4398,4
4399,3,4
4411,2
4412,1,0,0,0
4413,4,4
4416,1
4417,4,4,4
4424,4,3,1
4425,1,4
4427,3,1
4428,4
4431,3,3
2104,0
4436,2
4440,4
4441,3
4442,4,4
4447,3
742,4,3
4457,4,4,4,3
4458,3,2
4460,4,3,3,1
4462,4
4463,3,3
4472,3,0
4473,3,3
4475,0
4476,1
4478,3
4479,4,3,3
4482,0,0
4490,1,4
4493,3,4
4494,0
8333,3
4498,0,1,0,0,1
4499,4
4500,4,4,4,4
4502,4,4,2,4,4
4503,4,2,2,2
4504,1,1
4505,3
4506,0,1,1
4509,2
10309,3,3,3,3,4
4515,3
2118,1,0
4519,4,4
4521,0,0
4522,2
4526,3
4527,1
755,2
4532,1
4535,4
4539,3,4,3
757,4,2
4546,2
4547,3
4550,0,0,1
4551,0,1
4554,2,2
4555,0
4556,1,4
4557,3
4559,3,3
4562,4
4563,2
4564,4,3
4565,3,3,3
4567,2,4,2
4568,2
4570,4,3,3
4573,3
4574,4,4,2
4575,3
4576,1,0
425,2,2
8955,0
4583,3
4586,4
4587,4,4,4,3
4589,4
4590,3
4594,1,3,4,3
4597,0,0,0
4598,4,4,4
2608,4,2
4601,4,4,3,4,3,4,4,4,4
4602,4,4,4,4,4,4
8959,4,2
4604,3
4606,4,4
4607,4,2
4608,1,0,0
4609,2
4616,0,0,0,0,0
4619,3
4620,3
4621,4
4622,2
4623,4
4625,2
4626,3
4627,2,4,3,3
8283,1
4631,1,1
4633,2,1,3
4639,4
4641,2,4
4644,0,0
4648,4
4650,3
775,0
4654,3,3
4655,1,3
4656,0,0
4657,3,4
4658,1,1
4660,2,0
777,0
4666,3
2143,4,3
4668,4
4669,2
4673,4
4675,3,1,3,3
4678,3,2,3,4
4680,4,2
4682,4
4683,1,2
4684,1,0,0
4688,4
4689,0,0,1
4690,2,4,3
4693,1
4701,1
4702,3
4703,4,3
4707,2
4709,0,0,1
4710,0
4715,0
4716,4,2,4,3
4718,3
4720,2,3,2,2
4723,1,1,0,0
4724,4,3
4727,2
4731,3,3
10346,4
4738,1
4740,4
4741,4
8614,0
4744,3,2
4747,4
4749,4
4753,3,3,1
4755,2
4756,2,2,4,4
4757,0,1,1
4758,0
4759,0,0
4762,4
4763,3,4
2068,3,4,3,3
4767,4
4769,0,1
4773,0,0,0
4774,2,4
4776,3
4777,2,3,4,4,1,4
10354,2
4783,3
4784,4,4,3,4
4785,1,1
4789,1,1,0
4792,4,3
4793,3,3,3,1,3,3
4794,4
4795,4
4796,2,2,3
4798,1,0
4800,2
800,4,3
4804,2
4805,2
801,4,2,2
4808,3,3
4809,2,4,4
4812,3
4813,2,3
4816,0
803,2,4
4824,2,2
8996,4,4,4
8344,2
4829,3
4830,1
8997,4,4,4,4,2
4833,3,4,4,3,3,3
4834,3
4836,4
4837,3,4,3
4838,0
10364,4,2,4
4842,4
4843,3
4852,4,3,3,1
4854,0,0,0
4855,1,1
4857,3,3
4866,2,4
4868,1
10369,2
4873,4
4875,2
10370,0,0
4883,1
814,0
4886,3,3
4887,3,4
10372,4
4895,1,1,0
4899,4,4
4900,4,4
4901,4
4904,3,4,3
4905,3,4
4906,3,2
436,3,3,1
4909,3
4910,0
4912,0
4915,4
4916,3,4,4,4,4
4918,3
4919,4,4
4922,3
4925,4,3,4,4,4
4928,0,0,0,0,1
4930,3
4931,3,4,3
4933,4,4
4934,0
4935,1
4939,4
4940,1
4942,3,4,3
4943,4,3,3
5893,4
4949,4
4950,3,2,2,2
4951,4
4952,3,3
4954,4,4
4955,0,0,4
9018,0,0
4964,4,4,2,4,3,3,4,3
4967,1
4968,1
4969,4
4970,4,3
4971,0,0,1
4972,4,4,4,3,4
4974,1,3,2,4
4977,2
4982,1,1
4985,4,4
4986,4
9023,4
4989,0,0,1,0
4990,0
4993,2,4
4998,4
8077,3
5001,4
5007,2,2,2
5008,4
5009,0,0
5010,1
5012,4,4,2,2,4,2
5014,4,3,4,4,4,3,3,4,4,3,3
5015,4,4
5016,3
5017,2,2,4
5021,4,3,3
5023,3
5024,2,0,0,0,0
2895,4
5029,3
5030,3,4,4,4
5031,4
5034,2,3,2,1
9031,4
5038,2,2,2
5043,1
5049,3
5050,4,1
2207,2,3
5052,3
5055,4
5057,0
5063,1
5064,0,2
2078,4
5070,3,3
845,1,1,0,0,1
5072,3,3,4,3,3
5073,4,4,4
5074,1
5077,1,1
5078,4
5079,4
5080,0,1
5081,3,4
5082,4,3,4
5083,4,3
5084,4,4
5086,0,2,3
5093,1
5094,3
5097,0,0,0
3443,0
5100,2
5102,1,1,0
5103,1,0
5105,3
5108,3,4,4,2,3
5114,2,3,3
10836,4,4
5116,3
5119,2,2,3,3
5124,4,4
4453,3,4
2220,2,3
5133,1
5134,4
5135,4,3,2
10045,0,0,0
9048,2,2
5140,3,4
5143,2,4
5145,4,3,4,4,3,4
5147,4,4
5151,3
5152,4
5154,3
9051,3
11083,3
5163,1,0,0,0,0
5165,3,4,3
4957,0,0
5172,0,0
862,4,2
5174,2
5178,2
5179,3,4
5180,3
5186,3
5189,1,3,1
865,4,1
5193,2
5194,3,0
5196,0,0
5198,3
5199,2,2
5201,3
5202,0,1
5203,2
5205,0
5207,0,1
5208,4,3,4
5211,4
5212,2
5213,4,2,1,1,0
5218,3
5219,0,0,0,0
5220,0
5223,3
5225,4,4,2
5227,1,0,1,0,0,0,0,1
5228,1,3
5229,1,0,3,0,0
5230,4,4
11055,1,1
872,4
5240,1,2,3,4
5242,2
5243,4
5244,0
5245,3,2,3
5903,4
5250,1
5251,3,2
5254,3,3
5257,4,2,3
5258,4,4,4,4,4,4,4
9069,2
5264,4,4,4
5265,4,3,1
2243,4,3,4,2
5268,1
5269,0
5270,3,3
5272,3
5274,1,0,0
5275,4
5277,1,1,3
5278,2
5280,4
5281,4,4
5283,1
8764,1,0
5285,3,4,4,4
5286,3,3,4,3,4,3
5288,4
5291,1,3
5292,0,1
5296,4
5297,3
5298,0
5299,4
5301,3,3,4
10441,4
5304,4,0
5305,3
5306,0,3
5307,1,0,1,1
5308,4
5312,3
5313,4,2
5314,4,0,4,4
5321,3
5325,4,4,4,4
10445,0,0,0,0,0,0
9080,1,3
5331,1,0,0
5332,3
10446,4,4
5334,1,1,1,0,0
5340,3,3,4,0,1,3
890,4,3,4
5344,2,3
5345,3
5349,4,4,4
5350,0
2257,3
5353,1
5354,4
5355,0,3
451,0,1
5360,2,4,4
5366,0,0
5367,4,4,4,4
5368,3
5371,3,3
5372,1
5373,4
5375,4
5381,2
5382,0,0,0,0,0,0,3
5386,0,0
5390,2,3,3
5392,1,1,1
5394,2,4
5395,3,3
5396,1
5397,3,3
5399,3,3,3
5401,4,4,4,4,4,4,4,4,3,4,4,4
2362,2
5411,1,3
5412,3
5413,0
5414,3,3,3,3
5415,1
5418,4,4,4,4
5419,4
5422,3,2
5423,3,4
5424,0,0
1459,1
5427,4,4
7273,3
5438,4
5442,0,0,0
5443,3,2
5444,3,2
5447,2
5448,3,2
5449,4
5451,4,4,4,4,4
5453,4,3
5454,1
5455,0,1
10467,4
5461,0,1,1
6372,0,0,0,0
5468,2,2
2637,3,3
5471,4,4,3,3
5476,1,3
5477,4
10471,4,4
5485,4,4,1,0,2
5486,4,4,4,4
5488,4
5490,4,4
5493,3
5496,4,4,4
5497,2
5498,3
5500,3
5501,4,4,4
5502,3
5503,2,4,4
1502,0,0
5508,3,4,4,3
5509,1,1
5510,2,4
5514,3
9112,2
5523,4,3
5524,0,1,0,0,0
5526,3
5528,2,4,4,3
5529,3,4,3,3,4
5530,4
6383,2,3
5532,4
5540,1,0
924,3,3,2
5547,2,3,4,3
8984,3,0,0,4
5552,4,2,0,3
5553,4,4
10483,4,4,4
5558,3,4,3,3
5560,1,0
5563,4
5565,3
5566,2
2293,2
5568,3,4
5569,4
5570,3
5576,4
9602,4
5582,4,2,4
5583,0,1,1
5588,0
5593,4,3,4,2
5594,0
5595,2,4,4
459,4
5599,3,4,3
5600,4,2
10491,2,2,3,2
5605,1,1
5608,3,2,4
5609,3,3
5611,2
5617,4,3,3,3,4
9039,3,3,3,1,3
5620,3
10494,3
5622,0
5623,3
5626,3,4,3,3,4,4
2303,2,2,3
1824,0,1,2
5633,3
5634,3
5636,3,3,4
5637,3
5640,4,4
5641,4,4
5644,3,3,4,4
2547,4
5649,1,3
5655,3,3,3
5657,3
5660,1
5661,0,0
5664,3
5668,3,3
5669,4,2,4,4
5673,1,0,0
5675,0,0
5676,4
5677,3,3,3
5680,3
2312,4
10282,0,3
5685,4,4
5687,4,4,4
5695,4,4
10507,3,2
5700,0,0
5701,3,1
5702,4,4,4,4
5704,4,4,3
5706,4
5711,3
952,1
5715,3
5716,2,2
5717,4,4,4,4,4,3
5721,4
5725,4,4
7781,3,3
5728,4
5729,2
9147,4
5732,0
5733,1
5735,4,4,4
5736,4,4,3,3
5744,1,1,0
5745,0,1
5751,1
5752,4
2324,3,3
8375,3
5759,4,3
5760,0,0
5761,4
5762,0
5767,1
5770,0
5771,1,2
5773,0,0
7789,4
5778,2,4
5779,0
5785,1,3,3
965,0,3
5793,3,4,4
2331,0
5798,0,0
5802,3
5803,4,3
5804,3
9313,2
5806,2
5807,2,2
5808,2
968,4
5811,1,2,0
5812,4
5813,0,0,1
5817,3,4
5818,4
5821,4,4,0,4,4
5826,3,4,2,4,2
2337,3
5833,2,2
5836,4
5838,0,0,1,0,0
5840,4,3
5841,4
5844,3,4
5845,1
5846,0
9742,4
5851,3
5852,3
2650,4
5862,2
1130,4
5868,2
9170,1,3
5870,3,3
5872,4,2,2
5873,4
5874,4
5875,3
7806,3
10537,4,2,4,4,3,2,2,2,4,2,2,2
5880,3,4
5883,0
5885,3
5886,0
5888,0,4,1,2
5890,4,4
5891,4
10289,1
5894,4,3
5896,3
5897,2,4
1833,4
10541,0
5904,3,1,2
5907,1
5908,0
5911,0,4,4,4,1,2
5914,4,4,4,4
5916,2
5917,4,4,4,4
5919,3,0
5921,1,1,2,0
987,4
5925,1,0
5930,3
5932,3,3
5933,1,0
9181,4,4,4,4,4
5936,4,3,3,4
5938,3,2,2
10547,2,3
5940,3,2
990,2
5942,0,1
5948,3,4
5949,4,4,4,4,4
5951,3
5952,3,3
5957,2
5958,4,4,3
5959,4,4,4,4,4
5961,3
5962,2,3,3
5967,4,4,3,4,4,3
5969,4,4
5970,4
995,0
5972,3
5976,4,4
5980,2,2
5981,2
5982,4
5983,0
5987,4
5989,3
5990,1,0,0
5991,3
5993,3
5994,1,1
5999,2
6000,2,3
9969,2
6005,3,4,3,4,3
6007,3,4
6018,0,1,1,1
1003,1
6021,0,1
6022,2,4,4,4,3
6023,4
6026,4
6027,1,0,0,0
6029,4
6031,3
2371,3,4
6038,1,0,0
1007,1
6047,0,0,4
6049,4,4,4
6050,3,4
7835,2
6053,3
6055,0,0
6057,3,1
6059,4,4,4
6062,0,0
6065,3,4,4
6068,1,0,1
6070,4
2377,1
6072,0,0,1
6074,4
6076,3,4,4,3
6077,3,3
6080,2,4
6081,3
6082,3
10841,4
6087,2,2
6090,2
6091,0,0,0
6094,0
6095,2
6098,3,1
6099,4
6103,0
6105,2
6110,3
6112,1,1,1
6113,1
6115,0,3
6120,1
6121,4
6123,4,4,4,4
6127,3
6130,3
6132,4
6133,2,2,2
6135,4,4
6138,4,4,3,4,4,4,4
9215,4,4,3
4187,3,4,4
6141,0,0,1
6143,3,3,2
6145,3
6146,4
6148,2,4
6153,2,4
6155,4
6161,2,0,1,0
6162,1
6164,2,2
6165,3
10585,0
9370,3
9220,1
6170,4
7855,2
6173,4
6182,1,1,1
6183,3
6184,3
6185,0,0
6191,1,0,1,1
6192,4
6193,0
6194,3
6196,4
6197,3,3
6200,0
6201,4,4
1121,2
6203,3,3
6204,3
6207,0
6209,2,0
9227,0,1
805,3
6220,1,1
6222,3,4,4,4
6223,3,4
6224,3,3,3
1571,0
6228,4,4
6231,4
6232,1,0,0,0
2404,2
6235,1
6236,4
6237,4,4,3,4,3
6238,3,4,3,4,3
6239,1
6242,1,0
6243,4,2
6244,1
6249,1
6250,1
6251,2,3
6253,3,4
6254,0
6260,0,1,0
6263,0
6264,3
6265,0,1
6270,1
1045,0,3
6272,3,1
6273,3,2
6276,2,4,3
2413,3
6292,4,4,3
10606,3
6294,2,2
6300,3
6303,3,4,2
6306,2,2,4
6308,3
6309,4
6311,4
6312,1
6314,0,1
7879,3,3,2
6316,1
6319,3,4,4
6321,0,1,0
6322,3,4,4
2419,1
6327,3
6329,3,4,3,4,4,4,3,4
6331,4
6334,4
6337,0
6339,4,4
6340,3
6341,1,0,0,0
6346,0,0
6347,4,4
6349,4,3
6353,2,4
6354,3,3
5155,1
8395,4
6360,4
1060,3,4,4,3
6362,2
6365,4
6366,0,0
6367,2
212,4
6377,4
6378,2,3
1063,0,1
6381,2,2
6382,3,3,2
2429,3,3
6387,4,4
6394,3
6398,4
6400,3
6404,4
6407,3,4,4
6413,2,2,2,4,4,4
6414,4
6415,4
6419,2,3
6421,4,2,3,3,3,3,3
6427,2,2,4,4
6429,0
2437,0,1,3,0
6433,2,4,4,4
6434,2,4,4,4,4
6435,4
6438,4
6441,4
6445,1,1,0
6448,0,0,0,0,0,0,0,0,0
10632,4
6451,4
6453,0,0,0,0
6459,1,3
6460,4
6461,2,4,4
6463,4
6465,0,0
6466,3,3
6467,3
6469,1,1,0,0,0,0
2125,1
6479,0,0,0,0,0,1,0,0,0
1080,4
6483,3,4
6486,3,0
6491,3,3
6497,3
6499,0
6502,1,0,1,1,0,1,0
6503,3,3
6508,4,3,3,4,3
9764,3
6512,0,1
6521,1,0,0
6522,4
6523,0,0
6525,4,4,4,4
6527,3,4,2
6528,4
6530,3,4
6532,0,3,1,0,0
6533,4
6534,0
6535,3
6537,4,3
6538,4,4,0
6540,4,3
9765,3
6544,4,3
1091,3,2
6548,4,4,4,2,4
6550,2,4
6552,3,4
6555,4,4,4,4
6557,1,1
6558,1,2
6563,3,3,3,3,3
6565,4,4,4,3,3
6568,4,4,3
6571,3,3,3
6572,4,2,3
6573,3,3,4,4,4
6574,4
6577,2,4
6580,0,1
6581,4,2,2,3
6583,3
6587,0
6589,1,0
6592,1,1,0
6593,1,1
6594,2,2
6596,1,0
6597,3
6599,4,4,4,4,3
6600,0
6602,4
6604,3,2
10658,4
9293,4,1
6609,1,0,1
6613,4,2
6614,1
6615,2,2,2
6622,4
10661,0,0,0,0,2
6624,4,4,4
9296,1
6627,3
6629,0,0,1,2
6630,2,4
7313,4,4
1517,3,3,4
6635,0
6638,3,3
6639,2,4
6641,1,1
2671,4
6644,4,3,3,4,2
6647,1,0
6649,4
6650,0,0
6651,0
6655,0,0,2
6657,4
6659,1,0,3,0
6662,4
6664,3,4
6666,4
6670,0
6671,3
6672,4
6673,4,3
6674,4,4,3,4,4
6675,3,1
6676,3,4
6677,3,2
9224,1,4,4,4
6680,2,3,4
6682,4
6685,3,2,4,4,3,4,4
6686,2
6688,3,3
6690,0,0,0
6691,4,3,4,4
6693,2
6694,2,2,3
3769,0
6699,1
6702,0,0,1
6707,3,1
6708,4,4
6709,1
6711,4
6713,3
6714,4
6717,4,4
6718,4
6719,3
6723,0
6725,3
6727,1,1
6728,4
6729,1
6732,1
9314,3,0,1
6737,4,3
9316,4
6749,2
6750,4,4,4,2
2491,1
6757,0,0,0,0,0,0
6758,2
6763,2
154,0
6768,3
498,1,0
6770,4,3
6773,3,4,2
6775,1,4,4
6776,4
6777,2
6778,0
6780,4
6781,3
6783,0
6784,4,4,2
6785,4,4,4
6787,2
6790,4,4,4
6793,4,3
6794,3,3
3863,4
918,3,4
6803,0,0
6812,4
6814,0,0,0,0
2409,4
1136,1
6819,3,3
6820,3,4,3,4
6821,4
6825,4,4
6826,0,0,0,0
6827,4,4
6828,4,4
1138,1
6833,4,4
6834,4,4,4
6839,3
6840,3
9775,1,4
6842,3
6844,4
6845,3,3
6846,4
9333,3
6849,1
6850,3,4
6851,4,2,4
6852,2,2
6853,1,1
6855,3,4,2,3
6857,4
6858,0
6859,2
6860,4
6862,4,3
2509,4
6866,2
6867,3,3
9337,3,4
6872,0
6875,1
6876,0,1
6877,3
6879,0
2512,1
6884,3
6887,4
6890,3,3,4
6891,1
6893,4,4,3,3
6894,4,4
6896,4
6897,1
6898,4
6900,3,3
6902,3,0,0,1,0,1
6904,3,3,4,3
6906,4,2
6907,3,3,3
6908,4
6910,4,3,3
6915,1,0
6916,4,1,3,4
6917,3,4,4,4,2
9345,1
6920,3
6922,2,2
6923,0
6925,3
6926,3
6931,4,4,4
6932,4,3
6934,4,4
6935,1,3,3
6937,3
6938,1
7983,2
2522,1
6944,2,0
6945,4,4,3,3,4,3
6948,3
504,4,3
6951,0,4,4,4,2
6952,3
6954,3,4
6955,0
6957,0
6959,1,4
6960,1,1,1
6962,3,3,2
6964,4
10718,3
6968,4,4,3
6969,3,4
6975,3
6976,2
6979,1,0,1
6981,4
6990,3
6993,3
6994,2
10723,3,1
6996,4
6997,4,4
6999,3
7001,3
7002,3
233,1,1
7006,0,0
7012,2,4
974,3
7018,3,4,4
7021,2,3
7022,4
10728,2,3
7026,0,0
7027,0,2
7029,0,0,1,0,0
7030,0
10729,4
10327,0
7035,3
10730,0,0,0
7039,3
2539,3,3
7050,3
7053,3,3,2
7055,2
2246,1
1176,1
7059,0
7060,4,4,4,2
7061,4,3
7064,4,0,4,4
7065,0,0,1
7067,0
508,3
7079,3
7080,3,3
7081,1
7086,3,3,4,4,2
7091,4
7093,2,4
7096,4
7102,0,3
7103,2,3
7107,4
7109,3,2
7112,3
7113,1
7115,0
1186,1
7119,3,4
7121,0,0
7124,4
7127,2,3,3,4,2
7128,4,3
7132,1,1,3,2
7135,1
7137,4
7138,3,4,3
2555,4,4
7140,4
1056,4,4
7144,0,0
7145,0,0,0
7146,0,0,3,1
9383,3,2,3,4
7149,0,0,1
7151,4,2
7153,1
7155,4
7160,3,4
7162,4
7164,3
7167,4
7168,1,0,1
9387,1,3
7175,4
7177,4,4,3
7178,3
7179,1
7180,2
7182,4,4,4,4
7184,3
7190,4,4
2564,4,3
7194,4
7195,3,4,3,4
7196,4
2149,4
7200,0
7204,3
2422,1,0
7206,0,1,1,0
7208,4
1331,3,0,3,4
7210,2
7215,4,4,4
7218,4
7219,4,4
7220,4,4,3
7221,1
7222,4,3,3,4,3,3,4
10761,4,4
7224,3,4,4,3,2
1204,4,4,4
7226,1
8031,2
7230,4,4,4
7231,4,4,4
7234,0,1,3
2423,0
7236,2,2
10764,4,2
7244,1,3
7245,4
2573,3,4,3,4,3
7249,4
7251,0
7252,0
7256,1
7259,4,4
7260,2
1210,4
7264,4
7266,0
7269,4,4,4
9404,4,4,4
7274,0,1
7277,2
7278,0,0,0,1
7279,4
7282,1,3,1
7283,0,0
7284,0,3,1
9406,3
7286,4,4,4
7288,2
7293,1
7303,0,1
7306,4
7307,2
7308,3,4,1
10776,2
7318,0
7319,3
7322,4
10778,1
7327,1
7332,4,4
7333,1
7334,0,0,1
7335,0
7337,3
7338,4,3,3
1223,0,0
7343,3,4
7350,4,0,0,3
7354,0
7360,3
8974,0
10785,4,3,3
7368,4,2,4,4,3
7369,4
7373,1,1,1,1,0
7375,4
7377,4
10742,1
7385,2,2,1,3
7386,0
9423,4,4
7389,4
2597,1,1
7392,4
9424,4
7394,3,3,2
7398,2,4,2
7399,3,3
7401,4
5869,4
2599,3
7404,3,3,3,2,3,4
7407,1,0
7409,1
7412,3,4
7414,0,0,0
7417,0,1
5333,3
7431,3,3,4
7432,4
7434,0
9431,2,4
7438,4
7442,1,1,1
7443,4,4,3
7449,4,3,2
7450,4,4,3
7451,3,4
7453,4,4
7456,1,0
7457,1,0,3,3,4
7458,0,4
7459,3,0,0,4,4,4
9436,2,4
7466,0,0
7467,4
7468,1
7470,4
7473,3
7474,3
7475,4
7476,2
7480,4,3
7481,4
7484,2,3,3
10342,4,4,1,4
7486,2
7487,4
7488,4
7489,4,2
52,3
7492,1
7493,3,4
7495,4
7496,3,4
7497,2,2
7502,3
7503,4,4,4
7506,2,3,2
7512,4
7514,1
7518,1,0
7519,4
7522,3
7523,4,4
7524,3
7525,3,3,1
7530,0,1
7531,4
7536,3
7537,2,3
7543,3
7544,0,1,1
7547,4
7548,1
7549,4
7553,4,4
7554,3
7555,2,2,2,2,4
7561,3
7562,4,4,4,4,4
4889,0,0,0,1
7569,3
7570,3,3,3
7573,4,4
7574,1,3,3,3,3
2629,3,3,3
9434,4
7590,4,4,4,4,4,4
7594,4,3,4,1
7599,1
7605,0,0,2
7606,4
7608,4,4,4
7610,3
7612,4,4,4,4
7613,0
7616,2
7618,3,2,1,2,3
7619,0
7621,2
7622,0,0,0
7628,1
7629,2,4
7631,4
7633,4,2
378,1
7639,3,3
7640,2
7641,4
7643,3,4,4
7644,4,4,4,4
7648,3,3
7649,2
7652,3,4,1,3
10075,1
7661,3
7662,2
7665,0,0,0,0,0
7666,2
7667,0
7670,0,0
7673,1,1
7674,4
7675,1
7677,4,2
7678,4
7679,4,4
7682,4,3
2506,4,4
7684,2
7686,0
7692,3
7696,2,4,4
7699,3,1,4
7700,3,3
7702,4,2
7703,0,4,0,1,4
9476,1,1,0,3
4015,3
7709,4,3
7710,1
7712,0
7714,2
10843,0
7719,3,4,0
7722,1,0,0
7723,3,3,4
7728,2,4
7730,4
7734,0,1
7735,4
7737,0
7738,0
7739,3,1
7740,4,4,3
7745,1
7749,4
7750,0
7751,4,4
7752,0,0
7757,1
1293,3
7760,1
7761,3,2
7768,4,3
643,2,2
7772,1
7775,3
7778,2
7779,4,3,4
2662,3
7782,1
7785,3,3,4,3,2,3,4,4,4,4,4,4,4,3,4
7786,1,0,0
7788,2
9490,3,3
7792,4
7794,0,0,1
7795,3,4
7797,2,2,2
7800,4
7801,1,0,3,4
7805,4,4,3,4,3
111,4
7807,4,4,3,4
7808,3,4
7811,4,4
7812,3,2
7819,0,0,0,0,0
7820,3
10861,2
7824,2,2,3
7826,4,3
8444,4,4
7830,4
7834,4,3
10863,3
7836,4
7837,3,3
9763,4
7842,2
5403,0
7844,4,4,4
7846,1
7847,1,1,1
925,3
7853,4
9501,0,0,1
7856,4
7859,3
9502,0,0
7862,2,3
2676,4
7866,4,4,2
7867,2
10869,4
7872,3
7873,2
7874,2
7876,2,4
7877,3
9264,4,3
7880,4,2,4
7882,1,0
7883,0,2,2,2
7886,0,0
7887,4,4
7890,3
7891,4,4,4,2,4
7895,3,2,2,3,3,2
2445,3
9508,4,2,3
7898,3
10083,4
7900,1,3
5173,4
7902,4,4,4
7903,4
7905,1
2683,3
7909,4,4,4,4,4
7910,3
7912,2
7913,4
7921,4,3
7923,2
9513,3,3
7930,4
7933,1,0,0
7934,3
7935,0,0,0,0,1
7938,4
1323,0,0,0,1
7940,4
7941,3
7945,4
7951,0,1,1
7953,4
7954,1,2
7956,4,4
7958,1
7960,4
8994,4
7964,3
7967,4,2,2,3,3,4
1328,3,4,3
7972,3,3
7973,4
7979,1,0,1
7980,4
1526,4,4
7984,0,0
7985,1,0
7987,2
7988,2,2,2,4
7992,0,3,1
7994,4
7995,3,4,3,4,4
8000,2
2651,4,4
8005,4
8007,3
8008,0,0,0
8011,2
8013,4
2701,2
8022,0,0,1,0,0
8023,0,0
6541,1,1
8027,4
8028,0,1
8030,3,2
4069,2
8040,1
8041,3,3,3,4
8044,2
2706,4
8048,4
8054,4,4,4
8055,1,1,1,0,1,0
8056,3
8057,4,4,4,4
8058,3,3
8062,1,1
8063,0
8064,4,4,3,3
8065,2
9543,1
8067,1,0
8068,3,2,2,4
8070,3
8071,0,0
8073,0
8075,4,3,4
9538,0,0
8079,0
8080,4,1,3
9539,1,0
8084,3,2,3,4,3
8086,3
7907,3,3,3
8090,3
8093,4
8094,3,4,4,4,3
8095,3
8096,3,3
8106,1,1
8107,3
8109,1
2717,2,4
8112,3
8113,2,4,4
3611,4
8118,3
2998,3
8120,4,3
8124,2,4,2
8127,4,4
8132,0
8137,3,4
8139,4
8141,3
8143,4,4,4
2723,3,3,3
8153,3,2
8155,1
8161,4
8165,2
8168,4,3
8170,3
2727,2,3
8172,3
8175,4,3,3
8187,4
2182,2,2
8191,2,3
