1,4,4
8194,4
4,3
5,2
6,3
7,1
8201,0
8202,2,2,2
8203,2
8204,0
2,3,3
8206,4
8208,0
17,4
19,4
26,0
8222,4,3
8227,1
8229,4,2
8230,3
8232,4
8235,2
44,4
2738,4,4
8240,4
52,2
8247,0
56,4,2,4
61,3,3,3,3
8254,4,3
65,1,1
66,3,2,2,3
69,2
8262,3,4
8263,3
72,2,2
75,3,2,2
8268,3,3,3
8269,4,3
78,2
8271,4,4
81,4,3
82,2,2
84,2,2,2
92,0
8285,4
94,3
95,3,1
8290,0,0,0
99,2
100,0
101,4
102,3,3
103,2,3,3,3,4,3,4,2
106,2
107,0
108,3,3,2,2
8302,3,0
112,4
8305,4
116,4,4
117,1
8310,4
8312,4,4,2
130,4,4
8325,0,0
8328,4,4,4,4
138,4
8332,3
8333,4,3,4
142,3
8335,0
8339,0
149,4,4
150,2,2
8347,4,4,3
8352,3
8353,3,3
162,0,0,0,0
10950,1,0
8358,3
8359,4,4,3
169,4,4
173,2
8366,3
8370,2
8371,4
181,0,0,1,1
8374,3,2
8378,4,4
188,3,2
189,1,0
8382,2,4
191,2
8385,2,2
195,2,3
8388,1
200,4,4,4
8393,3
203,1
205,3
8400,1
8401,0
210,3
8404,3
8405,0
8406,0
8409,3
8411,3,4
222,4
37,1
224,4,2
225,0,0,0,0
229,0,0
230,1,3,1,1
231,3
232,2
8425,4
8426,2,2,2,2
237,3
8433,3
244,2,4,4
249,3
8445,2,2
8446,0,1,0
8450,4
8451,4,3,4
260,4
262,0,1
264,1,3
265,1
8459,2,2,3,2,2,3
8460,1,1
269,4
270,0
272,3
8467,2,3,3
276,0,1
8472,3,3,2
282,4,3
283,1
8476,2,4
289,4
8483,2,3
8485,3
295,4,4
8488,0
8489,3,3,4
298,4,3,3
300,1
2781,3
304,0
8498,4,4
9493,2
8505,2
315,2,2,2,2
319,3
320,2
321,1
8515,1,1,1,1
8516,4
8517,0
328,2
330,4
55,1
8526,4
8529,4,2
8530,2,2
342,3
343,2
8536,4,3
345,0
8540,1
350,1,0
351,0
8547,3
8551,1,4,3,2
8555,4,3,3
8557,1
367,1
368,3,4,3
10984,4
8563,3,3
8564,2
62,4
8569,0
8571,4
8574,0
8578,4,2
391,4,3,3
8584,4
394,4
8587,3
398,4,4
8594,3
8595,3
8596,3
405,3
8600,3,2
410,0
8603,4
412,4
8605,0
414,2
415,2,4
416,2,2,1,1
8612,0
8613,4
422,4
423,4,2
8616,3,3,4,4
425,2,2,2,4
8618,2,4,4
899,3,4,4
436,4
437,0
439,4
443,4,2
444,4,4,4
445,3
446,1,3,1,4
8640,3,2,2,2,4
449,2,3
451,1
452,2,4
8645,4,2
8646,2
455,0
8648,3
459,2,4,2
460,3,2,2
461,4
464,2
8658,3
467,1,1,3
469,3,3
8664,4
473,2,2,3,3
477,2,2,3,2,2
478,2,2,2,4,4,4
8671,4
480,0
8675,4
485,4,4
489,2,2
8684,4
493,1
495,2
8688,0,0,1
8689,3,3,3,4
8690,4
500,4
502,4
506,0,1
8699,3,2
508,4
8701,0
513,3,3,3
515,3,3,3,3
8708,2
518,3
522,4,0,0,1
8721,4,1,0,0,3,4
531,1,0,0
533,3
536,0
539,3
8734,0
544,2
547,0,0
550,4
8746,1,0,0
556,2
8750,2
93,2,3
8752,3
562,4
563,3
564,1
8757,3
566,3
569,3
8762,3,4,4,3,4,3
571,4,4,4
8764,1,0
573,1,1,3,1,0
8766,0,0,0,0,1,1,0
8769,4
579,4
580,2,4,3,3,2
8773,0,1
584,3,3,4
11020,4,4,2
8780,2
595,2,0,4
596,1
599,3
601,4
602,3
8795,4,2
604,2
605,3,0,0
606,0,0,0
610,4,4
1467,4,2,4
8804,4
613,2
618,3
620,4
621,2,3
8814,2,4
624,0,1,0,0
8817,3,4
630,2
9841,3,3
633,3
8828,0,0
637,3
639,0,0
8832,3,2
8833,3,4
8834,4,2
645,0
8838,3,0,3,2,2,2
8841,3
8842,3
11031,2
8845,3
654,1
655,3
656,3
658,3
8851,2
661,2
662,0
663,1
664,3,4
8861,3
8862,4
1477,3
8867,0,1
676,2
8872,4,2
681,4
8876,0
686,2,3
8879,2
692,2,2,1,3,2,4,4,4
8885,2
696,1,1
698,4
700,3
701,4,4
8309,4,4
8897,4,4,4,4,3
707,4,4
709,3
710,4,4
8903,2
8904,4
8912,2
8915,3
8918,1,3
8919,4,4
728,4,4,4,4,4,4
729,4,4,3
731,3
734,3,3,2,4
8927,2
8928,3
8929,2,4,4
738,3,4
8931,3
8934,1
8936,4,2
8938,4,2,4,4
8941,0
8942,1,4
751,0,1
755,3
763,4
8956,1,1,1,1,1
765,4,2,2
767,3,1,3
775,0,0,0
778,0
8322,4
782,1,1,1,1,1,1,1,1,1
785,1,1,0,0,0
8978,4,4
8979,1
8980,3
8981,4,4,2
791,4,4,4
6959,3
8988,2
133,3,2
8996,4
8997,4
806,1
9000,3
9002,3
9003,4,2
816,3,3
2867,0
820,4,4,3
822,2
9018,1
828,1,0,0,1
8330,4
833,3
9027,4,4
9030,3
839,4
9032,2
9034,4,4
9036,4
1506,3
846,4,2,3
9039,4
9040,4
851,3
9046,3
9047,0,0
9048,4
9049,1,3,3,2
860,3,2,4
862,2,4,2,4
9701,0
864,3,4
9057,2,2,4
870,3,2,2,2
9065,2
9066,4
878,1,1,3
9071,4
882,0,0,0
883,1
9077,4
1513,2,4
9082,4
11071,3
896,1
9089,3,2,3
898,4,4
9091,0
9094,1
9095,3
9097,2,4,4,4
906,1
907,0
9100,4,2
9101,4,4
9103,4,4
912,3
9105,3
916,3,0,0,0,1
917,4
918,2,3
9112,4,2
9113,4,4,4,3
9114,4
9115,1,1,0,0
9116,0,0
9119,2
928,4
9712,4
9125,2,4
937,2,2,2,4
938,3,4
9131,4
9132,4
941,3,2,4
9137,2
946,2
947,2
951,3
9146,4,4
9150,0
9152,3
9153,0
962,0
963,3,3
965,0
9160,0,0
9163,2,4
9164,4,4
974,3,3
9167,4
978,4
9171,2,2
2894,4,4,4
982,4
983,0
986,0
9179,4
990,1
9183,4
9184,4,4
2896,3
994,0
9187,2
9188,2
9190,4,3,3,2,0,2,3,2,3,3,3,2
999,3
9192,2,3
1532,3,2
1006,4
9201,2,0
9203,3,4
9208,4
9209,0,1
9211,3,2,2,2
9216,0,1
1027,4,4,2,4,3
9224,3,3
9225,3
9226,3
9230,1,1
9232,3
9234,0
1044,0,1
9237,3,3,3
9238,4,4,4,4
1051,4,4
9245,4
1055,3
9248,2
9251,4,4,3
1065,1
1067,0,0,1,1,0
9262,1,4
1072,4
1544,3
9267,0
1076,4
1077,4
9270,2
5641,4
1080,4,4,2,4,2,3,2,4,1,3
1082,3
9277,0
9279,2
1094,4,2
1095,0
9290,4,3
9292,4
1101,2
9296,1
1105,2
1106,4
1107,2,4,4
9301,3
1112,3
9305,4
9306,3,2,0
1115,0
1116,2
9309,0,0,0
1119,2,4,4,4,4,4,4
1121,2,2
1122,0,0,0,1
9316,4,4,4,4
1126,4,4
1553,4,3
9320,3,4
1129,4
9322,4,3,4
1132,3
9325,4,2
1134,4
9327,4,4,3
1136,4,4
9329,4
190,1
9336,4
1146,3
1151,0,1,0,0,0
9345,1
9351,1
9352,0
1162,4,4
9356,3,4,2,3,3
9357,2,3
1167,2,4,4,4,3
1168,4
1169,3,2
1171,4,4
1172,0
9365,4
9366,3,0
1176,4,3
1180,0
1182,4,4
9375,3
1184,3
2928,3,4
9379,2
1188,3
9383,2,0
1192,4
9387,1
1196,0
1197,4
9390,3,3
9392,2
9395,3,1,4
9396,4,4,3,3
1205,4
1207,2
1208,3,4,3,4,2
1211,4,3
9404,4
9406,4
11125,0,1
9409,2,2
1218,3
1219,2,4
1225,2
9419,4,4
1228,4
1230,3
9423,4,4,2,4,4
9426,4,3
1237,2,4
9436,3,3,4
9439,3
1248,3,4
9441,2
9442,4
11131,1
1253,4
9446,4
209,1
9450,4
9451,4,3
9452,4,4
1261,4,4,4,3
1264,2,2,2
9458,2,3
9459,4
1269,3
9462,4,3,2,4
9464,4
1274,0
1275,2,2,2
9471,4,3,4
9472,2,2,2
9474,4
1286,2,3
1288,2
9772,3,3,3
1290,0,1,1
1581,0,0,0
9491,3
1301,2
9506,4
9591,4
10955,4
9513,4
1328,4
2952,0
9523,4
1334,2,2,2,2
7049,4
9531,2,4
1340,3
1341,1,4
9536,3,4
1346,3
1351,4
1354,2
1358,1
9552,3
9554,0
9555,4
9556,1
1367,4,2,3
1368,3,3,4
6865,4,4
1372,4
9565,4
1376,0
9569,4,4
1379,1
9573,3
9578,4
9789,3
1393,4
1396,2
1398,1
1399,0,1
9592,4,2,4
1406,1,0
9599,2
9601,0
1410,4
9603,2,1
9604,1
1413,3
9608,3
9609,2
9611,4,4
9613,3
9615,1,3
1426,3
9619,0
9621,4,2
1430,0,1,0
9625,4,3,3
9626,3
1436,1
9629,4
1438,3,2,3,1,0
1440,4,4
1441,0
9635,1
1444,2
9798,3
1452,3,4,4,3,4
10414,3
9648,3
9649,3
1460,4,4
1461,4
9657,4
9659,1
1468,3,4
1610,3,2,4
1470,4,4
1472,3,2
9665,4
9667,0
9669,3,3,2
1480,4
1484,0
1487,4,4,4,4,4,4,4,4,4,2,4,4,4
1492,2,2,1,3,3,3,3
9806,1
1494,3
1495,3,3
9689,3,4,3
9807,3,2
1500,0,0
1501,4
9698,3
1508,1,1
1509,4
1511,4
9705,4
1514,3
9708,4
9709,4
1519,3
1520,3
9713,4,4,4
1522,1,0,1
9718,3,4
9719,4,3
1529,4,4,3,4,1
9723,3
9724,3,2
1533,4,4
9726,2
1539,1
9733,3
9734,3
9736,2
9815,2
9741,1,1
9742,2,2
9745,4,4
1556,1
9749,2,4
9750,4
9752,2,2
9757,1,1,4,4
9760,3,3
1569,2
1570,3
1571,1
1573,3,2
9769,2
1578,3
1579,0
1580,4
9773,3,4
9775,3
9777,3,3,3
9778,3
11187,4,4
1591,2,4
1593,3,4,3,4
9787,4
1597,3,2,2
9792,4
9795,4,4,4,4
1604,4
1606,2,0
9801,4
9802,2
1611,0,0
1614,3,4,3
1615,4
1616,4
1617,3,3
1621,3
9814,4,4,4
1623,0
1624,3,4,4,4
1629,4,4,4
1631,3
9824,4
1633,3,3,4,1,3,3,3
9828,1
1639,4
1640,4,4
1642,2,3
9831,2
1646,0,0,0,0,3,0
1647,3
9832,0
1650,0,0
9847,4,3
9848,3,3
9849,2
9857,2,3
1643,3
9861,4,2,3
1671,3
9866,4,4,4
1975,2
9869,0,2,2,2,2
9871,2
1680,2,2,4,4,4
1681,3,2
1684,1
1685,2,4,3
1686,0,0
9881,4
9839,0,1,3,1,1,0
1693,3,3,2,3
1695,4
9889,0
9892,4
1649,4,4
9896,4
1706,3
1707,3,2
9842,2,2
9905,3
1718,0
9911,3,3
9913,3
9914,3,4
1723,3
1724,1,3,3,4
1725,3,4,4
1728,1,1,1,3
1730,3
9924,4
9926,3,3,4,4
9927,3
9928,3
1738,1
1740,2
1742,4,4
1743,0,0
9936,3
9940,3,3
1749,2
9943,1
9944,4,3
1753,1
9948,3
1757,4,3
1759,4
1760,1
9955,4,4,4,4
1764,3,4,4
1766,0,0,1,1
1768,4,3,4,3,2
9961,4,2,4,3,3
1774,0
1775,3
1776,3
9973,4,3
1785,0
1791,2,4
1792,4
1794,2
9988,0,1
9989,1
9998,2,2,2
10000,1
1811,0,0,1
10008,2,1,1,1,0
1820,2
10013,4
10014,0
8496,3
1826,1,1
1833,3
1834,0,0
1839,3
10033,0
1843,0,0
10037,3
10039,2,4
1848,2,3
1852,2
10045,0,0,0,0,0
1854,4
1857,3
10050,0
10051,2
1861,2
1865,2,3
1867,3
10061,2,2,2
1870,2
10063,3
1882,2
10076,4,3
10077,3
10079,4
10080,0,4
1892,2,4,2
10088,4
1897,0,0
10092,3
10093,1
10094,0
10095,3
1904,4,4,2
1908,1
9338,4,4
1910,1
10104,0
10107,3
1916,2
1919,4,3
10112,0
1922,4
1923,3
10116,3
10117,1,0
10118,4
10119,0,1
10120,4,3,4,4
1930,4
10127,2,4
1936,2
10130,4
323,2
1945,3
10138,4,3,3,3,3
1948,0,1
1950,4,4,3
1951,4
10150,3
1960,2
1961,1
10154,2
1965,0
10159,1
10162,1
1971,3,4,4,3
10164,2,2
1973,0
10167,3,4
10169,0
1978,1
1980,1
1981,2,2,2,4
10174,0
1983,1
10176,0
10179,1
1988,3
10181,4,4,3
1990,1
1992,4
10186,1
10187,4,2
10192,0,4,2
10193,3
2005,0
10198,3
10205,3
2014,4
2015,4
10214,4
10216,0,1
10217,4,3
2029,0,0
2030,4,4,2,4,3,4
10223,4
10224,2,4,0,0,4
10225,1
10226,4
2035,4
2038,1
10232,3
2041,3
10234,2,3,2,2,2,2,4,3,1
2043,1,3,1
2044,4
2046,3
2047,1
2048,1
10244,4,4,4,4
2057,2
10254,2,1
10258,0,1,0
2067,3
2068,4,4
2069,3
2071,2
2072,0
10265,4,2,4
10266,3
10267,4
2079,3
10272,0,0,1,0,0
10274,4
2084,2,2
2086,1
10279,4,2
10282,0
10283,3,1
10285,4
10286,1
2095,4,2
2097,3
2101,4
2102,1,3,1,1,1
4051,3
10300,1,4,1
10301,2
10302,1
2112,4
2114,3
2116,4
10309,4
10313,2
2122,2
1719,2,3,4,4,3,0,1
10317,4,3,4
10318,4
2469,3,3,4
10323,4
10324,1
10327,0
10328,0,1
10329,3
2138,3,4,4,2
2141,3
10335,4
2144,4,3
2146,2,3,4
10340,0
10341,3
2150,2,0
2153,3,3,2
10351,3,3
10352,2,3,2
2162,3,4,3
2163,3
2167,1,0
2169,4,4,4
10362,0,1,4
2171,4
2173,3,1,4
2174,4
2175,3,3
10368,4
10369,0,0
2180,2
10375,4,3
10377,4
2187,3
2188,2,2,3
2189,3
10382,0
10384,4
10386,3
10387,4,4
2196,2,3
10392,2,2
1732,0,4
2202,3
10395,3,2
2204,3
2206,3,3
10399,4,4
2211,4
2212,2
2214,2,2,3
2220,3
10413,2,3,3
2222,3
2226,3
371,4,2,4
10421,1
10422,4
2231,3,3,3
2232,3
10425,4
10427,4
2236,4,4
2237,3,3
10432,4
2242,3
10437,0,0,1
2247,0,0
9932,0
2250,0
2252,3
10445,0
10446,4,3,4
10447,4,4
10448,4
10450,4
2259,4
9934,3
2266,3
9935,4,4,4
2270,1,2
10463,3
2272,0
1744,4,4
10474,3,3
2284,3,3,4
10480,3,0
2289,3
2290,4,4,4,4,4
2291,0,1
10486,2,2
10488,4,4
1748,1
2298,3,4,4
10491,2
2308,4,3
10508,4,4,4
386,3
2320,3,4
2321,2,2,4
10514,3,3
10518,3
2331,2
10524,2
2334,2,4,2
10529,2,2,4
2340,4
10537,1,2,2,2,2,2,4,4
10540,4
10541,0
10542,3
2353,3
2356,0,0
2358,2
10551,3,3
2361,2
2362,3
2364,4
10557,1,1,3
2366,3
2368,4,3
2369,4,4,4
2370,0
10564,2,2,2
2376,1
10571,4
10575,4
10576,3,4,0
2385,3
10578,4,1,4,4,4,4,2
2387,4
2388,4
8590,3
2390,4,4,4
10586,1
10587,3,4
10589,0
10591,3
10592,4,4,4
10593,1
2402,3
2403,4
10596,3
2405,0
10599,3,3,3
2408,4,0,0,1,3
10602,4
10604,2,3,3
10608,3,3
10610,3,2
2423,4,1,2,4
2424,1,0,0,0
404,4
10620,4
2429,2
10622,4
10628,4
8810,4,4,4,4
10631,4
2440,0,0,0
2443,1,3
2446,0,0,0
2449,2,3
9966,2
10646,3
10649,2,4
10650,2
2463,3
2466,4,2
411,4,4
2468,3
10661,3
2470,4,3,4,4,4
10666,4,0
10668,2
10673,2
10676,1,1
2485,3
10678,4,4
10679,2,4
10680,3,4,4
2490,2
10683,4
2494,4
2496,2,4,4,3
2499,2,3,4
10696,4
2506,4,3
2507,4
2509,4
2510,1,0
10703,3
2514,1
10709,4,2,4,4
2518,3
9977,4,4,4
2521,4
2522,1
2523,4,3,4,4
10717,3
10718,3,3
10719,1
2529,2
2530,2
8614,2
10727,3
2536,3
10730,1
10732,3
2541,1
10734,1
10735,3
2545,3,1
2550,3,1,3,0,1,0,1
8617,0,0,0,1
2552,2,3
10746,2,3,2
2555,2,3,4
10748,3,4
2558,4,3,4,2,4,3
10751,0,0
2561,0,0,0
2563,4
2564,3
2567,4,4,4
2570,0
10763,4,4,2,2,4
10764,4,4,1,3,2,3
9986,1,4,3,3,3
10768,0
2577,4
2578,4,4
10771,4,4
10772,3
2581,3,4
3161,1
2584,3,2
10777,2,3,3
2586,2
10779,4
10783,1,0
2593,4,4
2598,2,2,2,4,2,2,2,2,4
2599,3,4
2601,0
10795,0
10796,1
2605,1,0,0,1
2606,3,4,3
2608,2
10803,3
2615,0
10809,0
10812,3
10813,3,1,1,0
10816,4,2,2
2625,4
10819,1,3
10820,1,2,1,1,0,1
2629,2
10822,4,4,2,4
2631,2,2
10825,2,2,3,3,3,3
2635,3
2636,3
10832,4
10833,4,2,3
10836,3
10837,4
10838,2,4,3
2647,2,3
2649,1,1,0
2653,4,4,4
2654,3,3
2656,0
2658,1
10851,1
10852,1
10853,3,3
2662,4,2,3
2664,4
2667,2,2,4
10860,0
2670,1
10863,1
10865,2,2
2675,3
10869,4,3
2680,1
2681,1,2
2683,2
2684,3
2685,3
2686,0,1,1,1,1
10880,4
10881,3
2690,2,3,2,4,2,2,3
2693,2
2694,4
2695,1,1
2697,2
2702,4,2,2
10896,4
10897,3
2706,4
2707,0,0
2711,3
2712,3,3
10905,3,3
10906,2
10907,3
2716,0
10909,2
2719,3
10914,4
10916,4
10925,4
10927,3
2737,4
10930,1
10931,0,4
1822,2
10934,3
10935,3
2746,0,0
10939,2,2,2
10941,4
10943,4
10945,1
2754,4,3
10948,4,3
2758,3,4,4,4,2,2,2
1825,4
2760,1
10953,1
2762,3,4
2763,2,3
2764,0,3
10959,2
10960,2,3
10962,4,4,4,4
2772,1
2773,1,1
10969,3
10973,4,3
2783,4,4,4
2785,2,2
10979,1
2792,3
2794,4
10991,0,0
10992,4
2801,3
10994,3,4,4
2804,3
11000,2
2812,3
11005,3
2816,4
11009,2
2818,2
2819,4
2821,3,4
11014,1,0
2824,4
2826,2
2828,4
11021,3,1
11024,4
11025,3
11026,1
11028,3,3
2837,3,3
11030,2,2,4
2839,3,4,3
11032,2,3,3
11034,3
11035,4
2844,4,4
2850,2,0,1
11043,0
11044,2
11045,3
2854,4,3,3
11053,4,3
2865,1
2866,4,2
10035,4
2870,4,4
2875,3
2876,3,4
2877,3
2878,0,0
2879,3
2880,4
11073,4,4
9916,3,1,1
11076,4
11081,1
11082,4
2891,0
11084,1
11085,4
11086,3,3,4
2895,2
11088,4
2898,0
2899,2,2
11093,1,1
2902,3
11095,4
11096,0,3
2907,4,4,4
11100,3
11104,2,3,3
11105,4,4
10003,0,0,1
11107,1,1
11116,2
11120,0
2933,0
2935,0,0,0
2939,3
2941,4
2943,3,2,4
2945,4
11138,4,4,4,3,3
2950,2
11144,0
11145,3
2956,1
1858,2,2
11150,2,3,4
2959,4,4
11152,3
2962,4,4
11155,4,4,4
11156,1
11158,1
2967,3
11160,3
11161,3,3,3
2971,2,2
2973,2,2,2,2,4,0
2974,0,1
11168,4,4,4
11171,4,4,4,4
2982,4,4,3
11176,2,4
11177,3
2986,3,3,3
2988,4
11181,4,4
11182,3
2991,1,3
2993,3
2995,4,2,2
2997,3
3000,4
8692,0,0,1
3003,2,2,2,4
9920,1,0
3009,1,4
8694,4,2,4,4
3014,2,4,4
3016,2
3019,0
3023,4
3025,0,0
3026,1,0,0,3,0
3030,3,3,3,3
3031,2,2,2,2
8698,3,4
3038,4,3,2
3041,0,0,0
3047,2,2
3050,4
3057,0,0
3058,3,2,4,2,2
3065,4,4
3066,3
3067,4,3
3074,3
3076,3
3079,4
3080,2
3081,3
3084,0
3088,0,1,0,0,0
3095,4,2,2,4,2,2,3,3,2,1
3097,3
3098,2,4
3099,3
3100,1,3,0,0,1,1
3102,3
3103,2,2
3108,4
3109,3
3110,4
3112,4,4,3
3113,4
3114,4
3121,3
3124,3,2
3126,4
3127,0,0
3131,0
3136,2,2
3141,0,4,0
650,4
3145,4
3149,4
3151,4,3
3155,3
3157,2
3158,3
3159,0
10084,0
3166,2
3169,2
3170,4
3173,3
3181,1
3182,3
3185,0
3187,4,4
3188,4
3189,2,4,4
3190,0
3192,2,4
3193,1
2834,4
3197,3,4
3203,3,2
3210,3
3224,4
1903,1
10878,4
3229,3
3230,2,2
3231,4,3
3232,1,0,0,0,1
3234,4
3235,2
3245,4,3,4
3247,2,2
3248,3
3249,2,4,2,2
3251,4,4
3254,1
3257,3
1909,3
3267,1,1
3268,4,3,2
10102,4,4,4
3271,4,4
3276,3,4
3279,4
3281,2
3282,0
8739,4
3285,2,2,0,4
3288,1,0,0,1
3291,2,2,4
3292,1,1,0,0,0,1
3301,2,3,4,2
3302,2
9930,1,1
3305,3,3,2
3308,3
3309,3
7379,3
3317,4,2,3
3319,1
3322,3
3323,4
554,4
3331,3
3337,4,3,1
3341,0
3347,0
3348,0,0,0
2743,4
3350,2,2,4
3351,4,3
1924,4
3359,3
3361,3,3,3
3362,2,3
3367,4
3371,2,3,3
3372,4
3375,2,2,2
8755,4
3380,3
3383,3,3,2
3399,2,2
3400,4,4
3401,4
3403,4
3404,4,4,4,4
3406,3
3417,4,2,2,1,0,0
3419,2,2,3,3
3421,3,3,4,4
3427,0,0
3429,0
3433,4,4,4,4
8765,1
3441,3,3,3
3442,2
3444,4
3447,0
3453,2,3,3
3461,3,3
3462,2
4673,4
3466,4
3470,4,4,4,3,4,4
3471,0,1,1
3472,4
3476,4,4
3477,4,4
3480,4
8772,3
3483,3
3487,4
3488,4
3502,0,0
3503,0
3505,0,1
3507,3,3,3
10142,3
3512,4
3513,2
3514,4
3516,4
3524,4,3
3532,4
3537,0
3543,4,4,4
3545,3,4
3546,0,1,0
3547,3
3548,4
3552,4
3554,3,3
3560,3
3561,4
3562,4
3564,4,3,4
8787,1
3572,4
3573,4,4,4,4
3574,4
3575,2,3
3579,3,4,4
3584,3,3,1
3585,0
3588,2
3594,3
10444,0
3601,2
3603,4,4
3607,4
3610,4
3611,0
3614,3,3
3616,4
3621,4,4
3629,2,4,2,3
3635,3,4,3,3,3
3642,3
3646,2,2,2,2
3653,1,3
3654,1
3657,4,4,4,4
3658,3
3659,3
3660,3
3662,4
3665,2
3666,3
3667,3
3676,0
3690,2,2,2
3691,4
3692,4
3693,4
3694,3
3695,1
3696,4
3700,3
3705,4
3709,3,2,3
7445,3,4,4
3715,3
3717,4
3719,3
3727,0,1
3730,1
3736,0,0
3738,3,2
3739,2
8481,4
3747,4
3749,3
3754,2
3756,4
3757,1,2
3758,4,4,4,4,4,4
3766,0
3770,3
3779,1,0,1
8822,4,4,4
3783,4,3
3785,1
3786,2,1
3787,3,2,3
3788,0,3
3797,4
3805,4,4
3810,1
3812,2,2,4,3
3819,2,2
3824,2,3,3
3830,2,3
3831,3
3833,3
3834,0,0,0
3848,3
9585,4
3855,4,3
3865,2
3867,4
3871,4
3879,0,0,0,1,0
3881,4,2,3,2
3886,0
3887,2
3889,4,4
3895,3
3900,2,2,2
3901,1
3904,3
3910,2
3914,3,3
3915,3,3,3,1,3,1,3
3918,2
3919,4
3920,2
3921,2,4
3929,4,3
8848,3
3945,3
3949,4,3,3,4
3951,4,3,4
3952,2,2,2
3953,4
9679,3
998,4
3962,4
3965,1
3975,2
3976,3,3
3977,4
3980,3
3982,3
3984,1,2
3985,4,4,2,4
3989,4
2031,3
572,3
3997,3
3999,0,0,0,3
4000,3,3,3
4005,3
4006,3
4008,0
4012,3
4014,4,4
4022,3
4023,0,0
4024,4
4025,3
4029,4,2
4030,2,4
4034,3
4036,3
4038,0
4040,3,2
4044,4
4046,4
4048,3
675,3
4053,2,2
4058,0,0
4059,2,2
4082,3
4089,0,1
4090,0,0
4093,2,4
4094,0
4097,1,1
4100,4
4101,4,4,4,4
4103,1
4105,1,0,0
4107,0,0,0,0
4108,3,1
4110,2
4112,2
4115,4
4119,4,3,3
7775,2,2,2,3,2,2,2,2
4123,1,0,0,1,0,0,0,0,0,1
4125,4,2,2,4,2,3,2
4132,4,2,2,2,4
4134,3
4135,3
4137,4,4,4
4139,3,4
4140,3
4143,0
4151,2
4153,4
4155,2
4161,4
4165,0,1
4167,4
4168,4,2
4169,3
4171,3,4
4172,1
4173,3,4,4
4175,0
4176,4
4177,2
4179,3,4,4
4181,1
4190,4
4194,4
4200,1
4201,2
4204,4,4,4
4206,3
8893,2
4209,3
4211,4,4
4212,3
4213,2
4217,3,4
4223,4,4
4227,0
4230,2,2,2,3,2,2,3,2,2
4231,2
4240,1,0
4241,0,0
4243,3
4245,3
4246,4
4248,2,2,1,0
4250,3
4251,4
4256,4
4263,4
4266,1,4
4275,4
4277,4
4279,4,2,4
10271,2
4289,4
4290,4
4293,3,3
4299,4,4,4
4308,3,4,3
4309,3
4311,3
4314,3
4315,2,2,3
4316,3
4320,2,2,2,2
10278,3
4328,4,2
4330,2
4335,1
4337,4,3,3,3,4,3,3,3
4338,3
723,4,4
4349,0,0
4357,3
4358,1
4365,4,4
8920,1,1
4370,3
4378,3,3
4379,4,2,3,2
4382,4
4385,3,4,4,4,4
8923,1
4388,0
4394,0
4399,1,3
8926,1
4408,2,4
4414,0,1,1,0
4416,0
4417,1,1
4430,4,4,4
4435,2
4438,2
2799,4
4440,4
4444,2
4450,2
9193,3,3
4458,3,3
4460,4
4464,1,1,1
4465,4
4466,0,1,0,0
4469,0
4472,4
4478,3
4479,3
4493,0,2,2,0,0,2
4500,1,3,3,4,3,3
4503,2,2
4506,1
4508,4
4509,4
4515,2
4519,2,4
4521,0
4522,3
4534,4
4535,4,4
4538,4
4542,3
4543,0,1
4545,4,4,3
4546,2,4
4552,4,4
4553,0,0,0,0,0
4562,4
7587,4
4567,2,3,2
4570,2,4
4574,4
4583,4
4590,2,2
4591,3
4592,4,4,4
4595,4
4596,3
4598,4,4,4
4600,4
4601,4,4
4602,4
4603,2,4,2,2
4604,3
4614,0
4617,1,2,4
4618,2,1
4619,3
4620,3
4625,3,4
4627,3
4628,2,2,2,2
4632,0
4634,4
4641,4,3,4,3
4648,4,3
4654,4,3,3,3,4
4656,0,0,0,0,0,0
4662,3,3,3,3
2143,4
4669,1
4670,0
10336,4,4
4674,1,1
4680,2,2
10338,3
4691,3
4696,1,4
2148,3
4700,1,0,0,0
4707,2
4710,3,3
8977,0,1
4715,2
4716,3,4
4717,0
4718,3
4722,3,3
10345,3,3,3
4728,1
4731,3
4733,2,3
4737,1,2
11069,3
4742,1,0
4743,2,3,3,3
4753,3
4754,3
4755,3
4756,4
4758,3
4761,2
4762,4,4,4
4763,4,3
2160,4
4772,4,4,4
4777,3,4,4,2,4
4779,3
4788,2,3
4793,1
4794,4,4,4,2
4797,2,2
4798,1
4803,4
4809,3
4819,4
4821,0,1
4822,4,4,4,2
804,2
4826,0
4834,3
4842,3
4843,3
4852,3,3
4860,3,2
4863,1
4866,2,3
4881,3,2
4883,3
4887,3
4893,4
4898,0,0
4900,3
4901,4
4904,3,3
4905,4
4908,4
4909,2
4910,4
4913,4
4915,3
4917,3
4923,4
4925,4,3,4,4
4926,0
4930,3,4,1
4931,4
9014,4,3,4
4939,3
4944,1,4
4947,2
4948,0,0
4949,3,3
4952,3
4967,3,3
4972,4,4,3
4973,4
9021,4,2
4978,2
4979,4,3,3
4986,4,4,4,4,2
4987,3
4988,2
4989,1
4992,0
4995,3,3
4996,3,3
5008,1,4,2
5011,4
5014,4,4,4,4,3,4
5021,3,3,4
5022,3
5023,4
5030,3
5032,2,4
5034,3,2
5035,4,3,4,4,3,4,4
5038,2,2
5042,2
5045,4
5047,3
5049,3
5050,4,2,4
5051,4
842,3,3
5059,1
5063,3
5065,3,3
5068,4
5073,4,4
5076,2,2
847,2
5087,3
848,0
5098,3,2,3,2,3
5099,4,2
5104,4
5113,4
5114,3,3,0,2
5115,1
5130,4
5131,4,4,4,4
5141,1
5144,0
5166,4
5168,2
2227,4
9054,3,4
5174,2
5176,3,2
5181,4
2229,4
5184,0
9056,0
5189,3
5196,0,0
5083,3
5199,3
5202,1,0,1
5209,4,4
5217,1
5219,0,0,1,0,0,0,1,1,0,0,0
5220,0
9062,0
5224,2,3,2
5225,4,2,3
5229,1
5242,3,3,4,4,2
5244,1,1,0,0,1,1,1
874,4
5247,0,1
2240,1,0,0
5252,3
5259,0,1
5262,2
5264,4
5266,4
5271,3
5275,4
5278,2,3,3
5279,4,4
5281,2
5286,2
5289,0,1,0
5292,0
9074,3
5297,2
5303,1,4,4
5308,4
5311,3
5314,2,3
5316,3,4,2,2
5317,2
5320,3,3
5321,2,3
5325,4
5328,4,3
5336,3,2,3,3
5337,3
5342,3
5343,3
5344,2
5346,3
5350,0
5353,0
5357,2,4,4
5360,4
5367,4
5368,3
10453,4,2
5377,1
5379,3,3,2
5382,4
5385,2
5394,3,2,4
5395,4,2
5397,3
5401,4,4
5409,1,0,0,3,0
5411,4
5413,0
5415,0
5418,3
5419,1
5420,3
5421,2
5423,3,3
10462,4
5435,0,0
10464,2
5442,2,2
5443,4,2
5445,2
5446,4
5447,2
5449,2
5450,2,4,2
5454,0,1,0,3
5456,4,3
5458,3,3,3,3
5462,2
5464,2
5472,4
5474,3
5475,3
5484,0
5487,4
5490,3
5494,0,2,0,2,2,2
5496,3
5500,4,4,2
2282,4
5503,3,4,4,4,4
5506,4
5509,0,0
5511,3,4
5518,3,1
5520,4
920,2
5524,2
5526,3,4
5531,3
5534,2,4
5535,3,4
2288,3,4
5543,4,2
5545,4
5558,4
5566,2
5568,2
9120,4
5571,3
5572,2
5573,0,0
5574,0
5576,2
5581,0
5583,1
186,4
5597,0
5598,4
5601,1,1
5605,1,0
5608,3
5611,4
5612,2
5613,4,4
8643,2
5622,1,1
5623,1,0,0,0
5624,2
5625,0
5631,3
5632,3,4
5634,2
5635,2
5637,2
5639,3
5640,4
940,3
5649,3,3,4
5650,3,1,1
5656,3
5657,4
5659,2
5669,4
5673,0
5676,4
5678,0,0,0
5681,0
5685,4
5688,4
5689,4
5691,4,4
5692,2
5694,3
5695,4,4
5697,4
5706,3,3
5709,1
5710,3,3
5711,1
5714,4
5716,2
5718,3
5719,2,3
5720,3
5723,3
5731,4
5734,4
5736,3
5741,2
5743,4,2
5744,0,0
5746,4,2
5747,3
958,3,2
5752,4,4
5757,1
5759,3
5760,0,0,1,0,1,1
5761,2,2
5766,2
5767,1,1,1
5771,3
5775,3
5777,3
5778,4
5779,0
5784,4
5785,3
5790,2,3,4,4
9157,0,0
5793,3
5796,1
5798,0
5804,3
5808,3
968,4
5812,2,4,3,3
3194,1
5816,3
5819,4
5823,2
5827,4
5829,4,4
5831,3,2,3,3
5832,2,3,3,4
5835,2
5836,4
5840,3,4,4,4
5842,2,3
5845,0
5846,0,0,0
5852,2,2,2,2,1,2,2
5853,2,4
5855,4,4
5864,4,4
5865,4
5869,2
5870,2
5875,0
5877,4
5878,3
5879,2,2,3,4
5884,3,1,4
5885,3
5889,4
5890,3
5893,2
5898,4
5900,3
5905,0,0,0
5906,2,4,4,3,3
9178,0
5920,4
5923,4
5927,3
5930,3
5932,4,3
5934,4,4
5936,4
5941,4,3
5947,3,4,4,3
5948,3,3
5950,1
5951,2,4
5955,0,0
5971,0
5973,1
5975,0
5976,4,4
5981,2
5983,1
5987,2,4
5989,4,4
5990,0,0
2365,3,3
6002,1
6003,4
10558,3
6007,4
6016,1
6017,3,4,4,4
6020,0
6022,3
6029,4
6030,3,3,3
6032,1
6033,3,3,3
6038,4
6042,1,0,0,3
6047,4
6048,4,4
6053,4
6055,0,0,0
6065,0
6068,1,1,0
6071,3
6074,4
6076,4,3,3,4
6077,3
6082,2
6083,4
6084,2,2,2,2,2
6086,4,4
6087,2
6093,2
6096,2
6100,4,2,4
6101,4,4
6107,3,4
6111,4
6115,2,4,4
6120,2
6122,3
6125,3
10579,4,4,3,4,4,3
6132,2
6136,1,4
6138,4,2,4,3,4,3,3,3
6143,3,4,2
6144,2,4,4
6147,1,0
6151,4
6153,3,2
6163,3
6164,4,3,3
6172,2,2,2,4,2,2,4,3,2
6175,3
6177,2
6178,0,1
6185,0
6191,3,4
6193,1,1,1
6194,4
6195,3,2
479,3
6201,3
6204,4
6215,4,4,2,3
6216,3
6217,3,4
6223,0
6224,3
6232,0,0
2404,2
6237,4,3,3
6238,4
6242,0,0,1
6244,0,0
6251,2
208,4
6256,0,0,0
6258,3
6260,0,0
6263,0,0
6264,2
6274,4
6281,2,4
6284,3
6290,2
6301,4
6303,4,3
6309,4
6311,4
6317,3,3,4,3
6318,3
6324,4
6326,3,3
6328,2
9247,2,2
6335,3
6336,3
6337,1,1
6340,4,3,3
6342,1
6343,4
6349,3
6354,3,4
1059,2,2
6358,3
6360,1
6371,4
6374,2
6378,2
6380,4
6381,2
6382,3
6383,3,2,3
6397,0
6398,4,3,3
6400,3,2
6402,2
6405,2,3,4
6407,4,4,4
6409,4,2,2,2,2
6413,4,4,4,2
6415,4
6418,1,1,1
6421,2,3,3,3,2
6422,4
6425,4
6432,1,0
6437,3
6439,3
6440,3
6446,3,3
6448,1,0
6456,3,1
6465,1,0
6468,2
6469,0,1
6470,3
6473,3
6475,4,3
9272,1
6484,4,2
6485,2,4
6487,4,4
6488,2,4,3
2671,4,4,3
6496,2,2,2,2
6503,3
6508,3,2
6509,2,0,2
6510,0
6511,4
6512,0
6525,2
6526,4
6528,2
6529,4
6530,3
6535,2
6538,3
6539,2,4,3
6542,3
6545,1,3
6548,3,3,2,2
6559,4,2
6561,3
6562,4,4
6563,4
6564,4,2
8803,0
6570,2
2401,3
6583,4,3
1098,3,4
6594,4
6596,0,0
6597,3
6599,4
6601,4,3
6603,4,3,3,4,4,4,3,2
10658,4
6610,1,4
6611,4
6620,4
6623,4
10662,2
6630,2
9299,1
6645,2,3
6647,3
6648,0
6653,3
6656,1
6657,4,2
2131,2,2
6662,4
2476,3
6667,3
6671,4,4
6672,3,4
6677,2,4
6683,4
6690,0,0
9307,0,0,1
6692,0
6695,1
6698,3
6700,3
6702,0
6708,4,4,4,3
9311,2
6719,4
6720,0,0,0
2488,4
6742,3,3,3
6744,2
6748,2
6749,4
6754,4,3,3
6755,2
6757,0
6762,3
6763,3
6764,3
6766,4,4,4,3
6589,1
6768,2
6775,0,0,1
6781,3
6784,3
10046,2,3,3
6788,4
6793,1
6799,4
6800,1
10691,4
6816,4
6818,4
6828,4
6830,4
6831,4,4,3,3
2504,3
6839,4,4,4
6842,4
6844,3,3
6846,3,4
1141,4
6850,4
6852,4
6854,2
6857,4
6859,4,4,2
6862,4
10701,4
1144,2
6868,2
6869,0
6877,2,3
6878,3
6881,3,3
6885,3
6886,0
6890,4
6891,0
10706,2,3
6912,4
6917,2,4
5249,4
6922,3
10711,2
6926,4,2
6929,2
6932,2,2
6935,3,3
6936,2
6937,1
6938,0
6939,3,3,2
6940,1
6941,2,3,0,0
6943,4,4,4,2,2,2
6944,2,4
6945,2
6949,3
6951,2,3,4,4
6952,3
6954,2
6957,0,0,1,0
2525,1,0,0
1160,0
6964,3
6969,4
6970,3
6974,4,4,4
6976,2
6978,2,2
6983,4
1164,1,0
6991,2,2,1
6994,4
6995,4
6997,4,4
7000,0,0
7006,0
10725,4
7009,4
7010,4,4,3,3
7012,0
7014,1,0
7018,3,4
7021,3
7022,4
7028,3
7029,0,0,0
7038,3
7044,3
2540,2
9368,4,3
7059,4,3
2542,3
7064,0,4
7065,1,0
7067,1,0
7077,3
7080,1,1
7085,0
7087,3
7090,4
7093,3,4,2,2
7096,3,4
7098,3,4,4,3
7103,3
7107,0
7110,2,4
7111,4
7113,3,3
10031,4
10744,2
7127,2
7132,3
2554,2
7140,4
7144,0,0
7148,4,4,4
7149,1,1,0,0,1,0
9384,4
7154,4
7155,4,3,3
7158,4
7160,4
7168,1,1,0
1195,0,0
7175,2,2,4,4
7176,4,4,4
7177,4
7180,3
6658,3
5293,4
1198,3
7190,4
7197,3,2
8542,4
7207,2
7209,3
7211,4,3
7212,4,1,1,3,3
7214,4,3
7215,4
7217,3,4
7218,3,4
7219,4
7220,4,4
7223,3,1
7228,3
8424,2
7230,2,4
7231,2,2
2571,1
7244,0
7245,4,2
7249,4,4,4,3
7251,4,2
7252,1,0
7260,4
7273,3,3
7282,0
7296,0
7298,3,4,3,3,3
7299,3
9410,2
7310,4,4
7313,4,4
7314,3
7315,3
7322,2,3
7326,0,0
7331,4,4
7333,0,3,1,1,0
7338,3
7350,2
7352,4
7353,2,2,2,2,2
7354,0,0
7355,1
7360,4,4
7363,4
7364,4,4,3,3
7365,3
10785,4
7368,1,3,2,2,2,4,4,4
7375,4,3
7377,2
6691,3
7383,1,0,0,0,0
7386,1,2
7387,2,4,3
7392,3
7395,3,4
7398,2,2,2,2,2
7399,3,3
7401,4,2
7402,3,2,4
7409,0
7411,4,4,2
10793,4,4
9429,0,1,0,0
7425,1
7426,4
7427,4
7428,4
7430,3
1884,3,3,3
7433,4,4
7439,3
10798,4
7446,2,3,3
7449,4,4,4
7450,0
7451,4
7453,0
7454,3
7455,2,2
7463,1,1
7471,3,3,2,4
7474,3
7482,4
7487,4
7491,4
7492,3,3
7500,3
7506,0,2,3,3,2,2
7507,0
7512,4
7513,4,4
7518,0
7527,1
7531,4,2,2
7533,3
7535,3,3
7537,4,3
7539,2,2
8084,3,2
7546,0
7552,4
7555,3,3,3
7556,4
1260,4
7562,3,4
7563,4
7564,0,1,0,0
7565,0,1,1
9453,3
7576,0,0
7577,3
7578,3,4
10821,2,2
7585,3,4,4,4
7586,4,4,2
705,0
8436,1
7590,2,3,4,4
7591,4
7593,4
7598,3,3,2
7599,4
7603,2,2,3,1
7604,0,0
7606,3
2633,4,3
7612,4
7613,1,0,0,0
10827,4,3,4
1270,3,4
7623,3
2436,4
7629,2
7630,3,3
7633,4
7634,3
7636,4
7641,2
7642,0,4
7646,4
7648,2
7651,3,3
7652,3,2
2641,4
7661,3,4
7666,3
7668,3,2,3
7669,3
10621,2,3,2,4,2
2646,4
7687,3
7690,3
7700,4
7702,2
7703,4
7713,3
7715,2,4,2
7716,0,2,1
9478,4
7719,4,4
7723,3
7724,3
7726,4,3,1
7728,4,4,1
7732,1,1
7735,4
7745,1,1
7746,2,1
7747,0,1,0
7752,0
10850,0
7758,2
7763,3
7768,2
7773,2,3
2661,0
7776,4
10581,3
7786,0,0,0
7787,4
7789,4
7792,3,4,2
7799,2,4
7800,3,3
7804,2,2
7806,3
7807,4,2
7808,3
7814,1
7817,4,2,2,4,4,4
7819,0,0
7820,0
7823,3,3
7824,1,2,3,3,3
7825,3
7826,4
7827,3
10862,4
7831,2
7833,1
7834,4
7835,3
7837,3,3
7839,3
7842,2,2
7843,2,0
7844,2
7848,1
7853,2,3
7856,4
7862,3
7866,2
7876,2,2,2,2
7879,2
7880,2,4,3
7885,3
7888,3
7889,4
7890,2,2
7892,3
10873,3,2
7898,4,4,4,3
7900,4,4
7902,4
7904,4
7907,3,3,2,2
7909,4
7910,3
7912,1,3,4,2
7913,1
7918,4
7922,4,3
7923,4
7924,3
7925,0,0,1,0,0
7926,3
7927,4
7933,1
9109,1
7939,4
7941,3
7945,3
7946,4
7947,1
7952,2
7954,4
7955,4
7957,4
7958,0
7962,4
7963,1
7966,3
9520,1,4
7973,4
7977,1
7982,2,2,2,2,2,3
7985,0,0
7987,3,4,4
7994,4
7999,1,1
8006,3
8009,2
8011,4,4,4,2
8012,4
8019,2
8020,0
8022,1
8023,0
8025,0,0
8032,2,2,2
8037,3
8039,3
8041,2
8042,4,4
8043,4,3
8047,2,4
8053,0,0
8054,2
8057,4,4
8062,3
8064,3
1344,1
3269,3,1,1,4,3
8069,4
10904,3,0
8082,4
2345,3,4
8086,3,3,2,2,3
8087,3
8091,4
8096,2,2
8100,4
8109,1
8114,3
8117,1
8120,3
8122,0
8123,4,4
8124,3,4
8126,2,4
8129,3
8140,4
8141,4
8142,3
8144,3,3
8146,2
8149,4
8150,4
8153,2,4,2
8161,3
8162,1,4
8168,3
8169,3
8173,3
8184,3,2,2
8185,2,4
8188,2,2
