1,3
2,3
4,4,1
5,3,3,2,3,2,2,3,4,4
7,0
8,4,3
12,3,4
13,1,1,0,0,0
14,2
17,3
19,2
21,1
25,2,2,3
26,3,1,3,3
27,2,2
29,0
30,3,3
31,2
34,3,4,3
35,0
36,1
37,1,0
38,1,3
39,4,3,3,4,0
40,3,4,3
41,0,0,0
43,3
44,3,4
45,2,3
46,1
47,4,2,2
48,2,2,2,2,2
49,3,2,4
50,1
51,4,2
52,4,2,3,3,4,3,3
56,4,3
58,0
59,2
60,2,2,3
63,4
64,4,3
66,4,4,3,2,3
67,3,4,4,4,3
70,2
71,4,4
74,2,2,3,3
76,4,4,4,3
78,4,3,3
80,3,3,2,4,3,3,3
83,3,3,2,4
84,2
85,4,2,3,4
86,0,0
87,2,3,4,4,4,4,2,4
91,2,2
93,2,4,4
94,3
95,2
96,2
97,2,3,2
98,1
99,3,4
100,0,3
101,4,2,2,3,4
102,3
103,3,4,2
104,2,4,2,3,3
105,0
106,2,0,3
107,3,3
109,1,0,1
111,3
113,2,3
115,4
116,4,2,4,4,3,2,4
117,4
118,3
120,3,3
122,4,4,4,4
123,0
124,0
127,2
128,2,2,4,3
130,2
131,4
132,4,3
134,4,4
138,4,4
139,4,4,4
140,1,2,1
141,3,3,4
142,2,4
144,2,4,4
147,2
149,4,4,3,4
150,3,2
151,3,2
153,3,2
155,0,0,0
157,4
159,3,3
160,4,4,3,3
161,3
162,1
164,1
165,2
167,2,3,2
168,4
169,2
172,3,1
173,2,3
175,2
176,4
177,0,0,0,0,0
178,4
181,1
184,3,4,3,3,3,4,4,3,3
187,3,4
188,3,4
190,4,1,3
191,4
194,1,0
196,0,0,0,0
197,3,3,2
198,4
199,3
200,2,4
203,1
204,3,4,4
205,4
207,2,4,3
209,3
210,4,1
212,1
213,3
214,4,4
215,1,1,1
217,4,1
218,3,3
219,4,3,3
220,1,1,0,1,1
221,3,2
222,2
223,3,3,3
226,3,4
227,2
229,0
232,4,2
234,3,3,3
236,1,1
238,4
239,2,3
240,4,4,4
241,0,1
242,2,3
244,4,2
247,4,3,3,4
250,2,4,3,4
252,4
254,1
255,4,4
258,3
264,4
267,2
268,2
269,4,3
272,1,1
275,2,2,2,2,2,2,3
276,0
279,4
281,4
282,4
283,4
284,2
285,1
286,2,3
288,4,2,4,2
289,2,2
292,4,4
293,4,3,3,4
294,3,2,2,2,3,4
295,3,4,4
299,3
300,1
301,3
302,3,2
305,4
308,2
309,2
310,2
312,3
314,2
315,4,2,1
316,2,4
319,2
321,0,0
326,2,3,3
327,3,3
328,4,4,4
329,4
331,3,3
332,4
333,0,3
334,0,0,1,1,1
335,3
336,1,0
338,3
339,1,1
340,1,3,3,3
343,4
344,3
345,1,3
346,1
347,4
348,1
349,2
351,0,0
353,3
354,2,4
357,3
359,2
360,3,2
361,3,4,4
362,3
363,3
366,2,3
367,0
369,1,1,1,0,0
370,3
371,4,4,3
372,3,3
373,0,1,0,0,0,1
375,2
376,3
377,3
378,2,2
379,3,4
382,4
383,4,2
384,0
385,2,3,4,3
388,1,1
391,2,2
392,1,1,1
393,4
394,3
395,0,1,1
397,0
398,2
399,4
404,4,3
405,4,3
406,3,3
407,4,3
409,3,3
411,3,4,4
412,4,4
415,3
417,2,2
420,1,1
423,3,3,4
424,4,3
425,2,3,4,4
426,4,0,4
429,3,2,3,2,3,2
430,0,1
431,4,3
432,1
435,3
437,3
438,1,0,0,1,0,0,0,1,1,3
441,4,4,2,4
444,3,3,4,4,4,4,4,4
445,3
446,4,3,4
449,4,4
451,0
453,4
455,3,1,1,3,1
456,1
457,3
458,3
459,4,3
460,2,4,0
464,3,4,4,3,4
467,2,2
471,3
472,0
473,3,1,4
474,1
475,0
476,3
480,0,1,1,1
481,1
482,3
483,4
484,1,3,3,2,3,3,4
485,3,4
486,4,1
489,2,2
491,3,3
492,4
501,0,0,0
504,3,3
505,4
508,1,3,4,2,2
514,3
515,3,3,3,3,3,2
517,2,2,2,2,4,4,4
519,4,4,3,4
520,1,1
521,1,0
522,1
527,3,3
528,3
533,3
534,3,3
535,4
536,0
538,4
539,3
541,4,4,4
542,3,2
544,4
545,4,3,3
546,4,3,2
547,1
549,3
550,3
553,3
554,3,4
555,3
556,3
558,4
560,3,4
562,2,4,4
563,2,3,3
564,1
565,4,4
567,3,3
571,4,4,3
572,3,2,3,3,4
573,1
575,0,3,1
576,3,3
580,2
585,4,4,4,4,3
586,0
588,3,1
590,3,4
591,4,2,4
595,4,2,2
596,0
597,2,3,2,4,3
598,1
599,0,0
601,2
604,2
605,3,3,2
607,3,3,4
610,4,4,3
611,2,1,2,2,2
613,1,1,3
615,2,2,2,2,2,2
616,4
617,3
619,1,1,1
620,2,3
621,4
622,3,3
623,3,2
625,2,3,3
626,3
631,0,0
632,3,2
634,0,0,0
636,4
637,1
638,4,3
640,3,4
641,1
642,0,0,3
643,4,2
645,1,0
646,4
650,4,2
651,0,0
652,1,1,0,3,1
655,4
656,3
657,4,4,4,4,4,2,4
659,4,4,4
661,4,3
663,3
664,1,2,3
665,3,2,3,2,4
666,3,3,3
667,2,4
668,3
670,4,4,3
672,1,1
675,2,2,0,2,2,2
676,2,3,2,4,2,2,2,2,2
677,4,2,2,2
678,3,3,3,3
679,4,4,4,4
682,4,4,2,2,4,3
687,2
689,4,4
691,4
693,4,2,3
694,2
696,1
697,2,3,2,2
699,3
701,3,4,3
704,4
705,0
710,3,4
713,4,2,2,3
714,4
715,3,3,4
718,1
720,3
721,0,0,1
722,4
723,3,4,4
724,4,3,4,4,3
726,4,3
727,3
732,0
733,3,2
735,4,3,3,4,4,4,4
738,4,4,4
740,4
741,1
742,3
743,4,4
746,4,3
750,4,3
752,0
753,3
754,3,4,4
757,4
758,3
760,4,2
761,0,1
762,4,2,2,4,2,2
764,1
766,2
767,4,4,3,3,3,4
768,1,0
769,4,3
770,1,0,0
771,3,3,4
772,4
774,0
775,0
776,2
777,1
778,1
779,2,4,4,4,3
781,4,3
783,3,3
786,4,4
787,4
794,4,2,4
795,4,4
797,4
805,2,3
806,0
808,2,3
809,0,2
810,1,1
811,2
812,1,0,1,3,1
813,4,1,4,4
815,0,1,1
817,4,3,3
821,3
822,3
823,2,2
827,2
828,0
833,4,4,4
835,3,3,2
836,1
837,2
838,3,2,2
839,4
840,2
841,3,3
842,4,2,3,3,4,4
844,4,2,3
850,2,2
851,3
853,1,0,3
854,4,4
862,2,1,4,2,2,1,2,3
868,3,3
870,3,3,3,2,2
874,3
876,2,4,4,4,4
877,2,4,4
878,3
881,0,0,0
883,1,0,1
884,3,3
885,4,3
886,3,0,3
887,2
888,2,3
889,4,4
892,3,0,0
894,4,4,4,4,4,4
896,3,3
897,4
898,4,4,4
899,3,4,3
901,1,3
902,3
904,2,3
905,0
907,1,0,0,0,0,1
909,1,0,1,0,0,0
910,1,1,0
911,2,2
914,2
916,0,0,0
918,3,3
920,2
921,4,4
922,0,1
928,3,1,3
929,2,2,3
930,2,1
931,2,2,2,2
932,1,3
934,3,4
936,1,3,1,1,0
939,1,3,3,3,3,3,3
940,3,1
941,3
942,2,2,2
943,4
944,4,2
946,1,2,1,1
948,2,2,2
949,0,0
950,4,4,4,2
951,4
952,0
954,3
956,3
958,2
960,4,2,4,1,3
963,4
964,3,3,1
965,0,3,1,0,1,1,0,1
966,2,4
969,3,0,3,4
970,2,4,2
971,3,0
973,3
974,3,4
975,3
977,3
978,3,3,1
979,1
980,3
983,4
985,3,2,4
987,2,4,4
989,4
990,1,1,1
991,0,0,0,0,1,1,2,2,2,2,2,2
992,3,3
994,0,0,0
999,2,2
1001,4,2,3
1003,4,3
1004,2,3
1006,4
1008,2
1009,4
1010,0
1011,4,4
1012,3
1013,3
1014,4
1015,4,4
1017,3
1019,1,3
1024,4,3
1026,3,4,3,1
1027,4,4,4
1033,3,1,0
1034,2,2,2
1037,4,2,2,4,2
1038,4
1039,0,0
1040,4,4
1041,1,2,3,1
1043,4
1044,0,0
1045,0
1047,2
1050,1
1052,3
1058,4,2
1061,2
1062,4,4,3
1064,3
1065,1
1067,0,0
1068,3
1070,4,4
1071,1,1,1,1
1072,4,4
1073,4
1076,3
1078,1
1080,4,4
1081,3,4
1082,4
1084,4,3,4
1086,0
1087,0
1089,1,1,3
1090,4,2,2
1091,3
1092,4,3,2,4
1093,3
1095,0
1096,1,1,1,2,0
1097,3
1098,3,4,4
1099,3,2,3
1101,2
1102,0
1104,4
1105,4
1106,3
1107,4,4
1109,1
1110,4,4,2,2,4,2
1111,3,2,3,3,3
1112,3
1113,3,3,2
1114,0
1116,3
1119,2,4,2
1120,1,0
1123,2,4,4
1126,4,4
1128,4,4
1129,4
1131,4,3
1137,2,2,3
1138,0
1139,2,3,4,4
1140,1,3
1141,2,2
1142,4,3
1143,2
1144,4
1147,4,3
1149,2
1150,4,1,2,1
1152,3
1155,3,4,3,3,2
1156,4
1157,1,1,1
1158,1
1160,1
1163,4,2,4,4,4,4,4,4,2
1164,0
1165,4
1166,1
1167,4,3,3
1168,4
1170,1
1172,3
1174,2,2
1177,1
1184,4,4
1187,3
1190,3
1191,1,1
1193,3,4
1194,1,0
1196,4,3,2,4
1197,4,4
1199,4,2,3,1,3
1200,3,3,4
1201,1,0
1203,3
1205,3
1206,3,3,4
1208,3,3,4,4
1210,4
1214,3,4
1215,4,4,4,4,4,2
1216,4,3,4
1219,2,3,3
1220,1
1221,3,4,4
1222,3,4,3
1223,1
1229,4
1230,4,1
1232,4,4,3
1235,3,3,3
1236,1,0,1
1241,0
1243,2
1244,4,2,4
1245,0
1247,2,1,0,2,2,2,2
1248,2,1,4,2
1249,1
1250,2,4,3
1251,4,2
1252,1
1254,1,1,0,0,1
1259,2,2,3
1260,4,4,4
1261,2
1262,1
1264,2
1267,1
1269,4,4
1270,1,3,3
1273,2,2,4,4,1,3
1275,2,2,2
1278,3
1280,0
1281,4,4,3,2,3,3
1282,3,2
1283,2,2
1286,1,3,0,4,1
1288,4
1289,3
1290,0,0
1291,3,3,4
1292,4,3
1293,3
1294,4
1296,1,1,1
1300,4
1301,4
1303,3,4,3,4,3
1305,4
1309,3
1311,3,3,2,4,3,3,2
1312,2
1313,3
1317,1,4
1319,1
1321,4
1322,2,2,2,2,2
1325,2,4,2
1326,3
1327,3,0
1329,4
1330,3,3
1331,3
1332,0
1333,4,2
1335,4,3
1336,4,3,4,4,3,2
1339,4
1340,4
1341,4,1,3
1344,1
1345,3,2,2,4,4,3,1,4
1347,3
1348,1
1350,1,1
1352,2,1
1353,3,3
1354,3
1355,4,3,4,3,3,3,4,4,4,2,4
1358,3,1
1359,3
1361,3,3
1362,1,1,1
1364,1,0
1365,4,1
1366,4
1369,3
1371,2,3,3
1372,4,2
1373,4
1374,3
1376,3
1377,3,3,3,2,2
1378,2
1379,1,0,1
1382,3,1,4,4
1383,2,4
1384,4
1385,1
1386,2,4,3
1391,2,2,2,2,2,2
1398,1,0,1
1400,0
1401,4
1402,2,2,2,2,2,2,2,2
1405,3
1407,2,2
1408,2
1410,3
1411,3,2,3,3,3,2
1412,4,3,3
1413,3,4,4
1414,3
1416,4,1
1419,4,4
1421,2,2,3
1425,0,1
1427,3
1428,1
1429,3,3
1432,4,2,3
1434,4,4,3,3
1437,4,4
1439,1
1440,3
1441,1
1442,1,3
1445,1
1446,1,1
1447,2,4
1448,0,0,1
1450,1,1
1451,0,0,0
1452,4
1453,0
1454,3
1455,3,3
1456,1,0
1457,3,2
1459,0
1463,3
1464,1,0,0
1466,2
1468,4,4
1469,1
1470,4,2,2
1472,3,1,3
1473,3
1474,0,0
1480,4,2,2
1483,2,2,4,4
1487,1,0,3,0,1,3,4
1488,3,4
1490,0,1,3
1491,1,0,0,1,0,1
1492,3,2,3,3,2,4,2,3,4,2,2,2,2,2,2,2
1494,3,1,3,3,3
1495,2
1496,2
1497,4,4,3
1498,3,3,1
1500,0
1505,3
1506,3,4,3
1511,2,4,4,1,4,4,4,4,2
1512,3
1513,4,4,4
1514,2,3,3
1515,3,2,4
1518,3,3
1519,2
1520,4,4
1521,3,3
1524,4,4
1527,2,1
1529,4,4,2
1531,3,3
1532,4
1533,4,4
1535,4
1537,1
1538,1,1
1539,3,1
1540,1,0,0
1541,3,4,3
1544,2,2
1545,0
1546,3
1547,3,3
1548,3,3,1,3,3,3,3
1549,1
1551,1,0
1552,4,4,3
1554,4,4
1555,3,3
1558,2,2,2,2
1559,3,3
1562,3
1563,3,3
1564,4,4
1566,1
1569,2,2
1570,0
1572,4,3
1573,4
1574,4
1578,3,2
1579,0,1
1581,0
1584,3,3,1
1587,2,1,2,2
1588,2,4
1590,3,3,4,2
1592,3,3,2
1593,4,4,3
1596,1,2,1,3,2,2,2
1597,4,2
1599,4,4,4
1600,3,4,3
1601,0
1602,2,3,4
1603,3
1606,0
1607,0
1608,3,2
1609,2
1614,4,3,4,4,4
1617,1,2
1618,1,1
1619,4,3,2
1620,2,3,2,3
1622,0,0
1625,3,4
1626,4,3
1628,4
1631,4
1632,3
1633,2,3
1635,0,0,0
1636,1
1638,3
1641,4,4
1642,2,2
1645,4,2,4,4
1646,0,0,0,0,0,0
1647,3
1648,3,3
1649,3
1651,2,2,3
1653,1,3,3,0,4,4,3,2,2,2,2,2,2,2
1654,4,4,3
1655,4
1656,4,2,3
1657,2
1658,4,3
1663,3
1665,0,1,3
1666,0
1669,3,4,4
1671,4,1,1
1672,2
1673,3,3
1674,0
1675,3,3,2,3,4
1676,1,0
1678,2,3
1680,4
1681,3,2,4
1685,4,4,4
1687,3
1688,4
1689,3,3,3,1,1
1690,1,0,0
1694,4,4
1696,3,1,1,4
1699,0,0
1700,3,3,3
1713,3,3,1
1714,3
1717,3,3
1718,0
1719,3,3
1720,3
1721,1,0
1722,4,3,2,2,3,3
1723,1
1724,3,4,4
1727,4,4,4
1730,4,4
1731,0
1732,2,2
1735,4
1736,0,1,1
1737,3
1739,0,1,3
1741,3,3,3
1746,4,3
1749,4
1751,3,3,2,2
1752,1,0,0,3,0
1755,3,3
1757,4
1758,4,4
1759,4,4,4,3,4,4
1760,3,1,1,2,0,4,0
1763,4,4,2,4
1765,2,4,4,4,3,4,4
1768,4,4,2
1770,0,0
1772,3,2,1,3,1
1775,2,3,4
1776,3
1777,4
1779,3
1780,1
1782,3,3
1783,4
1786,3,3
1788,3
1792,4
1798,2
1801,3,1
1804,0,0
1809,3
1811,0
1815,4,1
1817,2,2
1818,0
1819,0,1
1820,4
1821,4,3
1822,2,2,2,2
1824,4
1826,4
1827,1
1828,2
1830,3,3
1831,2
1834,0
1835,3,3
1836,1,1
1838,0
1839,3
1841,2,1
1842,0,0,1
1844,2,2,2
1846,1,1,0,0,1
1850,0,1
1852,2,3,3,2
1855,1
1856,3,4
1857,2
1858,3
1859,1,3,4,4,2,4
1861,3,4,4
1863,4,3,3,3,2,2
1865,3,3
1866,3,2
1869,1,0
1871,2,1,2,2,2,2
1875,0,0,0,1,0
1878,2,2,2
1880,0,0,0
1882,4,4
1883,2
1884,3
1886,4,4,4,3,3,3,3
1887,4
1889,3,4,4,3,3
1890,4
1892,2,2,2,2,2
1893,4
1895,3
1897,1,0
1900,2
1901,0,1
1906,0
1908,3
1909,3,3
1910,3,2
1914,1
1918,4,2,4,2
1921,4,4
1922,4,3,4,3,3,3
1924,3,3,3,1
1925,2,3,2,1,3,3
1926,3
1927,3
1928,4
1931,3,4,4
1933,3,2,3
1934,3
1935,0,0
1936,2
1939,3
1943,1
1944,2
1945,3,3
1946,4
1949,2,4
1951,3,4
1953,3,3
1955,0,0,0
1956,1
1957,3
1958,3,2
1959,4
1961,3,3,4,3,4,0,0
1962,4
1963,4,3,4,3,3,3,3
1968,3,1
1970,3,2
1971,3,4,2
1973,3
1975,4,2,3,4
1980,1
1982,2
1986,4,2
1988,2
1989,0,1
1991,4
1992,3,3
1998,4
2001,2
2002,2
2009,4,4
2010,2
2012,3
2013,3,3,4
2015,1
2016,2,4
2018,1,1
2020,2,1
2022,1,1
2023,3,2
2025,4
2029,1,0
2030,3,4
2031,4,4
2032,4,4,4
2035,3
2036,0
2037,0
2038,1,1
2039,2,2,2
2041,4,4
2043,0
2044,4,3,4
2045,0,0,0
2046,4
2051,2,2,2,2,2
2053,4
2054,2,3,4,2,2
2055,3
2056,4,2,3
2058,3,4,2,2,2
2059,3,3
2061,2,4,3
2062,0,0
2064,2,3,4
2065,3,2
2066,4,3
2067,3
2069,3
2072,1
2073,2
2075,3,0,3,3
2076,2,4
2077,2,4,3,2,1
2080,3,4,3
2081,2
2082,2,3,2,3,3
2084,1,3,3,1
2088,2
2089,4,4,4,3,3,3,4
2090,0,3,4,4,3,2
2091,2
2092,3,3,2
2094,0
2096,4,3,3,4
2097,3
2098,0
2100,4,4
2104,3,1
2107,3,2
2108,4
2109,1,1
2110,3,3,3,3
2111,2,4
2112,4
2114,2
2119,4
2121,4
2122,2,2
2123,3
2125,2,3
2126,1,4
2128,3,2,3,1,3,3
2129,4,2,3
2131,4,3,3,1,3
2132,1,0,0
2135,2
2136,4
2138,4,3,4,2,4
2139,2,2,2
2141,3,4
2142,3
2143,4
2144,3,4,3,3,3
2147,3,3,0,4,4
2148,4
2149,3,2,2,2,4
2150,0,0
2153,4,3,3,3,3,3,3,3
2154,0,1
2155,3
2156,4,4,4,2,2,4,4
2157,3,2,2
2158,2,4
2159,1,2,4
2160,4,4
2162,3,2,4,4,3,3,3,3
2163,3,4,3,3
2164,4
2165,3
2166,3
2167,0
2168,2
2169,4,4
2170,4,3,3,3,2,1
2171,3
2172,0
2173,3,3
2174,4
2175,3,4,3,1,4
2177,4,2,4,4,2
2180,4
2181,3,3,1,3
2182,2,2
2183,2,4
2185,0
2186,1,0
2187,2,4
2189,4
2191,2
2193,3,1,0,4,3,3,4
2195,4
2196,2,4,4,4,4
2197,1,1
2200,3
2201,3
2202,3
2204,3,4
2205,3
2206,3
2207,1,4
2209,3
2210,4
2212,2,2
2214,4,3
2218,2,3,4
2219,4,4,3,4,4,4
2220,4,4,2
2221,4,4,3
2222,2
2223,3
2224,0,0
2228,4
2229,3,1
2230,4,4
2231,4
2232,4,2,2
2234,3
2235,1
2237,2
2239,2,1,3
2240,1
2241,3,3,4
2243,4
2245,1,0,0,1,1
2247,0
2249,3,4,4
2252,4,2
2254,4,4
2257,2,4,4,1,3
2259,2
2260,0
2261,3
2264,0
2265,1
2266,4,3,3,3
2267,4,4,3
2268,2
2269,2
2270,3,4,2
2274,2,2,2
2277,2
2278,3,4,2,2,4,1
2279,3
2280,3
2286,4
2287,3,3
2290,4,4,4,4,2,4
2292,2,2,2,2
2293,2
2294,1,1
2295,2
2296,4
2298,4
2299,3,4
2302,4
2303,2
2304,4
2305,4
2307,4,3
2308,3,4
2309,2
2310,3,4,4
2311,2
2312,2
2314,4
2315,4,3
2317,3,3,1
2318,3
2319,3
2320,3
2322,3
2325,3
2326,1,3
2327,4
2328,2,1
2330,3
2331,4
2332,4,3
2333,4
2338,3
2340,4,3,4,2
2341,3,3,2,2
2352,2
2354,4,3,3
2356,1
2358,3,4
2359,0,3
2360,3,4
2362,2,4,2
2363,2,4
2364,4
2365,4,4,3
2369,3,3,1,3,4,4,4,4,4
2372,2,2,2
2373,0
2374,0
2375,1
2377,0,0,0
2378,3
2379,2,2,2,2
2380,4,4
2381,0
2382,3
2383,3
2384,4
2385,4
2386,3,2,3
2387,4,2,3,4,3
2390,4
2391,4
2393,4,3,4
2395,2,3,3,3,2,4
2397,0
2398,4
2399,1
2402,3,1,4,3
2405,3
2407,1,0
2408,2,4,3,3,3
2409,3,2
2410,4,3
2411,4,2
2412,4
2415,4
2416,2,3
2418,4,3,2
2419,0,1
2420,3
2423,3,2,0,1,1,1
2425,0
2427,3,3
2428,1,1
2432,0
2433,4,2,2,2,2
2434,2,2,3,3
2435,4,4
2436,3
2438,3
2439,3,3
2440,1,0,1
2441,4,3,1,2,4
2442,3,3,2
2444,3
2445,2,3,2
2447,3,4
2448,3,3
2451,4,1,2
2455,4,2
2456,2,2,2,2,2,2
2457,2
2461,2,2,2,2,2,3,3,3
2462,2,2
2464,4
2465,4,4
2467,4,2
2468,1,2,2,2,2
2469,2,4
2470,4
2471,4
2472,3,2
2473,3
2474,1,0
2478,3,0
2481,3
2483,2
2484,4,3,4
2485,4,4
2486,3,3
2488,4
2490,3
2491,1
2492,4,4,3,4
2493,3,3,3,0,3
2495,0,1
2497,2,4
2500,3
2501,0
2504,4,3,3,4
2505,1
2506,3,3,4
2508,4,4
2509,4,4,2,4,4,4
2510,1,1
2511,2,2,3
2514,1
2516,0,1
2520,3,4,3
2522,0
2524,1,0
2525,1,0,0,0
2527,0,0
2528,4
2530,2
2532,2,4,2
2535,4
2536,4,3
2537,2,2,2,3,2,2
2538,4
2540,2
2544,0,0,1,0,0,0,0
2546,1
2550,1,0,0,0,1,1,2,1,0,3,1,2,0,1,0,3,0,0,1,1,0,2
2551,2,2,3,2,0,3,0,0,1,3
2552,3
2556,2,1,0,0
2558,3,3,0
2559,4,4
2560,3
2561,0
2563,4,3
2566,2,2,3,3
2567,3
2569,4
2577,4,4
2578,4,2
2579,3
2580,4,4,3
2581,1,3
2582,3,3,2
2584,3
2585,3,4
2588,4,4,3
2589,4
2590,3
2591,3,3,2,2,3,3
2594,4
2595,3
2596,4
2597,0
2598,4,4,4
2599,3
2600,4,3,4
2603,0,0
2606,4
2607,4,4,3,3
2608,2,2
2610,4
2611,2,2
2612,3,4
2613,4
2615,1,3
2616,3
2620,0,0,0
2621,0,0
2622,2
2623,0,3
2624,1,1,0,0
2626,3,3
2628,4
2629,3,2
2633,4,2
2637,4
2640,0
2644,3
2645,2
2646,4,4
2647,4,4
2648,4
2650,4,4
2653,3,3,2
2654,4,4
2656,0
2658,0,0,1
2660,2,2
2662,4,3
2666,1,1
2667,2,3
2668,1
2670,1,1,2,2,2
2672,3
2673,4,3,4
2674,0
2675,2,1,4
2676,2
2677,4
2678,4,3,2,4
2682,4
2685,2,3
2687,1,4
2688,4
2689,3
2691,3,2,2,2
2692,4,2
2694,3,4,2,3,4,3,4
2695,1
2696,3,3
2697,3,2
2698,3,3
2699,2,2
2700,4,3,4,4
2701,2
2703,0
2704,3,4,4,3
2707,0
2708,3
2709,3,1,1
2713,4
2715,2
2718,0,1
2719,4
2723,4
2724,3
2729,4,4,4
2730,2,3,4
2734,3,4
2737,3,0,4
2741,2
2742,0,1,4
2744,3,2,4,2
2747,4,3,4,2,4
2748,0
2750,4,4
2752,3
2759,3,3
2763,3
2767,4
2771,3,2,3,3,3,1,0,4,3,3
2772,2
2773,1
2775,0,4
2777,4,3
2778,1
2780,4
2784,3
2785,2,2,2
2786,3
2787,0
2788,4,4,4,3,3
2796,4
2798,3,3,4,2,4,3,3
2799,3
2801,3
2802,3,3
2803,4,3,4
2806,2,4,4,4
2809,2,4,3,2
2810,2
2811,4
2813,0,0,0,1
2816,4,3,4,4,2
2818,3
2819,4,4
2820,1,1,0
2821,3
2822,4,4,4,0,3
2823,3
2824,4
2825,4
2827,4
2828,3,3,3,4
2832,4
2833,1,1,1
2834,4,3,4
2835,4,4,2
2836,1,2,4
2837,3
2839,3
2840,4,4
2843,2,3,4,4,4,4
2845,2,4,4,3
2846,4
2847,2,4
2849,4,4
2850,3
2851,0
2852,1
2853,1
2854,3,2,2,3
2856,1
2859,1,1,0
2861,2
2866,4,2,4
2868,2,2,2,2,4,2,4,4,2,2,2,2
2870,4,4,2,3,4
2871,0,1
2873,2,4
2874,4
2875,4,2
2877,3
2879,0,3
2880,3,4,4
2882,2,2,4
2885,4
2888,4,3
2890,3,3,2,2,3,4,2,4,4,2,2,1
2892,3,3
2893,2
2895,2
2898,1,1
2899,3,2,4,3,3
2901,3,4,4
2902,0
2903,2,2,2
2907,4,2,4,4,4,4,2
2908,4
2911,3,2,3
2912,3
2914,4
2915,1
2917,0,1,0,0
2920,2
2922,1,0,2
2925,1,1,0
2927,3,4
2930,4,4
2932,3
2933,1,0
2934,0
2935,1,0,0,1,0
2936,3
2937,3,3
2938,3,3,3
2939,4,2
2940,3
2941,4
2943,3
2945,4,4
2947,2,2,4
2949,1,1,1
2950,3,4
2951,4
2952,1,0
2955,4,3,4
2956,4,4
2960,3,3
2962,4,4
2966,1
2968,4,3
2971,0,0
2973,2,2,3,2,4
2976,4,2,1
2977,2,2,1,1
2980,1
2981,4,3,2,3,3
2983,1,1,1
2985,4,4,4,4,4,4,3
2986,3,3
2987,2
2988,3,2,2
2990,3
2991,4,4,3
2993,3
2995,3,3
2996,2,3,4,3
2997,3,3,3
2999,2,2,4
3002,0,1
3003,2,4,3
3004,2
3005,3,1
3008,1,0
3009,4,4
3010,3
3012,4
3017,2,3
3020,4
3021,2,3,4
3023,2,3
3024,3,4
3025,3,1
3027,4
3028,4
3029,2
3032,1,1
3033,3,3,3
3035,1
3037,3,3,0
3040,4
3041,1
3042,2,4
3044,3
3045,3
3046,4
3048,1,1,1,0,0,0,0
3049,3
3050,2
3051,0
3052,4
3054,4,3
3058,2,2,1,2,2,4
3061,4,4
3063,2,3
3068,1,3,1
3073,1,2
3074,4,2
3075,2,3
3076,3,3,3
3079,3
3080,2
3081,4,1
3085,3,3,3,4,1
3087,3,4,3,3,4
3088,4,1
3090,4,2
3091,1,0
3092,2,3,3,4,4,4
3093,2,3,4
3094,3,1
3096,1
3097,3,3,1
3099,2,2,2
3103,2,2,4
3104,4
3106,2
3111,2,3
3112,3,4,3,3,4,2
3113,4,3,4
3114,2,4
3117,3,4,4,4,4
3118,0,3,4
3122,1,1
3124,2,3
3125,0,0
3126,2,2,2,2,2
3129,3,4,2,4,3
3130,4,2,4,3,4
3131,3,3,4,4,3
3132,3,4,4
3135,2,2,3,2
3136,4
3139,4,4
3140,3
3141,2
3142,2,1
3144,4
3145,3,2,3
3146,2
3149,2,4
3151,4,4
3152,4,2,2
3154,4,4,4,2,4,3,2
3160,1,0,1,0,0,0
3162,1,0
3163,2
3165,3
3167,3,3
3169,2,3,3,2
3170,3,2,3
3171,3,3
3172,3,2,3,3
3175,4
3176,2
3179,1,0,0,0
3180,2
3182,3,3
3183,4
3184,4,2,3
3185,1
3186,3
3187,4,4
3191,4,3,3,3,3
3195,4
3198,2
3200,0,0,0,0,0,0,0,0
3201,4,4,3
3202,0
3203,4
3204,3
3205,4,4,4
3206,0,0,0
3208,1,3,3,4
3209,2,2,2,1,2,2,4
3210,1
3213,3,2,1
3214,2,3,3
3215,0
3217,3,0
3218,2,4
3219,3
3221,4
3222,3,2
3224,4
3225,3,1
3226,4
3227,3,0
3230,4
3231,3
3234,4
3237,3
3239,3,3,3,4
3240,1
3241,1
3243,4
3245,4
3248,2
3252,2,3,3,3
3254,0
3256,3,2,3
3257,2,2,2,3,1
3260,4
3261,1,4,4,3,3,4
3262,1
3266,1,3
3267,3
3269,3,4
3273,4,2
3274,4,4
3275,0,0
3277,1
3278,2,4,2,3,3
3279,2,3,2,3,2,2,3,4,3,1
3280,3,3
3281,2,2,2,2
3285,3
3288,1,0,1,3
3289,3,4
3290,2,2
3293,3,3
3296,1,0,1,1
3297,1,4,4
3300,3
3301,3
3304,2,3,0,2,3
3306,4,3,3
3307,3
3309,4,2,3
3310,2
3312,2
3313,3
3314,0
3319,0,0
3320,2
3321,4,4,4
3325,3,4
3326,0
3327,4,4
3330,3,2
3333,0,0
3336,2,2,1,1
3337,3
3343,2
3346,2,2,3
3347,3
3351,4
3352,0,1
3355,2,1,1,3,3,3,1
3356,0
3357,3,3
3358,2,2
3359,4
3361,4
3362,2,3
3364,4,4
3365,3,4,3,4,3
3366,3
3368,3
3370,3,3,2
3373,4,4
3374,1,1
3375,2
3376,2,2,2,2,2
3378,4,4
3379,4,4,3
3380,3
3381,3
3383,2,4,3
3384,2,3
3385,3
3386,4,3
3388,3
3389,2,2,3,3,2,4,4,2,1,3,3,2,3,2,3,4,3,4
3390,3,3
3391,3
3393,4
3394,3,3
3395,1
3396,0,1,1
3398,3,3,4
3400,4,4
3402,4,4
3403,4,3
3404,4,4
3408,3,1
3412,1
3416,2,2
3417,0
3418,4,4,2,2,3,4,4,3,3
3419,2,2,2
3420,3
3421,2,3
3423,3,2
3426,4,1,2
3431,2
3432,2,3,3,2
3434,4,3
3436,3
3439,0,0
3441,0
3442,3,3
3443,0,1,0
3445,2,3,2
3447,0,0,1
3449,1
3451,2,3,3,3,4,4,3
3456,2,2,1,2,2,2
3457,3
3460,2,3
3461,4,4
3462,3,3,2,2
3464,2,2
3468,4
3470,4,4,4,4,4,4,4
3471,0
3472,4,4
3473,4,4,2
3476,4
3478,0,3,1,1
3479,2
3480,3
3482,4,3
3483,1,1
3484,1,3,1
3485,3,3,3
3486,0,0
3490,4,4
3492,4,4
3493,3,2,4,3,4,4
3496,1,2
3498,1
3499,2,2
3501,3
3502,3,1,0,1
3504,4,4
3507,4
3508,3
3513,2
3515,2,3
3516,4
3518,3
3519,1,1,1,1,1,3
3522,4,3,4,3
3523,2
3525,2
3528,0,1
3531,4,2,2,2
3532,2
3534,4,4,4
3535,0,0,4
3536,3
3537,1,1,0
3538,4
3540,1
3541,4,1,0,3
3542,1,2,0
3543,2,4
3547,3
3549,1,1
3550,3
3551,3
3554,3,4,3
3555,0
3556,3,4
3559,3
3560,3
3561,4
3562,2
3564,4,4,4,4
3565,0,0
3567,2,2,2,1
3568,3,2,3
3569,3,3
3570,4
3572,4,4,4
3574,3,3
3576,4,3,4
3577,4
3588,3
3590,3
3591,3
3593,2
3594,3,4,4
3598,4
3600,2
3604,1
3605,4
3607,0,2
3612,3,4,3,4
3613,2,2,2,2,2
3615,4
3616,4
3617,1
3618,4,4,4,3,3,3,3,3
3620,4,4,4
3621,3,4
3622,3
3623,3,3
3624,3,3,3,3
3627,2,3
3628,1,1,1,0,0,1,1
3629,3,4,4,4
3633,2
3634,4,2
3637,3,3
3638,1
3639,0
3644,0,0,1
3646,2,2
3650,4,2
3651,4,4
3654,2,3
3655,4
3656,4,3
3657,3,4
3660,1,4,0,3
3661,3,3
3662,3,4
3663,3
3664,3
3665,2,4
3666,4
3667,3
3668,3
3669,3,4,4,1
3670,3,2
3671,3,2,3
3672,3
3674,0,3
3677,3,4,3
3678,2,2,2
3679,1,1,1,0,1,0,1
3680,1
3681,3
3685,2,2,2,2,2,2,2,2,2,2
3686,3,4
3687,4
3688,3,4,3
3690,4,4,4,3
3691,4,4
3692,3,4
3693,4
3694,2
3697,4,4,4
3703,3,3
3704,2
3708,3
3710,4,2,2,2
3711,1
3712,3,3,2
3713,4,3
3716,1
3718,3,1,1,0,1,1
3720,3,3,3
3721,4,3
3728,4
3729,1,0,1
3731,2,4
3733,4
3734,3,3
3736,1,1,0
3738,3
3739,3
3742,3
3743,3,4,4
3746,3,4
3749,4,2
3752,0,0,1
3754,4,2,2
3757,1
3759,4
3760,4,4
3762,3,2,3
3764,4,3,3
3767,1
3768,1
3769,0
3770,3,4,3,2,2
3771,3,4,3,4,3
3776,3
3778,1
3779,1
3780,3,4,4,3
3781,4,4
3785,0
3789,2,3,4
3790,2,2
3792,4
3794,3,3
3799,4,3
3800,3,3,4
3801,4,3
3802,4,3,4,4
3803,3,3,3
3804,2,3,4
3805,3
3806,1,1,0,0
3807,4,4
3808,4
3809,3
3811,4,4,2
3812,2
3815,4
3816,1
3817,3,4,3
3820,3,4,4,4
3821,1
3827,3
3828,0,0
3830,2
3832,4,4
3835,4,4,2
3839,0
3842,4
3844,4,3,2,2
3846,3,4
3850,0,0,1
3857,1
3858,3
3859,3,2,2
3860,4,4,4,2,2
3861,3
3863,2,4,4,4,4
3865,2,2
3867,0,0
3870,1
3872,2,2,3
3874,2,3
3876,3,3
3877,1
3878,1
3880,2,4,4
3881,4,4,3
3882,4,2,2,3
3883,2,4,3,3,3,3,4
3884,4,4,3
3885,2
3887,3,4,3
3889,4
3891,1,1
3893,2,0
3894,0,0
3896,4,4,3
3897,4,2,2,4,2
3899,2
3900,2,2,2,4
3901,3
3903,1,1,1,1
3904,4,2
3907,3,4,4
3908,4
3909,4
3915,3,3,2
3916,1
3921,3,3,4
3922,1
3926,3
3927,3,3,2,2
3931,2
3933,0
3934,4
3938,3,0
3940,3,3,3,3
3941,3
3943,3,2,3,3,4
3945,3
3946,2,4
3947,3,3,3
3948,0
3950,3,4
3951,3,1
3953,3
3954,3,3,3,3,4,2,4,0
3955,1,0,1
3957,4,4,4
3961,0,0,0
3966,2,2,4
3968,4,2,4,3
3970,4
3971,4
3972,0,0,0,1,1,1
3973,0,1,3
3974,3
3975,3
3976,4
3977,3,3
3978,0,0,0,3
3979,0
3980,1
3981,4,3,2
3983,4,3,3,1
3984,4
3985,2,4,4
3987,1,1,3
3990,2,2,4,2,3,4,2
3993,4
3994,3
3995,4,4,4,4
3998,3,3,4
3999,1,1,1,0,0
4000,3,1,3
4002,4,3,4,2,3,4
4003,4
4005,3,3,2
4008,4
4009,0
4010,0
4011,0,0
4012,4,4,2
4013,4
4014,4,4,3
4015,2
4017,3,4,3,3
4018,2,3,4,3,4
4019,3,3,3
4021,1
4022,3,4,4
4023,3
4024,4
4025,2,3
4030,2,1
4032,2,3,4
4035,1
4037,4,3
4038,1
4040,4,4
4041,4
4044,1
4045,4
4047,2,2,2,2,2,2,2,2,2,2,2
4048,3,2,2,4
4049,3
4051,4,4
4052,4
4053,3,3,3,2,2
4056,4,3,2,3
4057,4
4058,0,3,4
4059,2,4
4062,4
4065,4
4067,1
4068,4,4,3
4070,4,3
4071,3,3,2,3
4072,1
4073,3,3,2,2
4076,2
4078,1
4086,3
4088,4,3,4,4,4
4091,3,2
4092,2,2
4094,0
4097,1
4101,2,4
4103,4
4104,3
4105,0
4106,0
4107,1
4109,3
4113,3,4,4
4118,4,3,4,3,2,4
4119,4,3
4120,4,4
4121,3
4125,3
4126,2,4,4,4,4
4131,4
4133,3,2,2,2
4134,3,4,2
4135,3,3
4136,3,4,3,3
4138,4,2,4,3,3,3,2
4139,4,3,1
4140,3,2,3,4
4141,1
4143,1
4146,4,4
4148,3
4149,4
4150,3,3,3
4151,4
4153,4
4154,0
4158,3,4,3,3,4,2,3
4159,3,4
4163,4,4,4,4
4164,4
4166,3,2
4169,2
4173,2
4174,2
4176,3
4177,2
4179,4,4,4
4183,4,3,3,2
4184,2,3
4186,4,3,3,3
4187,3,4
4190,3
4191,2
4193,2,3
4194,4
4195,4,4
4199,4,4,4,4,4
4200,0
4204,4,4
4206,3,2
4209,4,4
4211,4,3
4212,4
4214,3,0
4215,1
4217,3,4,2,2
4220,4
4222,4,4
4225,4,3
4226,0
4227,1,1
4231,4,2,2
4232,3
4237,3,4
4241,0,0
4242,3
4246,3
4247,2,4
4252,1,3,3
4253,4,2,4
4254,2
4255,3,2
4258,4,4
4260,4,4
4263,4,3,3
4265,3,3,4
4267,4
4271,1
4272,0
4275,3,3,2,2
4276,2
4278,2,3
4279,4,2,2
4280,2,2,4,3
4284,3
4286,4
4287,2,4,2
4288,1,3,2,1,3,4
4289,3
4291,4
4293,4
4295,4,4
4296,2,2,2,4,4,4
4298,2,4,4
4300,4,3
4302,2,2,3
4305,2
4306,4,4
4307,4,2
4308,4,4
4309,3
4310,3,3,3,4
4311,2,3
4312,0,1,0,1
4313,0,0,1
4316,2
4317,3
4319,2,1
4321,3
4322,3
4326,4,1,0
4330,2,2,3,3
4332,4
4334,3
4335,3
4336,4,4,2
4339,3
4342,2
4343,3
4344,3
4348,0,0,0
4350,2,0
4353,2,2
4356,3
4357,3
4359,0,0
4360,2,3,2
4363,4
4365,3,4,3
4367,4,4
4369,3
4370,3,2,2
4376,4
4377,4,3,4
4379,4,2
4382,4,4
4384,3,4,4
4386,3,3
4388,0,0,0,0,0
4390,1,0,0,0,0,0,0
4392,1
4393,4
4394,1,0
4395,4,4,4
4396,2,2,2,3,2
4397,4,4,4,3,3
4398,2,4,4,2
4399,3
4400,2,2,2,3,2,3
4402,4
4403,3,1,3,4
4404,4,2,4,4
4405,3,4,3
4406,1,0
4407,2,3,1,4
4409,3
4411,1,2,2,2
4412,1,1
4413,4,3
4414,0,0,0,0,3
4416,0
4421,2
4422,4,4,4,4
4424,3
4425,4,3,3
4427,4,2,3,3,2,0,2
4428,3
4430,4
4431,4,4
4432,4
4433,4
4434,1
4435,4,2,4
4441,1,1,3
4442,3,4
4443,4
4445,4,2,2
4446,3,2
4447,3,3,4,4
4449,3,3,4,3,4,4,4,3,2,4,4,4
4451,4,4
4452,1
4453,4
4454,4,3,3
4457,4,3,4,2,3
4460,3,3,4,4
4461,4
4462,3
4467,4
4468,4,4,4,4,3
4470,4,4,4,4
4473,4
4474,4,4,3,2,4,3
4476,0,0,3
4477,1,1,0,1,0
4478,4
4479,3,3,3,2,3
4486,3,3,1,3
4491,1,1,1
4492,2
4493,1
4495,2,3,3
4497,3
4500,4,4,4
4501,0,0
4502,4
4505,3,3
4506,1,1
4510,4
4511,4,4,4
4512,2,3,3,3,3
4513,0
4519,4
4521,0
4525,4
4528,2,2,2,3,2,4
4529,4
4530,4
4531,4
4532,1,4
4533,3
4535,4,2
4536,1,3,1
4537,3,3
4538,3
4539,3
4541,3
4544,2,2,2,3,1
4546,4,4
4547,4,3
4548,2,3
4549,3
4552,2
4554,3,2
4556,3
4557,2
4558,3,4
4560,4
4561,2
4562,4,4
4563,2,2,2,4
4565,2
4566,3
4567,4,3
4569,3
4570,3,4,3,4,4,2
4571,3,4
4573,3,2
4579,0
4580,3
4581,3,3
4582,0
4583,3,4,4,4,4,4
4585,4
4586,3
4587,4
4592,2,4,4
4593,2,3
4594,4,4,3,3
4595,4,2
4596,4,4,4
4598,3,4
4600,4,2,4
4601,2,4,2
4602,4,4,4,3,3,4
4603,4,3,4
4604,0
4610,2
4612,0
4613,4
4614,1
4615,2
4617,4,4,3
4619,1
4620,3
4622,3
4627,3,3
4629,2,2
4630,4
4631,1
4633,0,1
4634,1,2,2
4635,4,4,2,3,3,3
4637,4,3,4,3
4638,3,3
4641,3,3,4,3
4642,3
4643,4,1
4645,0,0
4646,2,4
4647,3
4649,1,3,1
4650,4
4651,0
4652,2,3,3,3
4653,4,3,4
4656,0,1
4659,3,3,3,3
4660,3
4661,4
4662,4,2,3,4,4
4664,0
4667,3,3
4672,3
4673,4,3
4674,0
4678,4,4,4,4
4679,2,4,3,3
4680,2
4684,1,0
4685,3,3,4,4,2,2,2,2,3,3
4687,4,3
4688,4,4
4689,1
4691,4,3
4692,4,4,4
4694,4,4
4695,3,4,3
4698,1
4702,4
4706,2
4707,2
4709,1
4710,1,3
4711,4,2
4713,0
4714,4,3
4715,2,2
4716,2
4717,0,0
4721,4,4,2
4722,1,0,1
4726,2,3
4727,2
4729,3,4,4
4731,3
4732,2
4734,4
4736,4
4739,2
4741,3
4742,1,0
4745,3,4,4,4
4746,2
4749,2
4750,3
4751,4,3,3
4756,1,1
4760,3,3,3,4
4761,3
4763,4,4,3,4,4,4,4,3
4764,3,3,2,2,3
4765,3,4
4768,4,4,3,3
4769,3,1
4773,1,0
4774,4
4776,3,3
4777,4,3,2,4,4,3,1
4778,2
4779,3
4780,0
4782,0,1,1,1,0
4783,4,4,2,3
4788,2,4
4790,4,4,3,4
4791,3
4792,3,1,3
4793,0
4794,3,4
4795,4
4796,4,4,4
4797,2
4804,2,3,2,3
4807,0,1
4811,3
4812,0
4815,2,2,2
4816,1
4819,4,2
4820,2
4821,1,0,1,0
4822,2,4,2
4823,3
4824,3,2,3,3,2
4825,4
4827,3,3,2
4828,2
4829,3
4832,3,4,2
4833,2,3,3
4834,4,2,4
4835,1,0
4837,3,3,3
4840,3,3,4
4844,4
4845,4
4846,1,0
4848,3,4,4
4850,3
4851,1
4852,3,3,3
4856,2,2
4858,1,0,1
4861,1,3,3,3
4862,4,3
4863,0,1
4864,3,2,3
4866,4
4868,1
4869,3
4872,1,1
4873,3
4874,1
4876,4,2,2,4,4
4877,4
4879,0,3,1
4883,3,1
4886,2,2,3
4888,2,2,3
4891,4,3,4,1
4894,3
4895,0
4897,2,2,2,2
4900,2,4,4
4903,3,3,3,3
4904,4,2,3
4905,4
4906,2
4907,1,0,0
4908,2
4909,1
4911,3
4912,3
4913,3
4914,3,2,2,2
4915,3,3
4917,4,4,3,4
4919,4,2
4920,4,2,3,4,4
4923,3,1
4924,3
4928,1,0
4930,4,3,4
4933,2
4935,0
4937,2,0,3,3
4939,4
4946,2,2,2
4947,2
4949,4
4950,4,4
4951,3
4952,2,3,3
4955,3,2
4957,1,0,1
4959,2,2,2
4962,3
4963,2,3,4,4
4966,4
4968,0
4969,0,4,1
4970,4,4
4972,4
4973,3,3
4974,3,2
4977,2,2
4978,2,4
4979,2
4980,2
4981,4,4
4987,1,3,3,3,3
4988,4
4990,0
4992,0
4995,2
5000,3
5004,1
5005,1
5007,2
5008,4
5010,1,2
5011,3
5013,3
5016,3
5021,3
5025,1,3,0,3,1,1,3,1
5026,0,0
5027,0,0,1
5029,0
5030,4,4,2,4,4
5033,3,0
5034,2
5035,2,3
5037,4,3
5038,2
5041,2,2
5042,4,2
5043,1,0
5044,1
5046,3
5047,2
5048,3,2,3
5049,4,4,4,4,4,4
5050,4
5052,4
5053,3,2,3
5055,3
5056,4,4
5058,4
5060,3,3,3,3,3
5061,2,4,3,4,4,4,4,4
5063,1
5065,4,2,4
5068,4,3,4
5069,0
5070,4,4
5072,3
5074,0,1,1
5078,3,2
5079,4
5080,3
5083,3
5084,4,4
5085,4,3
5086,4
5087,2,3,3
5089,0,0,2,1
5091,3,1,1,1
5092,1,0
5094,3,2
5097,0,0
5098,4
5099,3
5100,2
5103,3
5104,4
5109,3,4,2,2
5110,3,3,3,3
5115,0,1
5118,4,2,2,2,2
5119,3
5121,4,4,3
5122,3,3,4
5123,4,3,2
5125,3
5126,4
5127,0
5128,0
5132,2,2,3
5136,4,2
5137,4,4
5138,3
5140,4,2
5142,4
5143,3
5147,2
5148,0
5149,4
5150,1
5151,4,3,4
5152,4
5153,1,0
5156,1
5157,3,2,2
5160,4,4,2,2,4
5162,2,2,2,2
5164,0,1
5165,4,3,4,2
5166,3
5167,1
5169,0
5171,4
5174,2,2
5175,0,0
5181,3
5185,3
5186,3
5187,0,1
5189,1
5191,3,0,0,3
5192,2,4,4,2,4
5193,2,1,3
5194,4,3
5201,0,3,1,2
5206,2,3
5210,4,3
5211,4,4
5212,3
5215,2,4,2,2,3
5216,1,0
5218,4,4
5219,0,1,1
5222,2,3,3,3
5225,3
5228,0
5229,1
5232,4,3
5233,3
5234,3
5235,4,4
5236,3,3,2,2
5237,3,2
5238,0
5239,2,2,1,1
5241,1,2,1
5242,4,4,4,3
5243,4
5245,3,4
5247,1,1,0
5248,2,2
5250,0
5251,3
5256,2,2,2
5260,2,3
5262,4
5263,3,4
5264,3
5266,3,4
5267,4
5270,4,4
5273,3,3
5275,2
5278,2,1,2
5279,4,4
5281,3
5282,3,3,3,3,2,1
5283,1
5284,2
5288,4
5290,4,1
5293,3
5295,3
5298,2,3
5299,4,4,3
5301,4
5302,2,3,3
5305,3,3
5308,4
5310,4
5314,3,4
5322,3,2,2,2,2,4,2
5323,4
5325,2,3
5326,2,4,4
5328,3
5329,4,4,3,3
5333,3,3
5334,0,1
5336,3
5338,3,3
5340,3
5341,3,4,3,4
5342,3,3
5344,3,3,3,3
5345,3,3,3
5349,4,2,4,4,4
5352,3
5358,1,0,3
5360,4
5362,1
5363,4
5365,2,2,2
5367,2,4,4
5375,4,4
5380,3,2
5385,3,1,1
5386,2
5387,3,3
5391,2
5393,4,4
5394,2,3
5396,0,0,2
5397,4
5400,4,4,4
5401,2,4,4,4
5402,4,4
5403,0
5406,3
5408,1,0,0,0,0
5410,3
5411,4
5412,3
5413,0
5414,1,2
5417,0,0
5418,3,3,2,3
5422,3,3
5423,4,2,2
5424,0,0,0,1,0
5428,2,4,4
5429,3,3,2
5433,2
5434,3,2,2
5437,4
5438,4,4
5439,3,2,3
5441,1,3,1,1,3
5444,4
5445,4
5447,4,2,2,4,3
5448,2,2
5450,2,2
5451,3,3
5452,0,3
5453,2,4
5456,1
5457,0,1
5458,4,3,4,3,3,3,4,3,4,4,4,4,4,4,3,4,4,3,3,3,3,4
5459,1,0
5460,2,2
5461,1,1,1,1,1,0,1,1
5465,2,3
5468,2,2
5470,3,3,3
5472,3,2
5474,4
5475,4
5477,4,3
5478,0,1,1
5480,3
5482,1,0
5483,1,1
5485,0
5488,4,4,4
5489,3,2,4,2,4,4
5490,4,4
5491,4
5494,1,2,1,3,4
5495,4,4,4,4
5496,3
5498,4
5499,4,4
5500,2,3
5501,4
5502,3,3
5503,4
5504,3
5505,0,3,0
5506,4,2
5511,2,4
5512,2,4,4
5513,0,0
5514,4
5517,3
5520,1,1
5523,1,0,0,1,1,0,1,1
5528,2
5531,3
5533,4
5535,4,1,3
5536,1,1,2,3,2,3
5537,4,4
5539,4,2
5541,1
5542,0,0
5544,2,4,4
5545,4,4
5546,4,4,4,2,4,2,2,2,2
5548,3,3
5550,2,2
5553,4
5554,1,0
5555,2
5556,1,0
5557,1
5560,0,1
5562,2,1,2,1,2
5563,4
5564,4
5566,3,2,3
5569,4,4,4,4,4
5570,3,3
5571,4,4
5573,1
5574,0
5575,0
5577,3,3,4
5578,1
5579,4
5585,2
5589,4,3,4
5590,4,0
5591,4,4
5592,1,0
5593,4
5594,0,0
5595,2,2,2,2,3,2,3,3
5596,1
5598,4,4
5599,1,3,4,4
5603,3,3,2,2,2,4,2
5604,4
5606,3,2,4
5608,4
5610,4,3,2,2
5611,4,4,4
5612,4,4,4
5613,4,4
5614,3,4
5616,2,3,4
5617,3
5618,1
5620,4,3,3
5623,2,1,0,1,4
5626,3,3,4
5628,3,4
5630,3
5632,2
5633,3,3
5634,3,2,2,3
5635,2,2,2
5637,2,4,4
5640,3
5642,4
5643,4
5646,4
5648,1,1,3,3,4,3
5649,1
5652,4,2,4,4,4,4
5656,3
5657,4
5659,2
5663,4,3,3
5667,2
5669,3,3
5670,4,4,4
5674,0,0
5679,1
5683,3,4
5684,3,3,0,2,0,3,1,0,4
5685,3,4,3
5686,3,4,3,3,3,1,2
5688,3
5690,1,0,1
5691,3
5696,3
5699,2,3,3,3
5700,1
5701,2,1,1
5705,0
5706,4
5708,4
5709,3,2,2,2
5710,4,2,2,3,4,3,2
5711,0
5714,2,3
5716,2
5718,4
5719,2
5722,4
5723,4,4
5724,4
5726,0,0,0,0
5728,4
5731,2
5732,1
5733,0,1
5734,4
5736,1,3
5737,4,2
5739,0,0,0,0,0
5741,2
5742,3
5743,4,2,3,2,3,3
5746,4,3,2,3
5747,2
5749,2
5752,3,3
5753,4,4,3
5754,3
5757,1,3
5758,3,3,3
5760,1
5761,3,2,2,3
5765,1,0
5768,3,3
5769,4,2,4,3,2
5771,3
5772,3,3
5777,3
5780,4,2
5781,3
5782,2,2
5783,4
5789,3,3
5794,3,2
5795,3,3,4,2,4,4
5797,0,2,4
5798,0,0,1
5800,3,2
5801,3
5802,1
5803,4,4
5804,3,2
5805,3,3,3,3
5806,3,3
5807,4,2,2
5808,3,2
5812,4,4
5813,1
5814,4
5815,2
5816,3,3
5818,4,3
5819,3
5823,4
5826,3,4,4
5827,3,2,3
5828,3,1
5829,3,4
5830,3,4,4,4,3,2,2,2
5831,3,3,2,2,2,3
5834,1,2,2
5835,4
5837,2
5839,0,1,0,0,0
5843,4
5844,3
5845,1
5846,1,0
5847,3
5848,1,3
5849,3
5851,2
5852,4,3,2,3
5853,3
5856,3,1,1,0,4,2
5857,4
5859,3,1
5860,1,3,1
5862,1
5863,2,3,4
5864,4,4
5865,3
5866,1
5867,3,4,3,3
5868,3,4,4
5871,2
5872,2
5873,2,2,2
5874,1
5876,0
5877,3
5881,3,3
5882,4
5883,0,2,2
5885,3
5889,2,2
5890,4,4,3
5892,0,0,0,1
5893,2,2
5895,3
5896,3,4,4
5897,4
5900,2
5901,3,4
5902,4,3,4,3
5903,4,4
5904,3
5906,4,2,3
5912,4,3
5915,3,3,4,3
5917,3,3,4
5918,4,3,4
5919,2,3
5922,4
5927,3,2,3
5928,4,4
5929,4
5930,2
5931,2
5932,4,2
5935,2,2,2,2
5938,3,2,4
5940,4
5941,3,4,2,2
5942,1
5943,1
5944,3
5945,2
5950,4,3
5952,3,3,4
5955,0,0
5956,3
5958,3
5959,4,4,4
5963,4,2,4,3,3,2,3,4,3
5964,3,2
5965,4
5966,4,3,3
5969,3,2,4
5970,2,2
5973,0
5975,1,2,2,0,0,0,0,0,1,0,1
5978,3
5979,2,3
5980,2
5981,3
5982,3,4,4
5984,3
5985,4
5988,3
5989,4,4,2,4
5990,1
5991,3
5992,1,3,3,3
6001,4
6002,3,3
6003,4
6004,3
6005,3
6006,4,4,3
6007,3,2,4
6008,2
6009,4
6010,2,3,4,3,3
6011,1,3
6012,4
6015,2,2,2,1,0,1,1
6019,3,2
6020,3
6022,3,3,2
6025,3,3
6027,0,0
6029,4
6033,3,3,3
6034,4
6035,1
6036,3,3
6047,3
6049,3,4,4
6050,3
6051,1,1
6053,2
6055,1,0,0,1
6056,1
6058,1,1
6059,4,4
6060,1
6061,3
6062,0
6064,3
6067,4,2,2
6069,0,0,1
6070,4
6074,2,4
6075,3,2
6077,4,3,4
6078,3,1
6079,4
6081,3
6088,3,0
6091,0,0
6093,1,1
6096,2,3,2
6102,3,3
6103,3,2
6104,4,2,3
6106,4
6107,4,3,3,4
6108,2,2,2,2,2,2,2
6109,4
6111,4,4
6114,1,2,2
6116,2,2,2,2,4
6118,3
6121,4
6125,4
6127,4,3
6129,2,2
6134,0
6136,2,4,4
6137,4,2,2,3
6138,3,3,3,3,3
6140,3,3
6142,2,2
6143,4
6144,4,3,2
6147,0,1
6150,0
6151,1
6152,0,1
6155,2,4
6156,4,4
6157,2,4,3,1,2,3
6159,2,1
6161,4
6162,1
6164,4,2,2
6166,4,4,3
6167,0,2
6168,2,2,3
6170,3,2,0,3
6172,2,2,4
6173,3
6176,1,1,3,3,3,4,0,2
6177,2,4,3
6178,3
6179,4
6181,2,2
6184,3,3,3
6187,2,2,4,4
6188,4
6190,1,1
6194,3,4
6195,3,2,2
6196,2
6197,3,1
6200,1,1
6202,3
6203,4,4
6205,4,2
6208,0,0,0,0,0
6209,2,3
6210,2
6211,3
6212,3,1,2,2
6213,4
6216,1,1,1
6219,3
6220,1,1,1
6221,0,1
6222,3,4,4
6223,1
6224,2,2
6226,2,2
6229,3,2
6233,2
6234,2,2,2,3
6237,2,4
6240,0,0,0,0
6241,3
6245,0
6246,0
6247,1,0,0
6251,2,2,2
6252,3,2,2,2
6253,1
6254,4
6258,3
6259,0,0,0
6260,1,1
6266,1
6269,1,3,0
6274,2,3,3
6275,3,1,1,1
6276,4
6277,4,4,2,4,4,3
6278,4,3
6280,4
6281,4,4,2
6282,3,3
6283,3,3
6285,4
6286,1,3,2
6289,4
6290,4
6291,4
6292,4,2,2,3,4,4,4
6293,0,0,0,1
6295,4,4,3,4,3,3,4
6296,2,3,1
6297,2,4,2
6299,4
6300,3,4
6301,4
6304,4,3,3
6305,2
6306,4,4,4
6307,4
6308,2,4
6309,4,4,2
6310,4,4,4,3
6311,4
6312,2
6313,2,0
6316,3,3
6317,3
6318,3,4
6319,3,4,1
6321,1
6322,4,3
6323,1,0,1,1,1
6326,2,4
6327,2,2
6328,2
6329,4
6333,4,3,4
6334,3,4,3
6335,4,2
6336,4
6342,0,0,0
6348,4
6349,3,4
6352,3,4
6354,4,4
6356,2,3,4,4
6359,2,2,2,2,2
6360,4,4
6363,4
6364,0
6366,0
6369,3
6370,2,2,2,3
6371,4,4
6372,3,0,0,0,1,3
6377,3,1
6378,4,2
6380,3,2,4,4,4
6381,3
6383,4,4,3,1,3
6384,3
6387,3,3,2,4
6388,2,2
6391,3
6393,3
6394,2,0,1,1,4,3,3,2
6395,4
6396,1,1
6398,4,4,4
6400,3,3
6401,1
6406,4
6410,4,3
6411,4
6413,2,4,4
6414,4
6415,4,1,3,2
6416,2,4,4,4
6417,4,2
6419,4
6422,3,4
6424,4
6425,3,3,3,3,3,3,3,3,3,3
6426,2
6427,4
6428,3
6432,1
6434,4,3
6435,3,2,4
6439,2,3
6442,2
6444,3
6447,2,3
6448,0,0,0,0
6449,4,2
6450,3
6451,4,4
6452,4,3
6454,2,3,3,3,4
6455,4,4,3
6458,4,2,4,3,4
6459,1
6462,2,1,4,2,3,2
6463,3
6464,0,3,1
6465,0,0
6466,3,2,3
6468,3,4
6469,0,0,0,0
6471,2
6475,4
6479,0,0,0,3,1
6481,1
6482,3
6483,3
6485,4,4,2,2,2,2
6486,1
6488,4,4
6489,4,4
6490,1,0,1
6491,2,3,2
6493,1,1,0,3,0,1,1,0
6495,3,2,3,2
6496,2,2,2,2
6498,2,0
6499,1,0
6502,3,3,3,3,3
6503,2,3
6506,0
6507,4,3,3,3,4,1
6509,2,2,2,2,2
6511,4
6512,0,1,0,1,0,0,0
6513,4
6514,1,1
6515,1
6516,0,1,1,1
6517,3
6520,3
6525,4
6526,3
6528,0
6529,1,4
6532,0,0,0,1
6536,4
6537,4
6540,4
6542,4
6543,2,2,3
6544,2,3,2
6546,4
6547,3,2,3
6548,4,2,4
6549,2
6550,2,3
6551,3,4
6552,4,4
6553,3,2
6554,2,2,2
6555,4,2,3,3
6556,2,2,2
6558,3
6560,0,0,0,1,1,0,0,0
6562,4,3
6563,3,4
6564,3,3,2,2
6568,1,4
6569,0,0,0,1,0
6570,3
6571,3,3,1
6574,3
6575,4,4,4
6578,3,3,3,3
6579,3,3,2
6583,3
6585,3,3
6586,1
6587,0,0,0
6588,0
6593,1,0,0,1
6595,4,3,4
6597,4,4
6600,0,0
6602,1
6603,4,3,4,4,4,1,4,4,2,2,2,2,3,3
6605,3,3
6606,1,0,1
6612,4
6613,2,3,2
6614,0,0,0,0,0
6617,2
6619,2
6620,4
6623,4,4,4,2
6624,4
6626,3,3,2,2
6628,4
6629,2
6630,2,2,3
6632,0,0
6633,2,3,3,3
6634,3,4,3
6636,4,4,2
6637,3
6638,3,3
6639,4,1
6640,0,1
6642,3
6646,3
6649,4,3,3
6650,0
6651,3,3,3,4
6652,0,0,0,0,1
6653,3,1
6654,3,3
6656,3,3,3,3
6657,2
6658,3
6661,1,1,1,0,0
6662,3,4
6664,2
6665,4,3,3,3,4,2,3,3,3
6668,3
6670,0,0
6671,4
6672,4
6674,2,4,4
6676,4,3,2,3,4,3,3
6677,3
6680,3,2,2
6682,2,3,2
6693,4
6694,3,2
6695,1
6700,2,3
6704,3
6707,1,4
6708,2,4,2
6709,2
6710,4
6712,2
6713,4,3,4
6716,1,0,1
6718,3,2
6720,0,0
6721,0,0,0,2,0
6722,2
6726,3,2,2,3
6727,0
6728,4,2
6729,1
6730,1,0,0,1,0,0
6731,3,3
6732,1
6733,3
6736,3,4,3
6737,0,3,2,4,2
6738,4,4,3
6739,3,3,4
6740,4,1,2
6741,1
6744,3
6745,4,1,2
6749,2,3,2
6756,3,4
6759,4,3
6760,0,1,1
6762,3,2
6764,3,3
6765,4,4,2
6767,1
6773,2,2,2,2
6774,3
6775,1,1,1,1,1
6776,4
6777,2,2
6779,4,4
6780,3,2,2
6781,2,2,3
6783,3
6784,3
6786,1,3
6787,3,3,3
6789,3
6790,3,2,4,4,3
6791,3,2,4
6792,4
6793,3,4
6794,3
6795,3,3
6797,2
6800,1,0,0
6802,3,3,2
6803,0
6804,4
6805,4,3
6810,4,4,4
6811,0
6812,2,4,2
6813,1,3
6815,4,4,2,4,2,2
6816,4,3
6817,4,2
6818,2
6820,4,4
6822,4,4,4
6823,2,2,2
6824,2,3,2
6825,4
6828,4
6829,4,2,4
6831,4,3
6833,1,2,4
6835,2,1,2,2,2,4
6836,1,3
6837,4
6839,4
6840,3,3
6842,4
6843,1
6844,4,4,4
6845,2
6846,3,3
6847,3
6848,3
6850,3
6852,4,3
6853,0,1
6854,4
6855,4,3
6856,4
6858,1,0
6859,3,1,3
6860,3,4,3
6862,4,4,4
6863,2,2
6868,4,2,2
6869,0
6870,0
6871,3
6872,1
6874,4
6876,0,0
6877,3
6880,4,3
6885,2,2
6886,1,1
6887,2,3
6888,1
6889,3
6892,3,4,3,3,3
6895,4
6896,3,4
6899,3,3,1
6900,4,4,1
6901,1,3,3
6902,0,0
6907,4,4,2
6910,4
6912,3,2,4
6913,4
6914,0,0
6915,0,0,1,1,3,0
6916,4,4,3,3
6919,3
6920,3
6921,2,4,2
6922,3,3
6923,0,1
6924,3
6926,4,3
6932,0
6934,4,4,4
6939,2,2
6941,1,0,2,1,0,1
6942,2,4
6944,1,1,4,3,0
6945,4,4
6946,1,2
6948,2,4
6950,1,1,0,1
6951,4
6953,4,3
6954,3
6955,0,1
6956,0
6957,0
6958,3,3,3,3
6961,2,4,2,3
6964,3
6967,4,3
6968,2,2,2,4
6969,4,4,3,3,4,4
6971,1
6972,2
6973,3,4,2
6974,2,2,3
6975,4
6976,2,2
6977,2,1,0,3,2,3
6978,2
6984,4,4
6985,0
6987,2,4
6990,3,4
6992,2,4
6994,1,3
6996,3
6997,3,4
6999,3
7001,1
7003,3,3
7006,1,1,1,3,1
7007,1
7008,1,3,2,2
7014,0,0
7015,3,2,3,3,3
7018,4
7020,1
7021,2,4,4
7022,4
7023,2
7024,3,4,2,4,2,2
7025,1
7026,0,0
7028,2,3
7029,1
7031,1
7032,2,3
7033,3,3,4
7036,3
7038,3
7039,3
7040,3
7041,4,2
7043,2,2
7044,2,3
7046,3
7047,2,2,2,4
7049,3
7051,3
7054,1
7055,4,4
7057,1,1,0,2
7058,4,3
7066,2,4
7067,0,1,0,1
7069,2,2,3,2
7071,3,4,2
7072,3
7073,0,1
7074,1,4
7075,2,3
7076,2,1,2,3,2
7078,4
7079,3
7080,3
7082,3,4
7086,2,4,4,4
7088,1,1
7089,3,1,1,2,1,1,0,0,0,0,0,0,0,3,0
7091,3,3,3
7093,3,4,2,2,3,2
7094,1,0
7096,3
7097,2,3
7099,4
7100,3
7105,1,1,0
7106,3,3,3
7108,1,1
7110,2
7113,3,2
7114,2,2
7118,3
7119,4,2,3,4,4
7120,0,1
7121,1,0
7122,4,1
7123,2,2,4,2,4,3
7127,4,3
7129,4,4,3
7131,1,3,3,4
7132,2,1
7136,0,0
7138,3
7139,2
7140,2,3,3,3
7141,2,4,3
7142,3,1,3,4,2
7145,0
7147,4
7149,0,0,1
7150,3,0,1,3,3
7151,4
7152,0
7157,2
7160,4,2,3
7162,4,4,4,3,2
7163,4
7164,3,2,3,3
7166,4,4
7167,4
7168,0
7170,0
7171,0,3,0,1,0,0,0
7173,2,2,3
7175,2
7176,2
7177,2,4
7179,1
7180,3,1,3
7182,4,2,1
7185,4,3,1,3,3,3
7188,4
7189,3
7190,4
7191,2
7193,4,4
7194,4
7195,4
7198,4
7199,0
7200,0
7202,3,3
7203,2,2
7205,1
7206,1
7208,4
7210,2
7211,4,4,4,4
7213,1,1,1
7217,3,3
7218,4
7219,4,2
7220,4,3
7222,4
7224,4
7225,3
7226,0
7228,3
7229,3,2,2,2,3,4
7231,3
7232,3
7233,2,1
7235,1,1,0,0
7239,3,1,4,3
7241,2,3,4
7242,2,4
7246,4,4
7247,4
7248,3,1
7249,1,3,3,4,3
7250,2
7252,1
7253,3,2,4,2,3
7255,2,2,2,3,2,2,4
7258,4,3
7259,4
7260,2
7261,4,4,4,2
7263,3,3,3,3
7265,3,3,2,2,2,2,4
7267,4,3
7270,3,4,3,3
7272,4,4
7274,0
7275,3,2,4
7276,4
7277,4
7278,1
7281,3,4,4,2,4,3
7283,0,1,0,0
7284,2
7285,1,1
7286,3,3
7288,4,4
7290,2,2,2,4
7291,0,1,0,1,1,1
7292,0
7294,4,3,2,1,1
7296,1
7297,4,4,4,4
7299,3
7301,3,2
7304,2,3,2,4
7306,4,0
7307,3
7309,3,4,4
7311,3,2,2
7314,4,4
7316,4
7319,3
7324,0,1,0,1,0
7327,3,2
7331,2,4,3,4,3
7336,4,4,4,4,4
7338,3,3
7339,1,3,4,2,3,4
7340,4,4,3,4
7341,1,1
7342,2,2,4,3
7343,3,2
7344,3
7345,4,4,2
7348,4
7349,0,0
7350,0,4,4,0
7351,1
7352,4,4
7354,0
7356,0,0
7357,0,0,0,1
7358,2,4
7359,3,3
7360,3,3,4,4,4
7361,3,3,3,3,3,4,3,4,4,3,4,3
7363,4
7367,3
7368,2,4,4,4,2,3,3,3
7371,2
7372,1
7374,1
7376,3
7378,2
7379,4,3,4,3,2,2
7380,3,3,3,3,2,2,4
7381,3
7382,4,4,4,4,4
7384,3,4
7385,4
7386,2
7388,1,1
7389,4
7390,3,3
7391,3,3,3,3,4
7392,3
7393,3,4,3,0,0,0
7395,3,3,4
7397,3,3
7399,0,1,0
7400,3
7401,3,4
7402,0
7408,0,0,1,1
7409,1,1
7410,4
7411,3,2,2,2
7412,3
7413,2
7417,4,4,3,4,3,4,3,3,4,3
7418,1
7420,3,3,3,4
7423,1,1,0,0,0,1
7424,2
7425,0
7426,4,4,4
7427,4
7428,1,4,4,4
7429,3,0,3,4,3
7431,2,3,4,2
7432,4
7436,0
7437,0
7440,2,3
7441,4
7445,4
7446,3
7447,0
7448,2
7449,4,4,3
7454,2,2,3,2
7458,4,4,4,4
7459,3,2,4
7461,3,4,4,2
7465,4
7466,1,0,1,1
7471,4,2,4,3,0,1
7473,3
7478,3
7481,3,3,2,3,3
7485,4,3,3,4
7487,4
7488,2
7492,4,3,4
7493,4
7494,4
7499,1,3
7501,1,1,3
7502,3,3
7503,4
7505,4,2
7509,4
7510,2,3
7513,4,3
7518,4
7519,4,2,4
7521,3,3,3
7522,4,3
7523,3
7524,1,3,1,0
7525,3,3,0
7527,4,4
7528,4,2
7529,4,4,4
7533,2
7534,3,1,3,3,1
7535,3,3
7537,3
7540,1,1
7543,2
7545,4
7546,1
7547,4,3
7548,0
7549,2,3
7551,1,2,4,4
7555,3,0,3
7556,4,4
7558,3,1,1
7559,3
7560,0
7561,2,2,2,4
7562,2,3,2,2
7563,3,4,4,4,2,4,4,3,4,4
7564,0
7566,2
7567,0,0,0,0
7568,4,4,3,4
7569,3
7570,3
7572,4,2
7573,4
7575,1,3,4
7576,0
7578,3,2,2
7581,1,1,1,1,1
7584,4
7585,3
7586,4,4,4,2,4
7592,4,2,4
7593,2,3
7594,3,4,2,3,3
7595,4,4,4
7596,4
7597,0,0,1,0,0,0
7598,3,3,3,3
7603,3,4,2,3,1,1,2,2,4,3
7604,0,1,1,0,0,1
7605,3,0
7608,4,3
7609,1
7611,3,2,3
7612,2
7614,3,4,3,3,3,4,4,4,4
7615,0,1,0
7616,1
7618,0,1,1
7620,3
7621,0,0
7623,3,1,1
7625,4
7626,3,3,3,4
7627,4,4,3
7628,1
7629,3,3,3
7630,3
7631,4,2,4
7632,4,3,4,2
7633,4,3,2,2,3
7634,3,3
7635,4
7639,4
7642,4,2
7643,3
7646,4
7647,2
7648,3,2,2
7649,4,4,2
7651,1,3,3,2,2,3
7652,1,2
7653,3
7655,2,2,2,4
7657,3,2,4,0,3
7659,4,4
7661,4
7662,3
7664,2,3,2,2,2,2,3,3,3,2,2,2,2,2,2,2,2,2
7665,0,0
7667,0
7670,0,0,1
7673,1,0
7674,4,3,4
7675,4
7678,4
7679,4,4
7680,1,0,0,2
7681,3,2,3,3,1
7683,2
7684,4
7685,3,2,4,4,3
7686,1
7688,3
7689,1,1
7692,4,1
7693,4
7694,3,4
7697,2
7698,0,3,0
7699,1
7700,2,4,3,3
7708,2,3
7712,0
7717,3
7720,4
7722,0,1
7723,3,3,3,2
7724,3,3,3
7727,2,2,3,3,3
7728,1,4,4
7729,0,1,3
7730,3
7735,4
7736,2,4,3
7737,1
7738,0,1
7739,4
7740,3,4
7743,2,3,2
7745,1
7749,2,2,3
7752,0,0
7754,2
7755,2,4,3,3
7756,3
7759,4
7763,3,2,4
7765,3
7767,1
7768,4
7769,2,3
7770,2
7771,0,0,0,0,0
7773,2,4
7774,3
7776,3,3,0,3,2
7779,3
7780,0,0
7784,3,3
7786,0
7787,4,3
7788,2
7789,3
7799,2,4
7800,4,3,4
7802,4,3,3
7803,4,3,3,4,2
7805,2
7806,3
7809,3,0
7810,4,4
7812,2,2,2,3,3,3
7817,0
7818,4,3
7820,4,4,4,4,4,3
7821,4,4,4,4,4
7826,4
7829,1
7830,4,4
7831,2
7835,3
7836,3
7838,3,4,4
7839,2
7840,3
7841,0
7842,2
7843,3
7844,3
7848,0,1,0,0
7849,3,4
7853,4
7854,4,2,2,3
7856,3
7857,2
7858,2
7859,3
7860,1,4
7863,2,2,1,3
7864,0
7866,4
7868,3,3,3,0,0,0,1
7869,4
7870,1,1
7876,3,2,2,1,3
7877,2,2
7879,3,3,4,3
7881,4,4
7884,3,3
7887,4
7888,4
7889,4
7890,0
7891,3,2,3,3
7894,4
7895,4
7896,3,3,3,2
7897,0
7898,3,3,4,4,3
7899,4,3,3,2,3,4
7900,4
7901,2,2,2,2,2,2
7903,3,4
7905,1,3
7906,0,0,0
7908,1,3,1
7909,4
7910,3,3
7911,2,3,3,3,3,4,3
7912,2,2
7913,1,3
7914,1,1,3
7918,4,4
7919,2
7923,2
7925,1,1
7927,2
7929,3,4,3
7931,4,3,2
7932,4,3
7933,0
7934,3
7936,3
7937,1
7939,3,2,3
7944,4
7945,4
7947,0
7950,4
7954,4,2,2
7955,3,4,4,4
7957,4
7958,3,0,1
7959,3
7960,4,4
7962,4
7965,2,3,4
7966,3,2
7967,2,2
7969,3
7972,4,3,1
7974,2,3
7975,3,2,2,3,3,2
7977,0,0,0,1
7978,0
7981,0,1
7982,3,1
7985,0,0,0,0
7986,3,2,4
7989,3
7990,3,3,3
7993,2,3,3,2
7995,3
7998,0
7999,1,1
8000,4,3,4
8005,4
8010,1,1
8011,3,3,3,4,4,2
8013,4
8014,1
8017,4,3,4,3
8018,4,4,3,2
8021,4
8027,3,4
8028,1
8030,3,3
8033,2
8034,1
8035,2,4,4
8037,3,4
8039,4,3,3,4,4,4
8040,3,3
8041,2,2
8042,3,4
8044,3,4
8045,2
8046,3,2
8048,3,2,4,4
8053,0,1
8054,3
8056,3
8057,4,4,4
8058,2
8059,3,0,1
8061,3,4
8062,1,1,0,0,1,0,1
8064,4,4,2
8065,2
8066,3
8069,1,1,0,1
8070,3
8071,2
8072,4,4,4
8077,2
8079,0
8080,4
8084,3,3
8087,3,3,2
8089,1
8090,2
8091,4,4,4
8092,4,2,2,3
8093,4
8094,4,4,4,4
8095,3
8098,3,1,3,3,4
8102,3,2,2,2,3,4,2
8104,4,4,3,3,3,4
8105,2,4,4,3
8106,0,1
8107,4,4
8108,0,0,1,1
8112,2
8113,4
8116,3,3
8117,4,1,0
8118,4
8121,1
8122,3,0
8124,4
8126,3,3,4
8127,4,4
8130,2,3,3,4,4,2
8131,0,0,0,1,0,1,3
8133,4,4
8135,1,1,1
8136,3,4
8137,4,4,4,4
8139,4,4,4
8140,2,3,3
8141,3
8142,2,1
8143,3
8144,4
8145,3
8146,3
8149,4,4,4,3,4
8151,4
8153,4,2,4
8154,1,3
8155,3,1
8156,2,2
8157,3,3
8158,2,2,2
8159,4,3,2,4
8161,3,4
8166,3
8167,2
8168,2
8169,3
8170,4
8171,3
8173,3
8175,3
8176,3,3,3,4,3,4,3,3,4,4,4
8177,3,4
8178,1
8181,4,3
8182,2,3,2
8185,4
8186,3
8187,2,3
8189,4
8191,2,2,2
8192,1,1,1
8194,3,3,4,4
8195,3,1,3
8199,1
8201,1
8202,4
8203,3
8204,0
8208,0,0,0
8210,2
8211,2,3,2,4,4,2
8213,4
8216,4,3
8217,0,3,2,1
8218,4
8220,4,3
8221,4,4,2
8223,2,4
8224,0,0
8225,0,1,0
8226,3
8229,1
8230,4
8232,3
8235,3
8236,4
8239,4,4,4
8242,1
8246,4,3,3,3,4
8252,4,2,4
8254,4,2
8257,4,3
8258,4
8259,2
8263,4,4,3,4
8264,3,3,4,2,3
8265,3
8266,2,2,2
8267,3,4
8269,4,4,4
8270,2,3,4,4
8272,3
8274,4,4,4,3
8275,3,3,3
8279,4,4,3,2
8281,0,3,3,3,3,1,3
8282,4,4
8284,3,4
8285,3
8286,4,2,4,3,2,4
8288,3,3
8289,3
8291,3,4
8293,3,1
8295,0
8296,4,4,3,4
8297,3
8299,3,3,3,3
8300,3,4,4
8305,2,3,3,3
8306,4
8311,4
8312,3
8313,3,3,2,3
8315,3,3,1,3
8316,3
8319,3
8320,2
8324,3
8327,2
8328,4,4,4,4,4,4
8329,3,0
8331,2,2,1
8333,3,3
8334,3
8335,0
8336,3
8337,0,1
8340,3
8342,3,2,2,4
8346,3,4
8347,4,3
8348,3
8349,4,3,2
8351,1
8352,4,3
8358,3
8359,3
8360,3,3,3
8364,2
8365,4,2,2,3
8366,3,4
8368,3,3,2,0,2
8370,0,3
8371,2,4
8374,2,2,2
8375,4
8377,3
8379,3,4,4
8380,3,4,2,4,3
8381,2
8382,3
8384,3,3,4,4
8388,2
8390,3,3,4
8391,3,3,2
8393,3
8394,3,3
8395,4
8396,3,4,3
8398,3,2
8399,2,2
8400,2
8407,1
8408,2
8415,2,2,2,3,2
8417,1,0,1
8418,4
8419,3,3
8420,3
8421,4
8424,4,4
8425,3
8426,2,3,3,4
8427,3
8433,3,3,3,0,3,3,4
8435,4,2
8439,2,2,3,3
8440,2,2,4
8441,3,4,4
8444,3,2
8448,3,2
8449,1
8451,3,4,4
8453,2,3,4,4
8457,3
8466,2,2
8472,3,2
8473,4,3
8475,3,1,4,3
8476,3
8477,3,3,3
8478,0,4,4
8482,1,4,2,4
8485,4,4,4
8486,2,1,3
8489,4
8490,3,4,4,4,4,4
8491,2
8492,3,1,4
8494,4,3,3
8496,3,3,3,3
8499,3
8501,2,2,3
8502,0,0,0
8506,4,4,4
8508,4,4,4
8510,3,4,4
8511,1,1,0,1
8512,2,2,2,1
8516,4,4
8517,2,1,0
8518,0,0,0
8521,4,3
8522,2,2
8523,2
8525,3,3,3,3,3
8526,4
8527,3
8528,4,4
8529,4
8530,2
8531,1
8532,1,3,2
8533,4
8535,4,2
8536,2
8537,3
8540,3,3,3
8542,3
8543,4
8551,1,0,3,0,1,1,1
8552,2,2,2,2,2,2,2,2
8555,3,4,1
8557,1,1
8559,4,4,3,3,3,3
8560,4,4,4
8563,4
8565,4
8566,4,1
8568,4,3
8569,0,1,0,0,0,1
8570,2
8572,3,3
8573,2,2,2
8574,0
8575,1
8579,3
8580,4
8581,4
8582,3,4,2
8584,4
8585,4
8587,3,4
8588,0
8589,4,4,3,4,2,4
8590,3,3
8591,3,4,4
8592,2
8593,3,2,2,1,4
8594,3
8595,3
8596,4,3
8601,1,0,0,0,2,2,2
8603,4
8604,2
8605,0,0,0
8606,3
8608,1
8609,2,2,2,3
8611,4
8613,3
8615,3,4
8618,4,4,4
8619,4,3,3
8620,3,4,3,4
8623,1,1,0,0
8624,0,0,0
8625,1,1,1,0
8627,4
8628,4,3
8629,3,4,4,4,4,2
8630,3
8631,1,1
8632,2
8635,4
8637,3
8638,4,4
8639,4,4,3,2,3,4,2,2,2
8640,4,2,2
8641,3,4,2
8642,4
8646,2
8649,4,4,4,4
8650,4,3
8652,2,3,3
8653,2
8655,1
8656,4
8657,2,1
8658,4,3
8659,4,3
8660,1,0,1,0
8661,2
8662,3,2
8663,4
8665,2,4
8667,2
8671,2,3,4
8672,4
8674,2,4
8675,4,3
8676,3,3,3,4,4,4,4
8679,4
8681,0,0,0
8682,1,1,1,1
8684,4,4,2
8685,1
8687,4
8688,1
8690,4
8691,4,3,4
8693,3,3
8697,4,2,4,4,3
8698,2,3
8699,1,4,3,3,3,3,2,4,3,3,3,3,4,3
8700,4,3,4
8703,3,2,2
8705,3,4,3
8706,3,0,4
8707,3,3,3,2
8709,4
8711,2,3,3
8712,4,2,2,4,3
8713,2,4
8716,1
8717,0
8719,3,2,3,2
8720,3,3,4
8721,4,4
8722,3
8724,4,2
8725,4,4
8727,4
8730,4,2,4,4,2,4,2
8732,2,4,4,4,4
8733,3
8734,0
8735,3
8737,2,3
8743,4
8744,0,0,0
8749,3,1,3,3
8752,3,3,4
8753,2,3,4,4,2,4
8754,4,3,4,4,3
8757,4,3,3
8758,3,4,3,4,2
8760,3
8764,1
8766,0,0,0,1
8770,3,4
8772,2,4
8774,0,3,2,3,3
8775,1
8776,3,2
8777,4
8778,0,1
8781,4,4
8783,1
8784,3
8787,1
8789,4,4,2
8790,0
8791,0,1,1
8792,3
8793,3
8794,2,2
8795,3
8796,0,1,0
8797,3,4
8798,3
8799,2,2
8800,2,2,3
8803,3,1
8804,4
8807,3,3,2
8808,0
8810,3
8811,3
8812,2
8813,4,3,2,4
8814,4
8818,4,4,1,3
8819,3
8821,2,3,3,3,4
8822,3
8823,3,2
8824,2,4
8825,3,2
8826,4,4,3
8827,0,0
8832,1,3,4
8835,4,4
8837,4
8838,2,3,2,2,2,2,2,2
8840,1
8843,3,4,4,4
8846,0
8847,4,4
8849,4
8850,3
8851,3
8853,3,4
8854,0
8856,4,2,4,2
8857,3
8858,3,3,4
8860,4,3,3
8862,3
8863,2,0,1
8866,2
8867,0
8868,4
8871,4,3
8873,2,2,3
8874,3,2,4
8875,3
8877,3,3
8879,2
8880,3,1
8881,1,3,4
8882,3,3
8886,3
8889,3
8890,1,1
8892,0,4,2
8893,2,4
8894,0,0
8897,2,4,4,3,4,2,3
8898,3,3
8900,1,2
8901,2,3,2,3,3,3
8903,2,4
8907,4
8909,2,2,2,2
8912,4,4,3,4,4
8917,3,3
8918,1
8920,1
8921,4,4,4
8925,3
8926,3
8928,3
8929,3,4,4
8931,1
8932,3
8935,3,4
8936,3,3,2,2
8937,0,1,0,0
8938,2,2,3,4
8940,4
8941,3
8942,4
8943,4,3
8944,3
8945,4,3,3
8946,2
8947,3,3
8948,4,4,3
8951,3,4,3,3,2
8952,4,3
8953,3,3,3,3,2
8955,1
8957,3
8958,4,3
8967,4
8968,3
8969,3
8972,2,4
8973,3
8974,1,0,1,1
8976,2
8977,1
8978,4
8979,3
8982,3,3,4,3,3,3,0,1,2,2
8986,4,3
8988,3
8989,1
8992,1,3,4,3
8994,4,4
8996,4,4,2
8997,4,4,4
8999,0
9002,2
9003,2
9004,4,4,3
9005,3
9006,1,1
9007,3,4,3
9009,2,4
9012,4
9013,0
9014,4,3
9015,3
9018,1,3
9019,4,2
9020,4,2,2
9021,4,4
9023,3,0
9024,4,3,2,4
9025,2,3
9026,2,4,2,4
9032,0,0
9035,3,3,3
9039,3,4,3,4,3
9040,4,4,4
9042,0,0
9043,4
9044,3,4,1,3,3,3
9046,4,3,3
9048,3,3
9050,3
9051,3,2
9052,4
9053,1
9054,2
9057,2
9059,3,3
9060,4,3,3,4,4
9061,0
9062,0
9063,3
9064,3,4,3,4,4
9065,3,3,4
9066,2,2
9068,2,4
9069,4,2,3,4
9073,1
9077,4,4,2,4
9082,4
9085,2,2,2,2,2
9086,1,0,1
9089,2,4
9092,1,3
9094,3
9095,1
9099,3
9101,4
9106,3,3,3
9108,2,4
9109,0,0
9110,1,3
9111,0,0
9112,2
9114,4,4
9115,0
9116,0
9118,2
9120,3,4
9121,4,3
9123,3
9124,2
9125,4
9127,4,2,3
9128,1
9130,4
9131,4
9132,4,4
9135,0,0,0,0
9136,4,3,4
9139,4
9140,2
9141,4
9144,1
9146,4,4,4
9150,2,0,0
9151,0,1
9152,4
9153,0,3
9154,4,4,4
9155,3,4
9156,4,3
9158,2
9159,3,2
9161,3,3,2,3
9163,3
9164,4
9167,2,2,3
9168,4
9169,1,1,0
9170,2,3
9171,2
9173,0,1,0,0,0,0,1
9174,3,3
9175,2,3,4,4,3,4,3,2,4
9176,3
9179,3,4
9180,4
9181,4,3,4
9182,3,3,1,4
9183,2,2,4
9186,2
9187,4
9188,1,2
9189,4,4
9190,2,3,2,4,4,2
9192,3,3,0,3
9193,3
9195,0
9196,3,3,3
9197,4
9199,3
9200,3
9202,3
9203,4,2,2
9207,4
9209,3
9210,2
9211,3
9212,2,2,3
9214,3,3,3
9215,4,4
9217,4
9219,3,2,4
9220,3
9221,3,2
9222,3
9225,4,3
9226,4,2,1
9230,1
9235,0
9236,1,1,1
9237,4,3,4
9238,3,3,3,3,4
9239,2
9244,2
9245,3,2
9246,3,3,4,2
9247,4,4
9248,3,4,4
9253,3,4,2
9254,0,1
9256,4,3
9259,4,4,3,3,1
9260,4,4,4
9261,3
9264,3
9265,2,4,4,3,4
9268,2,2
9269,3
9270,4
9274,2,2,3,3
9277,1,1,1
9280,4
9282,3,4,3
9283,0
9285,3
9287,3,4
9289,4,3
9292,3
9294,1
9295,4
9296,1,1,1,0,0,3
9298,3
9301,3
9305,4
9307,1
9308,2
9309,0,0
9310,3,2,3,3,4
9311,3
9312,2,3,1,3
9313,3
9314,0
9316,3
9317,4,4,4
9319,4,3,3,2,2,3,4,3,4,4
9320,3
9321,1
9322,2
9325,4,4,4
9329,3,2
9330,3
9331,4,4
9332,3
9333,3
9334,4,3,4,4,4
9335,4
9337,2,2,3
9338,1
9339,4,2
9340,4,2
9341,3
9342,3
9343,2,2
9347,3,0,1
9350,1
9352,0,1
9353,3
9354,0,0,0
9355,1
9356,4
9358,3,4,3
9361,3,1,1,1,3
9364,4,4
9365,4,4,4
9367,4
9368,3,3,3
9369,1
9371,4,4
9372,3,4,3
9373,4,4,2,3,4,2
9374,0,1
9375,3,2,2
9377,0,1
9378,3,4
9379,4,3
9382,2
9383,4
9384,3,4,3,3
9386,1,1
9387,0
9388,3,2,2,2,4
9389,4
9390,3,4
9392,4,4,3
9393,2,3
9394,0,0
9395,2
9397,4
9398,2
9399,4,3
9404,3,4
9405,2,2,2
9406,3,4
9407,3,1
9409,2,4
9410,4,2,4,2,2,2,2
9411,0,0,0,0
9413,3,4,4,3
9417,3
9420,1
9424,2
9425,3,3,1
9428,4
9429,0,0,0,0
9431,4
9433,4,4,4,4,4
9434,4
9436,4,4,4,3
9437,1,0
9440,4,3,3,3
9441,2
9442,3,4,3
9443,4
9444,1,3
9445,0
9448,3
9450,4
9453,4,0,4,3
9454,4,2
9455,0,1,1
9456,3
9457,4
9459,3
9461,4,4,3
9463,2,2
9464,3,4,3
9465,2
9467,2
9469,0,0,0,1
9470,2
9471,4,3,3,3,2,4,4
9473,3
9476,3
9477,4
9478,4,2
9479,0,1,0
9480,3,3,3
9481,3,4
9484,4
9485,4,4,4,4
9486,3
9487,3
9489,0
9491,4
9492,0,0
9494,3
9497,2,3
9498,3,3,3,2
9499,1,0
9500,3,3,4
9504,2,4,4,4,4
9505,4,4
9506,4,2,4,4,2
9507,0
9513,2
9514,2
9515,2
9516,1,3,4
9517,2,2,2,4
9518,1
9519,3
9523,4
9526,1
9528,2,4,2
9531,4
9534,2,2,1
9536,3,3,2,2,3,3
9537,1,0
9539,4
9541,1
9544,2
9545,3
9550,0,4,3,0
9555,4,2,4,2
9556,3
9560,2,3,3
9562,4,2
9563,4,4,3,4,4,0,3,2,3
9565,2,4
9566,4,3,4,4,4
9567,3
9568,0
9570,0,0,0,1
9571,0
9572,1,0
9573,2
9575,1,1
9577,4,4
9578,4
9580,2,4,2,4,4
9581,1
9584,4,3,2,2
9585,4,4,4
9586,4,4,4
9587,3,3
9588,3
9589,4
9591,3,3,4
9593,3
9598,1,3,3,2,4,4,4,4,3,3,3,4,4
9599,4,4
9601,0
9602,3,3,3,2
9603,0,2,2
9604,2
9605,3,3,3,4
9607,1,1,1,0,0
9609,3,2,4,3,3
9610,2
9611,4,3,3
9612,4,4,3
9616,3
9618,3,4,3,3,2
9619,0
9622,3
9626,3,1,3
9627,0,0
9628,2
9631,4
9632,4
9633,0,0
9634,4,3
9635,2
9637,3
9639,2,4,3
9640,4,3,3,2
9641,4
9642,1,0,0,0,0
9643,4,4
9644,1,1
9646,3,3
9650,1
9654,4,2
9657,4,4,4,4
9659,0,0
9660,1,1,0,0,1
9664,3
9666,3,3
9668,3,4
9670,4,3,2,2,3
9671,3
9672,2,2,3,1
9673,4
9674,3
9675,0,0,0
9676,3
9678,4,4
9680,3,4,4
9683,4
9685,4,3,3,4,4
9686,3,4
9689,3,4,4
9690,3
9692,3,2,4,2,4,4
9697,0,3,1
9698,4,4,3,1
9699,4
9703,1,4
9708,4,1,4
9709,3
9710,1,1
9711,3
9713,4
9714,1
9720,3,2
9722,3
9723,2,3
9724,4,3
9725,3
9727,0,2
9728,4,4,3,3
9729,2,0
9730,0,1,0,0,1
9731,2
9732,4
9733,3,4
9735,3,4,4,4,4
9736,4
9738,3
9741,0
9743,2,3
9752,0,2,2
9754,0,3
9756,2,3,2,3,3,2,2
9757,4,4,4
9758,2,2,4,4,3,4
9759,3,3
9763,4,3,4
9766,0
9768,2
9769,3
9770,4,4,4,4
9774,3
9777,3,3
9779,4
9780,3,2,4
9781,3
9782,2,4,4
9784,2,2,2,2,2
9786,2,2
9788,3,4
9790,4,4,3
9793,2,2,2,3
9797,2
9798,2,3,4
9801,4,3,3,2,3,2,3,3,3,3,4
9802,3,3,4
9810,1,3,3
9812,0,3,3
9818,2,3
9820,3
9821,4,2
9822,3,3
9827,2,3,2
9829,4
9831,4,4,4,3
9832,1
9833,0,0
9835,2,4
9836,3,4
9837,0,3,1,0
9838,2
9839,1,1,3
9841,3,4
9842,2,2,2
9844,1,0,1
9845,0,1,0
9847,4,2,3,4
9849,3,3,1,1,4,4
9850,4
9853,2
9856,0
9857,3,3
9859,0,1,3,4
9860,0,0,1,1
9861,1
9863,4,3
9864,3,1
9867,1
9869,3
9870,3,2,3
9873,4,3,4
9875,2,3
9876,3,4,4,4
9877,0
9878,4,4,4,4
9879,4,4
9880,1
9881,3,4,3,2
9884,3,2
9885,4
9888,4
9889,0,0,0,0,0
9891,1
9892,2,3,3
9893,3
9894,3,2
9896,4
9897,3,3
9898,3
9899,2,3,3
9901,1,1,0,0,0,1
9903,1,0,0
9904,1,0,2,2,1,2,2,2,1
9907,3,0,4,0,1,0
9908,3
9909,1
9911,4
9912,3,4
9913,4,1
9916,3,4,2
9918,4
9922,4,2
9929,1,1,4,2
9934,4
9938,1,0,0,1,0,1
9941,4
9942,2
9946,4
9948,3
9949,0
9950,2,2,4
9951,4
9955,4
9956,2,4,0,4,2,3,2
9958,4,2,2
9959,3,4,4
9960,3
9963,1,1
9964,3,4
9965,3
9966,2,4
9967,4
9969,3,3
9973,4,4,3
9974,4
9975,0
9978,3,3
9979,3,3
9980,1,0,0,0
9981,2,2,3
9984,3,3,1
9988,0
9989,4
9990,2,2,2
9991,3
9993,0,0
9994,4
9996,0,1
9997,2
9998,2,2,4,4
9999,4
10000,3
10001,0,1
10004,3,3,4,3
10005,3,3
10006,0,0,0,1
10007,4
10010,3
10011,3
10013,4
10014,4,4,3
10015,2,2
10017,3,2,2
10024,4,3
10026,2,4,4
10027,3
10028,3,3
10029,3
10031,4,4,4,4
10032,1
10034,0,0,1,0,1,1
10036,3
10037,2,2,3,2,2,2
10038,4,2
10039,3,4,4,4,4,2,2
10042,3,1,4,3,4
10043,2,3
10045,1
10046,2,2,3,4,4,4,4,4
10049,4
10050,0
10051,1,1
10054,4,3,4,4
10056,4
10057,3
10058,3,2
10059,3
10060,2,2,4
10061,2
10062,3,0
10068,2,3,2
10069,4,2,4,3,3,3
10079,3,4
10080,4,3,2
10081,4
10085,4
10087,0,1
10088,2,2
10091,3
10093,1
10095,3
10096,1
10097,4
10099,1
10103,2
10104,1,1
10105,4,2
10106,3
10107,1
10108,3
10114,1,1
10116,3
10118,2,2
10122,2,4
10124,3,3
10125,2
10126,3
10128,2
10129,0,1
10133,3,1,1
10134,2,3,1,1,3
10135,4
10137,3,1,3,2
10142,3
10143,4,4
10144,4,3
10148,3,3,2
10149,4
10150,3,1
10151,4
10152,2
10153,4
10154,2
10155,3
10158,1,0,0
10161,0,0
10162,2
10163,4,2
10165,4,4
10166,2,4
10167,3
10168,2,3,3
10173,4,2,2,2,2,2
10174,1
10175,3
10176,0,1,0
10177,4,3
10178,1,3
10180,3,3,4,3
10181,4,4
10182,2,2
10184,3,3,2,4,4,4
10185,1
10186,4,3
10187,1
10188,3,3,4
10189,4
10190,1
10192,3,3,3,3,4,4,4
10194,3,3,3
10196,3,2,2,2,0,1
10199,4
10201,3
10202,3,4
10203,1
10206,4
10208,4,4
10209,4
10212,4,4
10215,3,4
10217,4,4
10218,2
10219,1,1
10220,1,3,3,4
10221,4,4
10223,3
10226,4
10228,2,2
10229,3,4,2
10231,4
10232,2,2
10234,2,2,4,3,2,4,4,3
10238,2,2
10239,4
10241,0
10242,3
10244,4
10245,3
10246,2
10248,4
10254,1
10259,3
10261,2,3
10262,3
10263,2,2,4,3,2,4,3,3
10266,4
10267,3
10271,2,2,2,2,2,2,3,2,2,3,2,2
10273,3
10275,4,3
10276,2
10277,1,0
10279,3,2,2
10281,4
10284,0,1,1,1
10286,4
10287,0,1,1,0
10288,2,4
10290,2,3
10292,4
10294,0
10295,2,3
10296,4
10297,2
10299,3,4
10302,0,0
10303,1
10305,3,3
10306,3,3,2
10308,2,2,3
10310,4,2
10311,3,4
10312,2
10313,3,3
10314,2,2
10317,3
10319,4
10320,0
10321,3,4
10322,3,3,3
10325,4,4,4,2,4
10326,3,3,3
10327,1,1,3
10328,1
10329,4,3,3,3,3,3,3,3
10331,4,4
10332,2,2
10333,4
10334,4,2,3,3,4
10335,2,3
10336,4
10337,4
10338,4
10340,1
10343,3,3,2
10345,2
10346,4
10347,1,0,1
10352,4,4,4
10353,3,1
10354,3
10355,3
10357,4,3,2,3,3,4,3
10358,4,4
10359,2,2,2
10360,3,2,4,2
10361,4,3
10363,0,1,0
10364,4
10366,0,1,1
10368,4,4,3,3,3
10371,0,1,0,0,0,0,1
10372,3
10373,1,0
10374,3
10375,0
10376,1
10378,4
10380,4
10381,2,2
10382,1
10384,3
10387,4
10388,1
10391,0
10393,3,3,3,4
10398,4,4
10400,1,1
10402,4,3
10404,3,3
10407,4,2,4,4
10408,3,4
10411,2,2,1,4,3,2
10413,3
10416,3,3,2,3,2,2
10417,3,0,2,2
10421,2,4
10422,3
10423,3
10424,0
10426,4,2
10427,3,4,4,4,4
10431,3,2,2
10433,4
10434,0,0,0,0,1
10439,3
10443,3,0,0,1
10444,1,0,0
10447,3,4,2,2,2,3
10448,3,3,3
10452,3,3,0,2,3
10453,4,4
10454,0
10456,4,3,2
10458,3,4,2,2
10461,4,3
10462,4,4,2
10466,4,2,4,2,2
10467,4,4,3
10469,3,1,1
10470,0
10472,0,1
10475,4,4
10476,0,0
10477,3,0,0
10478,4,3,2
10479,2,2
10480,1
10481,0
10484,1,0,1,0,1,1
10486,4
10487,4,4
10489,4,2,4,3
10491,4,4,4,4,4,2,2,4
10492,3,3,3,3
10497,4,2,4,3
10498,3
10500,2,4
10501,2
10504,0,0,0
10505,1
10506,1
10507,3
10508,4
10509,2,1
10510,4,3,3,3,3
10511,4
10514,4
10517,3,4,3,2,4
10519,3,4
10521,2
10526,0
10529,0,3
10530,3
10536,0
10537,4,4,4,3,3,4,2,2,2,3
10538,2,4
10539,1,0
10540,4,2
10545,3,4,3,3,2
10552,4
10554,4,2,3,4,3
10555,3,4,4,4,4,4
10556,3,4
10559,0,0,0
10560,4,4
10561,1
10563,2,4,4,2
10564,2,3
10569,4,1
10570,0,0,1
10571,4,4,4,4
10573,4
10577,3,4
10578,3,4,3
10579,3
10582,4,4,4
10583,3,4,3
10587,4,3,4,4
10589,0
10591,3,3,2
10594,3
10595,3,1,4
10599,3,1,4
10602,3,3
10603,2,4,3,3
10604,4
10610,4,4
10615,1,1
10616,3
10620,3,4,4
10621,2,2
10622,4,3
10626,2
10627,1
10630,2
10631,4,4
10632,3
10633,3,3,4
10634,3,4
10635,2,3,3,3,2,3
10638,4
10641,2
10642,3
10644,3
10645,4
10646,3
10650,3,2,2
10652,1
10655,1,4,3
10656,2
10658,4
10662,4
10663,2,1,3,2,2
10664,4
10665,2,4,3
10666,3,1,1,3
10667,4
10670,2,2,2,3
10672,3,3
10674,2,1,3
10675,2,2,3
10676,1,3
10677,3,4,3
10682,3,4,4
10683,2
10684,3,4
10685,4
10686,0,0
10689,2
10690,4,2
10691,4,4
10692,3,3
10693,4
10694,4,4
10695,4
10697,2,2,2,3,2,2
10698,1,0,0
10699,4
10700,3,4
10701,3,4,3
10702,2,2,3
10703,4
10706,3
10708,4,3,3,3,4,3,4
10709,4,3,3,4,3,4,2,3,4
10710,1,3,1,1
10712,0
10715,0,0
10716,0
10717,4
10719,3
10720,3
10721,2
10726,4
10727,3,3,3,4,3
10729,4
10731,3,4,2
10735,3
10736,3,2,3,2,2
10739,3
10742,0
10744,2,2
10745,4,4
10746,2,2,4,1
10749,3
10754,4,4,3,3,4
10759,3,3
10760,3,3
10762,3,4,3,3
10764,4
10767,2,0,3
10768,4,3
10773,4
10775,4
10776,4,4,2,4
10778,1,1
10779,2,3
10780,1,1
10781,3
10782,4,4,4
10783,1
10784,3,2,3
10785,3
10786,3
10787,2
10788,4,4,4,3
10789,3
10791,4
10794,3
10796,3
10797,3,3
10798,3,2
10799,2
10800,0
10801,2,4
10803,3
10805,3,1
10806,3,3
10807,4,3
10809,0,0
10810,1
10813,4,4,2,4,2,3,3,2,3,3,3,3,4
10815,1
10821,3,4,4,2
10822,4,4
10825,4,3
10826,2,4,2
10827,2
10828,2,2,2,4,4
10829,0
10830,3,1,3
10832,4
10833,3,3,3
10834,4
10836,3,4
10840,4
10841,4
10842,1
10844,2,2,2,2,2,2,2,0,0,2,2,2,2
10846,4
10849,2,4
10851,3,3,3,2
10855,1,3
10856,3,4,4,4
10860,1
10862,3
10865,2
10869,3,3,3
10871,4
10873,3,2,4
10874,3
10875,2
10877,1,1,0,1,3,0,1
10879,3
10881,3,2
10883,3,2
10886,3,3
10887,4
10888,0,0,0,1
10889,3,3,2
10890,2
10891,1
10893,2
10894,1,0
10896,3
10897,3,3
10901,3,3
10903,4
10905,3,3,4,4
10906,3
10907,4,3,2,4,4
10909,2
10913,4
10914,1,4,3,4,4,3
10915,3,3
10917,4
10921,4,2,2
10922,2
10923,4
10924,3
10925,4,4
10926,3,3
10927,3
10928,1,0,1
10930,1
10931,2
10932,4,4,4
10934,4
10936,3,3
10937,3,4
10938,4,3,3
10941,4
10943,3,4,4,4
10945,1,1,0
10946,0
10947,3
10949,3,3,3,4
10950,0
10952,0,0,1,3
10953,1
10955,3,4
10957,2,0,0,1
10959,4
10961,4,3,4,3,3
10962,3
10963,4
10965,3,2,2
10966,4
10967,2
10971,4,4
10972,2,3,4
10974,4,4,4
10976,2
10977,0
10978,0
10980,3,4
10981,3,4,4
10982,4
10983,1,0
10984,3
10985,3
10988,3,3
10989,3
10991,1
10992,2,2
10994,3,4,4
10996,3,4,4
10997,3
11001,4
11002,2,2,3
11003,3,3,3,4,3,3,3,3,4
11004,4
11006,4
11007,4,4
11009,4,3,3,3
11011,1,1
11012,4,3
11013,2,2,3
11014,3,1,1,0
11016,3
11017,3,2,2,2
11018,0,0
11019,4,2,2,4
11021,4,1,3,3
11022,3,4,3
11023,4
11024,3
11025,4
11026,0
11030,4
11031,4
11039,0,0,0
11042,3
11044,3
11048,2,3,3
11052,2,2,0,2,3,2
11053,4,3
11054,1,1
11055,0
11057,4,2,4,3
11058,3,3,3
11059,4,4,3
11060,2,2
11063,1
11064,0,4
11065,2,3,2
11066,3,4,3,3,2,3,2,2
11070,2,2
11071,2,2
11073,3
11074,4,4,4
11076,2,2,2,2,4,4,4,4,4
11078,2,4,4,4
11079,1,1
11080,1
11081,3
11084,1,1
11085,4,2,4,4,4
11088,4,1,2
11089,1
11090,4,3,4,3,3
11091,3
11092,3
11093,4,2,4
11094,4,2
11097,4
11100,3
11101,4,4,4,4
11102,4
11104,2,3,2,3,4
11105,4
11106,2
11107,1,1,2,1,0
11110,0,1,0,1
11113,1
11115,3
11119,3
11120,0
11121,0,0
11123,4,3
11124,3,3,3,3,3
11129,4,4
11131,0
11132,2,4,4,2,2
11133,3,4,3
11134,3,4,3,4
11135,0
11136,2,2
11137,4,2
11139,0,3
11140,3,3,4,3,3,4,2,3
11142,3,2,3
11146,2
11147,4,3,4
11149,4
11150,4
11151,4
11156,1,1
11157,3,4
11159,2,2,3
11160,3
11162,4,4,4,4
11163,1,0,0
11164,4,4,3
11165,2,4
11169,0,0,1
11170,4
11171,4
11172,1,0,0
11176,1
11178,0,0,1,3
11179,3
11180,4
11181,3
11184,1,1
11185,1
11186,4,2
11188,2
11190,4
11191,2,3,3
11193,1
