8193 4
2 3
3 4
8200 3
8202 0 4
8203 2 2
8205 3
15 0
8209 0
20 4 4 4
24 0
26 3
28 0 0 0 0
8223 4
8228 3 1
38 4 4
9564 4
10930 0 0
1373 4 4
8240 4
8 0 0 0 0 1
54 3
8251 0 0
62 4 4
63 4
8257 1 3 4
66 2 2 2 2 4
11 2
68 3
69 2 4 4
71 1
72 2
74 4 3
8267 1
8269 2 4 4 3
8271 4 4
8273 4
84 2
85 3 4 2 4
8278 1 0
8284 2
8287 3 4
8290 0 0 0 0
8292 0
101 2 4 4 4
8295 1 1 3 1
105 0 0 0 0 0
8301 0
8302 4 4
111 4 3
112 0 0
113 3
115 4
117 2
118 4 3 3 3
120 4 1
8316 3
125 2
8318 0 0 0
128 3
131 2
8325 1 1 0 0 1
8326 4 4 4 3
138 4 4
139 4
8332 4 3
8333 4 4
8336 0 0 0 0 1
146 4 2
8340 4
8343 0 1
152 4
4915 4 4
8346 3
8347 3
156 0 1
8350 2 0
8352 4 4
8353 3
8354 3
8356 1
8359 4
8361 1 0 0
8362 3 3 3
8365 3
175 4
176 3
8370 0 0
8372 4
8375 4
8377 1 3 3
8379 4
8380 2
8383 4
8388 0
199 4
200 4 4 4 4
8393 2
9591 3 4
204 2 3
205 3 2
2765 4 3
8400 4
212 3
8406 0 0 0 0
9593 3
8408 4
217 4
8410 1
8411 3 3
222 3
8417 1
226 4
8421 3
233 4
237 4
241 0
243 0
244 3 2 4 4 3 4
8437 4 3
8438 3 4
248 4
8444 4
8445 4 4
260 2
8453 3
8454 3 4 4
8455 4 4 2 0 4
264 1 0
267 2 2
9602 4 4
272 0
8465 3
274 0 0
278 4 3 4
8472 3
8475 3 3
284 4
285 4
8479 0
8480 4
289 2
8484 4
293 2 2
8486 4
8487 4
300 0 0 1
302 3 1
8495 1
8496 2
305 3
307 1
308 4
310 3
8503 3
8505 0 1 0 0
8509 4
318 3
322 3
8515 0 1 1
8516 4 4
325 3
8518 0
327 2
330 4
331 3 3
333 1
8527 3 4 4 3
8528 3
8529 2 4 4
338 2
8531 0 0 0 0 0 0
8532 2
342 4
343 4 4 4 0
344 3
8537 3 3
8538 3 4
8540 4
8542 4
351 1
8544 0
360 3
8553 4 3
364 2
8557 1 0
8561 3
372 4 4 3
8565 4
8566 3
376 2
8569 0 0 0 0 1 1 0 0 0 0 1
379 3
381 3
382 2
1429 4
8577 3 3
388 1
1430 0
391 2
8586 1 0 0 0 1
8587 3
8258 4
8591 4
400 3
8593 3
402 0 0
8599 0 1 0
8600 0
410 0
411 4 2 4
8606 3
8607 0
8470 1
8614 4
2469 2 2
8618 2 3
8621 4 2
432 1
8628 4
442 1 1
8635 3
444 2 4
445 4
8640 3
451 0
453 1
457 4
459 4
460 2 4 4
462 0 0 0 0
463 2
464 3 4 2
465 2 2
467 4
8663 2
472 3
473 0
79 3
476 0 0 1 1
8669 0 0 0
478 3 1 3
480 1 1 1 0 0 1 0 0
8673 3
8674 4
483 3 2 3
8676 3
8678 3 4 3 4 4
8684 4 3 1 0
493 0 0 0
8688 0 0 0 1
8693 4
8694 4 4
8695 4 4 3 0
8696 0 0
8697 3 3
506 0 4
507 4
509 0 3
510 4 3
512 4
514 4
515 4
518 3 4
519 1 1
8713 4 4
522 0 4
8715 4 3
11010 4 4
527 3
8720 4 4 4
8722 3
531 1 0 1 0 1
8725 4
8728 4
539 3 3
8734 0
547 3
8740 4
8742 2 2
551 4
554 4 4 3 3 4 4 4
555 4
556 3
558 2
8751 4
8752 4
561 0
562 4 3
8755 4
566 4 3 4
567 0 2 3
8762 4
8763 2
572 4
8765 0 0
8766 0
8767 0 0 0 0 1 1
578 4 1
579 3 4 0 4
8776 0 0 0 3 4 3
2828 4 4 1 4 2
8779 0 0
8781 4
590 2
591 3 4
592 4 2
8788 4 4 4
597 3 4 2 2
8792 3
8793 4 4
602 4
8795 3
609 4 3 4 4
9659 1 0
8804 4 4
103 0
11026 0 1 0 0
8814 1
623 0 0 3
8816 3 3
628 0
8297 1 0 0
632 2
633 4
9663 4
636 3
637 0
8830 0 0 1
640 2 4 4 3 4
8833 3
8834 4
643 2 4
8839 2 2 4 3 4
8842 0 3
651 0
653 3
8847 3 3
656 0 0 1
657 4 3 3 3 4
658 4 4
8851 4 3 3 2 4
8853 4 4
8854 0 0
663 1 1
8857 4 2
8858 3
4207 4 3
671 4
672 0
673 0 0
674 1 1 3
677 3 4 2 2 2 1
8874 4 3
8876 0 0
690 0 0 0 1
691 3
692 4 3 4
8885 3 2
694 3
695 4
8889 3 4
698 4 4
701 4
8894 3
8897 3 4 4
8899 0 0
708 3
711 0
8904 2 4
8905 0 0 0
8910 0
9677 0
720 4 4 2 4 4 4 4
8915 3 3
725 0
8919 3
730 1 3 0
733 2 3
8926 0
8927 4
8928 3 4 4 1
737 3 4 4 4
739 0 0
740 4
741 0 1
743 4 4 3 4
8936 4 4
124 3
747 4 3
750 4 4 4 4
751 0 0 1
8947 3 3
759 3
760 4
9684 3
2858 3
8959 4 4 2
771 3
8966 0
8967 3
8968 3
8969 1
778 1
8971 4 4 3
780 0
8973 4
8974 1 1
784 0
786 4 4
788 3 4 4
792 1 0 0 2
793 0
2863 0
797 3 4
8990 1 0
8995 0 3 0 0 0 0
8996 3
806 1 1
9004 4
1501 4 4
9008 3 2
9010 0 0
819 3
9013 0 4 4 4
824 4
9017 0
826 3
8330 4
9024 4 4 4
1504 2
834 3 0 0
9030 4 3 4
9031 4 4 4 4
840 4
842 3
9036 3 4
9037 0 1 3
846 2 2 2
141 4
9047 0 1
856 0 0 0 0 0
857 2
9050 3
9054 4
1509 1
9056 3
9057 1 1
866 0 0 0 1 1
867 4
9060 4
869 3 4
874 4
9067 0 0 0 0 1 1
9070 1
9074 1 3 1
9076 3 3
9077 3 3
9078 1 0 1 0
9705 2
9080 0
889 4 4 4
891 0 1 0
892 1 0
895 2
898 3
899 4 2
900 3
902 4
9095 4
904 3 4 4 4
9097 2 4
9099 1
9100 4
9101 0
910 3
9103 3
9104 4
9107 1
9108 3
9110 1 1 4
919 2 3
9113 4
9115 0 0
928 4 3 1 1
930 3 2
933 3 4
1521 1
937 4 4 4 4 4
938 3
9131 4
940 4 4 4 3 4 4 3 3 3 3
9134 1 3
943 4 3
944 4
948 2
9141 3 3
9143 2 2 2
952 0 0
9146 4
9149 4
958 3
9152 0
961 4 4 3 4
965 1 1
966 4
9159 3 3
9160 0 0 0
9164 3
162 0
9720 4
9170 2
9172 0 0 0 0 1
983 3 4 3
984 0
9177 3
9178 0
987 4 4
1530 4 0
990 1 1 1
9184 4
993 1
9186 4
996 3
9190 2 2 2 3
9191 4
9192 1 0 0 0 4
1002 1
1003 3 3
1004 0
9197 3
1006 4
1008 2
9205 4 1 3 4 3
1014 4 4
9207 3
9208 0
1017 3 0 0
9211 3
9213 1
9215 3 3 3
1024 3
1025 0
1026 4 3
9219 3 2
1028 0 0 1 3 1
11094 4
1031 4
9225 4 3
1037 3
1038 4 1
1039 0 0
1040 4 4
9233 0 0 0
9234 0 0 0
9235 0
9243 3
1052 3
9245 4
1055 0 3
9250 0
1060 4 4
1061 3
1062 4
1063 0 1
1064 1
1065 0
9735 4
9260 4 3
9262 4
9263 3 2
1072 4 4 4
1073 4
9268 4 2
1078 4
1545 1
1080 4 4
9273 1 0 0
1082 4 3 3
1084 4
2491 1
9278 4
9038 0
1093 3 4
9287 4 3 3
1097 3 3 2
9290 4
9292 4
1101 0 3
9295 3 4
9298 2
9299 0
9300 0 0 0 0 1
9742 4
1111 4 2 2 3 3 1
9305 3
9308 3
1118 1 0
9315 3 3
1125 3
1126 4 4
9319 3
1129 3 4 4 3
1130 4 4
1132 3 0
1135 4 3 4 3
9329 4 3
9332 4
9333 4
1142 2 2
1143 4
9336 4
1151 0
1152 2 4 3
9345 0
9348 0 0
1161 3 3
9354 3
9356 4 3
1166 1 1
9752 4 0 1 4
1170 3
9365 4 4
1176 0 0 0 3
1177 1 1 0 1
1178 2
1179 3
1181 4
1182 4
2928 2 2 2
1190 3
1191 0
1192 4 4
9387 0 1
9390 4 4 3
8392 3
1202 4 4 3
2931 1 1 0
1205 4
201 2
9401 3
1211 3 4
1212 4 4 3
9405 2
9406 3
1217 4 3 3 0 0 0
1219 4
9412 4 4
1225 0 0 3
11127 2 4 3
9420 0
9421 4 4
9423 4 4 4
1233 4
9429 0 0 1
9430 4 4 3
9431 4
9435 3 4
9439 3 3
1248 3 4 3 3
9441 0 0
1250 4 3
9443 3 4
1253 4
9446 4 0 4
1255 2 4
1256 0 0 1
1257 3
9451 3
9452 4
1261 3 4
9456 3 3 3
1268 2
1272 3 3 3
1273 4 2
9466 1
1275 2 2
1278 3
9471 1 1 0 0 4 3 3
1281 4
9475 4 4
214 3 3
1286 4 0 0 0 0 0 0 0 0 3 3
1287 0 1
1288 4 2 4 4 3
1290 0 3
9773 3
1296 1
9489 0 1
1298 2
9491 4
9494 0 0 4
9495 4
1304 4
9497 3
1307 0
9500 3
9501 0 0 0
11141 3 3 3
1315 4
9513 4 4 4
2951 2
1324 1
1326 4
9519 4 3
9520 3 2 0 1 0 0
9521 0 0 0 0
1330 3
9524 1
9525 3
2953 3 3 3 3 3 4 4 4 4 4 4 4
1337 1 0 1
9530 4
1339 3
1340 4
1342 1
1343 3 3
9536 3
9537 3
1590 2 4
9542 0 1 1
9543 1 0
1352 1
9548 2 4 3 3
9550 0
9552 1
9784 2
1365 3
9559 4 3
1369 4
11151 4
1372 4 4
9565 4 3 4
1375 3
9569 0
9570 0 0
1380 0
9574 4 4
1386 3 4 3 3
9583 0 1
1393 4 4
1395 4
1397 0
1399 0 0
1400 1
1401 4
9594 3
9595 3
1404 4
1406 1
9599 4 4 3 4 3 4 4 3 3 3
1600 4 4 3 4
1410 3 2 3
9603 0
1412 0
9608 4 4 4 4 4
1417 3
1420 3
9616 2
1425 0 0 0
1426 4
1603 3
9621 4 4
9622 0 4 4
1431 0 0 0 0 0
1432 3 3
9625 4
1435 1
1436 1
9631 3 1
9637 2 3
8433 4
1448 1 1
1449 4
1450 0 0 0 0 0
9644 0 0 0 0
9648 4
9649 3 3 4
1458 3
1459 0
1460 3
1461 4
9656 3
1467 4 4
1468 3
1610 2 3
1471 3 2 2 4 3 4 3
9665 2
9666 3
1475 4
1476 4 4
9671 0 0
1480 4
1484 0 0
1485 4 1 3
9678 4 4
1487 4 4 4 4 4
9682 0 1
9683 4
1492 2 3
1494 3 3
1495 2 4
9688 4
1615 4
9692 2
9693 2
9696 2
9701 0 0 1
1511 3 3 4 4 2 4
9704 4
1513 4
9706 3 2
1516 4
253 3
1520 4
9713 3 4 4
9714 1
1528 2
1529 1 3 3 3 3
9722 1 4
9725 3 3 3 4
1534 4
1535 3
9733 3
1542 0
1543 3 2 3
1544 2 2 1
11180 4
1550 0 0 0
9744 4 2
9746 4
9748 2 2
9749 3 3 4
1560 4
9757 4 4 4 3 3 3
261 4 4
1568 4
9763 4 4
1572 2 2 2 2 2 2 3 2 4 4
262 0
11185 3
9769 2
1578 2
9772 3 4 3
1581 0 0 0 0 0
9774 4
9775 1
9781 3
9782 4
9783 0 0 0 1
1592 2 3 3
1593 3
9787 4 4
9789 1 0
9792 4
1601 0 0
9795 4
1604 4
1606 0 0
9801 4 4
9802 3
9804 1 0 0 0 0
9826 1 0
8461 4
9808 4 0
1617 4
1618 1 1
1620 3 3 3
9813 3
1622 0 0
9817 3 3
9821 4 4 3
1634 3
1635 1
9829 4 4
1638 2
9831 4
9833 0 1 0
9834 0 0 0 1 0
9837 2
9839 1 1 1
1655 3 0
1657 4
1660 4
9857 2
9859 1 3
9861 4 3
9862 0 0 0 1 0
9864 1
8239 4
9866 2 4
9869 4 4 0 2 0 2 2
1678 2
9871 3 2 1 1 0
1681 4 4
9874 0
9876 3
9877 0
1686 0
9882 2
9883 4
9884 2 3 0
1695 4
1697 4 3 3 3
1698 3
9891 0 3
1700 3
9893 4
9896 4
9898 2 4
1708 0 0
1713 1
9906 0
1720 4 4
1721 0
9915 3
1724 4
1725 4 4 3 4
1726 0
1727 4
9920 0 0 1 0 0 0
9921 4 2
9923 4 4
9927 1 0 3 2
1737 3
1738 3
1741 4 4
9935 4 3 4
9937 4 4
1746 4 2
1748 4
9941 4 4
9944 3
1756 2
1757 1 3 3
1758 4
1759 4 4 4 4 4 4
9953 4 3
9954 3
1763 4 3 3
1770 0 0 0
9963 1 1
1774 1 0 0
1775 2
9971 0
9973 4
9974 4
1785 0 0 0 0 0 0 1
9979 1
1790 3
1792 3 3
9985 4
5761 4
1801 0
1805 4
9998 3
10000 4 4
1810 3
10003 0
10005 4
10009 3
10010 0
1819 3
1820 3
1825 3
1826 4 3
10019 0 1
10021 2 2
1830 4 3 4 4
1833 4
1836 1 1
1837 0 0 0 1
1838 0
10032 0 0 0 0
10033 0
1842 1 0 0 0 0 0 0
10037 3
10039 2 4 1
1849 0 0 0 0
1850 0 1 0 0 1
10046 4 2 4 3
10049 3
10051 3
10054 4
10055 1
1153 0 0
10057 3
1867 1 2
1869 0
10062 0
10063 2 3 3
10064 1 4 4 2 2 2
10065 0 0 1
1874 4
10069 4
1879 4 4
1880 1
10074 0 1 1 0
10075 3
1884 3 2
1886 3 4
10080 4 0 4
10081 4 4
1893 4 4
10087 0 0
1898 3
1899 2 3 2 1 0 0 0 0 0 0 0 0
1900 2
10093 1 1
10094 0 2 1 1 0 0
1905 4 4
1911 3
10104 0 0
10105 2
10107 4
1916 3
10109 1 0 1 0 0
1685 4 4
10112 0
10113 3
1924 4 1
1926 4
10119 0
10120 4 4 4
10122 4 4 4
10123 0 0 0
10124 3 3
1933 3 3
10126 4
1937 4
10131 4 4 3 4 4 4
1940 0 1 1
1941 4 4
10134 3 4
1943 1
10136 4
1945 3 0 0 4
1946 4
10140 4 4
10142 4
1952 1 1
1953 3
10146 4 4
1956 4 4 3 3
1957 3
1959 3
1960 2 2 2
1961 3 3 4 4 4
1962 4
1965 0
1966 1
1967 0
1970 4
1971 3 4 4 4
1974 0
1975 4
9277 0 0
1977 4 3
10171 3
1980 0 1
10174 0
1983 0
1984 0 1
1990 0 0
10185 0
10187 1 4
9890 2
1998 4 3
1999 1 3
10192 3
10194 0
1699 1 0 0
10200 4
10201 3
10203 0
10204 4
10207 1
2016 3
2017 0 0 0
2019 0 0 0 0 0
10213 1
10214 4
10217 4
2029 1
2030 4
2031 3
10224 3 3 3 4 4 0 4 4
2033 0 0
2036 0 1
10233 4
2045 1 1 1
10239 3 3
10240 4
10243 1 1
2052 0
10247 2 2 3 3
2058 3 2
8535 3 3
10252 3 4 3
10253 3 2 4
2063 3
2064 2 0 0 1 3
10257 2
2067 1
2068 3
10261 4
2070 1 4
2072 0
2073 3
2074 1
10268 3
2077 3 3
10275 3
2085 0 0
10279 4
2089 3
2092 4
1714 3 3
2094 0 0 0 0
2095 2
10288 4
2101 3 4
2103 3
10296 4
2105 0 0 1
10298 4
2109 1
10303 1 3
2113 2 3 2 3
10307 3 3 3 3
2116 2
2117 0
2118 1
2123 4 3
10316 4
2125 4
10318 4
2127 2 2
10321 4
2130 1 3
2131 4 4
2133 0
2134 3 3
2135 3 4
2138 0
10332 1
2142 4 4
10335 4
10336 4
10337 2 3
10339 0 0 0 4
10343 3 4
2152 1 0
10345 3 2
2154 0 0
10348 3 3
10352 4 4
10354 3 2
10356 3
361 4 4 3
10361 3
2171 4
2173 2
2174 4
2176 2 4 4 2
1728 0
10371 0 0
10372 3 4 3
2181 3
10374 3
10375 4
10377 3 4
10379 3 3
10380 3 4
10382 0 1
2193 4
2194 3
10390 4
10391 0 0 0 0
10394 2
10395 2 4 4
346 3
10404 2
10406 4 3
2216 4
2227 2
2231 3
10424 1
10425 4
2235 0 0
2238 1 3
10431 3 3
10436 1 1
2246 3 3
10441 3
10443 0
2252 4
2253 0 0 0
9933 1 0
10448 2 4 3
2257 1
10450 3
2259 3 4
2260 0 1 0
10453 4 3 3 3 3 3
10455 0
10460 0 0 1
10462 3
10463 4 4
10464 2
2273 1 0
2275 3
9623 3 1 3 4
2279 4 4 4 4 4
2280 4
10473 3
2285 4
10479 4
2289 0
2290 4 4 4 4 4 3 4 4
10483 4
2293 4 4 3 4 4
10493 3
2302 3
2305 3 2 2
9624 4
2307 4
2308 4 3
2309 3
2310 2 3
10503 2
3116 4
2314 4 4 3
2316 3
2320 3
2321 2 3
2323 0
2326 2 3 4
8580 4
10522 0
10524 4 1
2333 3
2335 0 0 0 0 0
10530 4 4
10531 0 0 0 0 0
10533 0
10536 4 3
10537 3 4
2347 4 4
2348 3 3 3 1
10541 1
10542 4
10543 3 4 3
2353 3 4 3
2354 2
2355 0 1
10550 4 3
2359 1
2360 2 4
10553 1 1
10557 3
2369 3 3 0 3
10562 0
2373 0 0
2374 0 0
2377 0 0 0 0
10572 2
10573 4
2385 4
10578 4 4 4 4 3
2388 3 4
10581 4
10584 4 4 4 4 4
2393 3
10586 0
10587 4 2
2399 1
2400 1 0 1
2401 3
2402 3 3 3
2403 3 3 3
10598 3
10601 1
10604 4
2413 4
10610 2
2423 3
2425 0 0 0 0
2429 3 4 4
2430 0 1
10624 1 0
2436 4 4 4
10633 3
2442 0
2443 1
10636 2
10447 2
2447 4 4
10641 4 2 1
9966 3 3
10647 4
2459 3
2460 4 3
2462 3
10656 3 3 2
2465 4 4 4 4 4
10658 3
8603 3
10661 1
10662 2 2
2471 3
2472 4
2474 1 1
2478 1
10671 4
10674 3
10677 3
10679 3 4 3
2488 4
5876 1
415 2 3 4
10685 0
1781 1 3 0 1 3
2500 3
10693 3
10694 4
2505 3 3
10700 3
10701 3
10703 4
10704 2 4
2513 3 3
2515 4
10709 4
2518 3 3 4
10712 3 0
10713 0 0
10714 4
3151 4
2526 4 3
10719 2
10720 3 4 4
10722 0 1
10727 3
2536 3
10731 2
10733 3
2542 4 4 4
10739 2 4
10740 1 0 0
9982 4
2550 0 0 1 1 1 1 0 1 1 1 1 0 0 1 1 0 0 0
425 4 2
2554 3
10748 4
2557 3
2559 3
2561 0
2563 2
2564 3
10757 3
1793 3 3
2574 1 0 0 0 0
2575 4
10772 4 3
10773 3
10775 4 4
2584 3
2585 3
10780 0 0
10783 1 0 0
10785 2
3163 3
10788 4
2597 1
2598 2 4
10791 4 3
10792 0 0 0 4
2601 0 0 1
10796 1
10797 0 0 0
2606 3
10800 0 0
10803 0 0 0
10804 4 3
2613 4
2614 0 0
5897 2 2 2
10809 0
2619 1 0
2623 2 2 1
2625 3
2626 0 0 0 1 1
2627 0 0 0
10822 3
2633 4 4 3 4 4
2634 0
2635 2
10830 4
10832 4 3
10833 4
2642 1
2644 3
2650 4 4
10843 0
2652 0 0
10845 3
2654 4
10847 4 4 2 3
2656 1
1808 1
10850 0
10851 3 4
2668 1
10002 0 1
10863 3 3
10865 2 3 3
10867 4
2676 4
2678 3
10871 4
10872 0
2682 2 3 4 4 3
10878 4 4 3 3
448 4
2690 3 4 2
10883 4
2693 3 3 3 3 2
2696 4
2697 3
10891 1
2702 4 4
2703 0 0
10898 4 4 4
10899 4
10901 3 3 4 3
10903 0
10905 4
10910 0 0 0
8645 3
2720 3 4
10913 3 1 4
10916 4 3
2727 2 4 4 4
2728 3
2729 4 4 4 4 4
10922 4 3 3
2731 1 2
10926 4 4 4 3
2735 0 0 0 0 0 0 0 1 1
2736 0 0
10929 3
2738 4 4
10931 3
10932 4 3 3 4
10935 3
2745 1 1
10939 0
2749 3
10942 3 4
2751 3 2 2
10945 0
10946 0 0
4555 1
2756 2
10951 0 1
10953 0 0 0
2762 3
10955 4
10957 0 0
2768 0 0 0 0
10963 3
10964 4 4 4
2782 1 1
10975 1 0
2785 3
2789 3
10982 4
8657 0 1 3
10988 3
2801 4 3
8659 4
2806 4 4 4 4 4
10025 1
11000 4
2811 4 3 4
2813 0 0
11006 2
2816 4
3367 4 4
2818 3
2820 0 0 0 0 0 0 0 1 0 0 1 1
2821 0 3 4
11014 0 3
2824 4
11017 3
11018 0
2827 4 1
11020 4
2830 4 4
11023 3
2834 2 4 1
2835 3 2
11031 4
2843 0 3
2844 4 4 4
2846 0
2848 3 4 4 4
1840 0 0
11043 0 0 0 0
2852 3
2853 0 0 0 3
2855 3
11048 3
2857 3 3
95 4
2860 1 0
11053 4
2862 4 4 3
11055 0
11057 4 1
2867 0 1 0
2870 3 3
11066 0 3
2878 0 0
11073 4
11074 4
2884 3 4 4 4 4 3 4 2 3
2885 1
11078 3 2
2887 0
2891 1 0 0 0
482 2
11086 4 4
2896 1
2901 3
2902 0
5693 0 0
2905 3
11103 3
11104 4 4 4 3
2913 3 4 3 3
2914 3 4
2915 0 0
2916 3
11110 0 0 0 0
11111 0 0 0 0 3
2921 2 2
11114 2
11115 3
11116 3
2925 3 0 0 3 0 3 1 0
11120 0
2930 3
11123 4 3 4 3 3
1854 4
2935 1
2936 1 3
11129 1
2941 2
2945 4
2949 1 0 0
2950 4
1857 4 3
11144 3 4
11145 4
2954 1 0
2959 4 4
2960 4 4
2964 3
2971 2 0 1
2974 0 0
11173 2
2982 3
2985 4 4 4 4 4 4
11178 0
11179 3
2988 4
2989 0
2990 4
11183 3
2992 3
2993 4
11189 0
11192 1 3
8556 3 1 1 0 1
3003 1
3009 4 3
3010 4
10059 3
3012 4
3013 0 0
3016 2
3018 0
3019 0
504 4
3031 4
3034 1 1
1872 4
3042 2 4
3043 1
3046 3 3 3 3 4
1873 4
3051 0 0 0
3054 4 4
8701 0 1 0 1
3056 2 2
3062 1
3064 3
3066 4 4
3068 1 1
3070 1
3071 1 0 0 0 0 0 0 0 0
3076 4
3077 4
3078 3
3080 4
3082 4
3083 0 0 0
3087 4 4
3088 0 0 0
10072 3
3094 1 0
3096 0 1
3097 3
3099 3
1882 4
2831 4 0 0
3105 4
3107 0 1 0
10742 0 1 0
3114 4 4 4 4 2 2
3115 0 0 1
10659 4 3
3119 0
3122 0 0 0 0
3123 4 4 4
3128 3 1
3130 2 4
3133 4
377 4 4
3137 0 0 0
3140 0 4
3141 3
3145 4
3149 4
2287 3
3158 4
3159 0
8719 3 3
3164 4
528 3
3170 3
3179 0
10948 4
3181 2 4
3188 3
3189 4 2
3192 4
3195 3
3198 2 3 2
10091 2
3207 0 1 1 1 0
3208 4 2 2 2
3209 3
3228 3
3229 4 4 4 4
3231 4
10746 2 2 4 3
3235 4
3238 3
3239 3
3240 0
3243 4
3252 4
3253 0 0 0 0
3256 3
3259 4 3
3265 3 3 1
3267 3
3270 3
3280 3 4
3286 4 3 4 4 4 4 4
3287 3
3289 3
3293 3
3297 4
3301 4
3303 3
3307 2
3312 3
3318 0 0
3319 1
3324 1 0 0 0
3327 4
3329 4
3332 1 0 0 1 0
3333 1
3337 3
3343 4
3344 3
3349 0 0
3352 3
10116 4
3357 4
3360 0 0 0 0 0 0
3362 0
3364 4 3
8753 4 2
3368 4
1928 1 2 1
3384 4
3388 0 0 0 0
3394 3
1931 4 4
3396 0 0
3400 4
3401 3
3403 4
3404 4 4
3405 1 0 0 1
3409 3
3414 3
3415 1 0 0 1 1
3418 3 2 3
3421 3 4 3 3 4 3 1 1
3422 3
8764 0
3434 4
3435 4 3 0
3444 4 4 4 3 4
3447 0 0 0
3449 1
3450 2 0
3454 0 0 0
10133 0 0 0
3462 3
3464 3 4 2 3
3465 3
10481 3
3470 1 4
3471 1 1 1
3472 4 4 4 4
8771 3
3480 2
3481 4
3486 0 0 0 3
3487 4
3488 4
3490 3
3492 1 0
3494 0
3495 1
3498 1 1
3501 3 2 4
3502 3
3505 1
3506 4 3
3507 2
8573 2
3512 4 4
3516 4 4 4
3517 2 3
3519 2 2
3520 2 4 2 4
3524 4
3527 4 3
3532 4
1954 0 0 0 0 0 0 3 3
3538 3
3539 2
3540 0 0 0
8782 3 3
3542 1
3548 4 4
10211 4 2
3561 4 4
10151 0 1 1
10152 1
3573 4
3574 1 0 0
3577 3
3582 3
8789 3
3590 2 2
3594 4 3
8303 2
3598 1
3601 3
3602 2
3603 3 3 4 4
3608 4
3609 4
10759 4
7431 2 3
10162 3
3631 2 1
10163 4
3636 3
3639 3
3643 3
3644 0 0
3645 0 0 1 0
3650 4
3651 4 4 4
3652 3 4
3657 4
3660 1
3664 0 4 4
3665 4
10499 2
10169 1 1
3672 1
612 1
3680 0 0
3681 3
3686 4
3687 3
3689 3 4
3692 4
3696 3
3699 3 4
3700 4 3
1982 3
3702 2 2
3712 3 2 4
3719 2
3722 3 3 4 1 0 0
3724 2
3728 3 0 3
3730 1
3731 3
622 2
3734 3 3
3735 1 1 0 3
3739 4
3742 4
9814 4
3744 3 3 2 0
3749 0 2
3751 3 3
3755 0
3756 3 4
9127 3
3769 0 1
3776 4
3783 1
3785 0 0 0 1
3786 3
3789 4
3793 3
3794 1 1
3796 4
3806 0 1 0 0 0
3811 4
3812 2
3814 0 0
3816 0
3819 4
2002 3
3823 0
3832 4
3833 4
3835 4
3836 1
3841 4
3842 4 3
3845 0
3847 4
3848 3
3850 0 0 1 0 0 0 0
3855 2 4 4 3 4
3857 1 1 3 3
3865 2
3866 0
3868 2
3869 3 3
3873 2 3
9949 0
3875 0 1
3880 3
647 3
3884 3
3892 0 0 0 4
3893 4 3 3 3 3
3897 2 3 4
2015 4
3900 3
650 2 4
3904 2 2
3906 0
8935 2
3908 3 4 4
3911 0
3916 2
3918 2 2
8845 0 0 0
3923 4
3924 2
3928 4
3936 4
3944 0
3945 3 2
3947 3
3951 3
3967 0 0
3969 1 0 1 1 3
3974 3
3976 4
3980 4 2 3 4
3984 4
3985 3 4
3988 3
3993 4
2588 3
3999 2 3
4002 2 4 2 3
4003 4
4004 4
4007 4 4 4
4008 2
4010 0
4012 3
4014 3 3
4022 4
4023 1 0
4025 4
4026 4 4 4 4 3 4 2 4 4 3
4029 4 3
4030 2
1827 0
4033 0 0
4036 2 2
4041 4
4044 4 4
4055 4 4 4 4 4 4 4
4057 3
4058 0 1
4060 3 4 3 3
4064 4 4
4069 4
4072 0 0 0 0
4077 3 0
4078 3 0 0
4079 4 4
4080 4
4081 4
4084 0 1
4088 2
4089 1 0 0 0 0
4090 1
4093 0 3 3
4094 0 0 1 0
4097 1 1 1
10502 4
4099 3
4103 1 1 0
4104 4
4107 0 0 0 0 0 0 0 0
4111 4
4112 2
4114 0
4115 3 2
4116 1 0
4119 4
4120 4
4124 4
4126 4
4128 0 1
4133 2
4134 3 2
4135 3 3
4136 3
4137 4 3
4143 0
4146 1
4153 3
4155 3
4157 1
4161 4
4164 3
4165 0
4168 4 4 4
4171 4
4175 0
4178 3
4179 4
10255 4
4188 0 0
4190 4
4192 1
4201 3
4204 4
8893 4 4
4209 4
4210 4
4214 2 0 0
4219 1 0
4223 4 4 4 4 4
4224 1
4226 1
4227 0
4236 0 0 0 1 2
4241 0 0
707 4
1883 4
4245 4
4246 3 3 3 4 4
4251 4
4253 4 4 2 4
4256 3
4261 4 3 4
4262 1 0 0 0 0
4263 3 3
4266 3
4267 0
4268 2 0 1 4
4269 3 3 3
10269 0 0
4276 0
4278 4
4279 4 1 4
4287 3
4288 1 3 1
4298 4 4 4 4 4 4 4
4305 3
4306 3
4311 3
4314 2 2 3
4319 0 3
8912 4
4324 0 1 1 1 1
4330 4
4331 2
4332 4
4334 4
723 4
4342 4
4344 3
4347 4 3
4351 4
4357 3 3 3
4358 3 4 3
4823 2
4365 3 1
4366 0 1
4371 3 3
4373 3
4376 4 4 3
4378 2 2
4380 3
4383 0 1
4384 3 3
4387 4 4 4
4389 2
4390 1 0 0 0 0
4391 4
4395 2
4402 4 4
4409 1 3
4412 0 0 0
4413 4
4414 0
4419 3
4420 3
4427 4 4 2
4428 4 3
4432 4 4
4441 4
4442 4 3
4453 4
4457 0 4
4459 0
4460 4 4 2
4463 4 2
4464 0
4465 4 4 4 3
4466 3 0 0 0
4469 1
4475 0 3
4477 0 1 1
4479 4
4480 0
4481 0 0 0
4484 3
4489 1
4495 0 0
4496 2 1 1
4499 4
4500 4 4 4
4501 1
4506 1
4510 2
4516 4 4 4 2
10310 3
4519 4 3 4
4522 3
4524 1
4530 1
4537 4
4542 4
10315 0 0
4550 0
4551 0 0
4552 4
8951 3
10317 4
4560 4
4561 3 3
4564 4
8953 3
4572 4 4 1 4 3
4573 4
4576 0 0 0 1 0
4577 1
4579 0 0 0 0
4589 4
10323 4 4
4597 0 0 0 0 0
153 3 3
4602 3 4 4
4603 4 3
4604 3
4608 0
4613 4
4614 0
4620 3
4624 4 2 3 2 2
4625 4
4626 4
4627 4 4 4
4629 4 3
4632 0 0 0 0 0
4635 2
10330 0 0
4638 4
4641 4
4645 0
4646 4 2
4648 4
776 3
4658 0 0
4661 4
4663 2 4 4
4666 4
4669 3 1 1
4670 0
4672 3
4678 4
8972 2 4
4683 3 3
4686 2
4690 2
782 1 1
4697 1 0
4699 1 0 0
4700 0 0
4701 1
4703 4
4705 4 3 4
4715 2
4720 4
4883 3
4724 3 3
4725 4
4726 3 3
4729 4
4735 4 4
4740 3
4741 3
4742 0 0
4747 4 3
7619 0
4757 0 0
4758 3
4759 0
4761 3 3
4763 2 3 4 4 4
4767 4 4
4773 1
4776 3
4777 2 4 4 3 3 2
2162 3
4784 1
4786 4
4788 2 3
4789 1
4796 4
4801 4 4 4 4 4 3
4802 3 3
4804 4
4806 0
4807 2
4808 4
2167 0
3533 3 1
4816 1
4822 3 4
2169 4
4828 4
4830 1 1 1
4833 4 4
4835 1
4836 4
4844 4
4845 0
414 3 3 3
4851 4
4852 4
4853 2
4855 0 1 0
4860 3
4861 4
4864 4
4869 0 0 1
2179 0 0 0
4884 4 3 4
4885 4
4886 3 3 1
4887 3
4889 0
4890 0 0
4892 4
4894 3 2
10373 0 0
4900 3
4901 3
4904 4
4908 1
4909 2
4911 0 0
4913 3 2
9011 2
4916 2 3
4918 4 3
9711 3
4924 3 4
4925 3 4 4
2187 3
4933 3 3
4939 4
4941 4
4943 4
4944 2
4948 0
825 1 0
4956 3
4959 2 2 2
4961 0 1 1
4964 4 3 2 4 2 2
4972 4 2 3
9021 1
4979 1 4 4
4985 4
4989 1 1 1 0
4990 0
4993 3
4998 1
5000 4
5001 4
5002 0 0 0 0
2199 4 0 0 4
5004 4 4
5007 3
5008 3
5009 0
4931 3
5016 4
5022 3 3 4 3 4
5023 3
5024 0 0 0 3
5028 2
5030 4
5035 4 4
5036 1
9032 0
5042 2
5044 0
5047 4
5049 3
5050 4 4
5052 4 4
5055 3
5057 1 1 0
5058 0 0 0 0 0 4
5059 0 0
5063 0
5064 4
844 3
5066 0 1
5067 4
5069 0
5076 2
5077 1 1 0 0
5083 3
5093 1 0
5094 2
5098 3 2 3
5102 0 0
5108 3 3 3
3583 0 0
5116 1 1 0
5119 4
5120 0 0 1 0
5121 4
5125 3
5129 1 1 1
4951 4 0
5133 3
5141 4
10264 3
5148 0 0
5151 3
5152 1 4 3
5153 1
5154 4
5159 2
5161 0 0 0
5165 2 2
5167 1 0
5168 4
862 2
5175 0
3635 3 3 3 3 3 3 3
5178 3
5182 4
5185 4
5191 3 4
5197 4 4
5198 4
5202 1 0
9059 4 3 4 3
5204 0
5208 4 4 3
5209 4 3 3
5217 1
5218 4 4
10427 4
5220 0 0 1 0 1
5222 0 4 4
5223 3 3 3
5230 4
5231 0 0 0 1
5232 3
5243 3
5244 1 0 0 0 0 0 0 1 1
5245 2
5246 0 0 0
5247 1
5250 0 0
5255 0 0 0
5260 3
5267 4 3
878 3 4
5270 4 4 4
5273 4
5278 3
5280 3
5283 0 0
5291 1
5296 3 3
5302 0 0
5304 1 3
5305 4 3
5306 1 1 0
5308 4 3
5310 4 3
5314 2
5315 4 2 3
5316 4
5323 4
5324 0 1 1 0
5325 4
10445 0 0 0
5328 2
5329 3
5331 1
9081 0 0 0 0 0 0 0
5337 4
5339 2
5341 4 3
8634 4 3
5344 3 3
5353 0 0
5354 3
5355 1
5359 4
5360 3
10451 0 1
5369 0 0
5373 3 4
5374 1 1
5382 4 2 3
5383 2
5385 0 0
5389 3
5392 0 0
5393 0
5397 4
5399 4 4
5401 4 4 4 4
5402 4 0 0 4 3 4 4 3
5404 4 1
180 0
5413 0 0
5415 3
5418 3 4
5425 3
5427 0 3 1
5429 4 4
5430 0 0 0 0 0 0 0 0
5435 0
5437 4 4 4
5443 3 2 3 2
5445 2 3
5448 2 3
908 3 3
5450 4
5463 2 2
5464 1 2
5467 4 4 4 3 2 3
5468 2 2
5469 4
5484 1 0 1
5485 3
5486 3
5488 4
5492 4
5499 4 4 4
5500 3 3 3 2
5501 4
5502 0
5503 2 4
5506 2
5508 2 4
5516 4 2 3
5521 0 0 1
5522 1
5525 1
5528 0 0
5530 3 2
5531 4
5532 4
5533 2
5534 4 3
5543 1
5549 0
5550 2 3
5551 4 1
5553 3
5558 4 3 4
2640 1 1 0 0 0
5564 3
5565 3 4
9120 4 4 4 4
5570 4 4
5571 4 4 4
5572 4
5577 4 4
5588 0 0
5596 1
5599 3 3 3
5606 0 0 1 0 4 3
5610 2
5611 4 4 4 2
5615 0 0
5617 3
10494 1
5623 3 0 1 0 0
5627 2 2
5628 4
5630 4
5639 4
5640 1
5642 4
3671 2 2
188 3
5652 3
5653 2 3
5654 4 3
5656 0
5657 3
5658 1
5659 4 4
5664 4
5665 4
5667 3 3
5669 0 0
5670 4
5671 3 3 1
5675 1
5681 0 0 0 0 0 0
5685 4 2
5689 3
10506 0 1
5698 3 3 1
5704 4 3 3 1 2 4
5705 1 1 1 0 0 0
5713 4
5714 3
5715 4 4
5718 1 1
5719 4
5721 4
5722 0
5723 4
5724 4
10512 1 1 0
10513 3
5736 3 4 2
957 3
5744 0
5745 0 0 0 0
5747 4 3
9150 1
5751 4
5752 4
5756 4
5758 1
5759 2
5760 0 0 1 0
960 2
5762 1
5763 4
10518 3
5766 4
5775 3 3
5781 3
10521 4
5784 3 4
5785 3 3 3 1 3 1
5790 4 4
5794 3
5798 0 1
5804 4
5807 3 3 4 4
5809 0
5818 4
5819 4
5820 1 3
5823 3 3
5825 3
5826 4 4
5828 3
5831 3 3 4
5837 3
5838 0
5840 4
5845 1
5847 2 3
5856 3 3
5858 2 3 4 2 4 3
5862 2
5863 4
5864 4
5865 3
5867 0 4
5868 4
5873 1 1 0
5874 1 1 0 1
5875 1
10834 2
5880 3 4
11107 1
8652 1
5886 0 0 1
5889 4
5890 3 4 4 4
5895 2
5896 3
10540 3 3 4 4 3
5900 3
5903 4 4
5906 3 3
5910 3 1
5911 3
5916 4
5920 2 4 4
5921 1 1
9179 4
5925 0 0
10545 4
5932 4 3
5941 4 3 4 4 4
5942 0 0
5944 3
5948 4
5952 4
5963 4
5966 4 4
5967 4 3 3 4
5968 0
5970 3
9188 1
5982 4
5983 0 0
5984 3
9096 4 3 3 4 4
5989 0 0
5991 3
999 2
477 2
6005 4 3
6007 3
6010 2
6012 4
6013 0
6016 1
6017 4 4
6023 4 4 2 2 2
6024 4 2 4
6026 4
6027 0 0 0 0 0 0 0 0 0 0 0
6029 4 4
6036 3 3
6037 0
6039 4 4 4
6048 4
6049 4 4 4 4
6051 0 0 0 1
6052 4
6053 4 3 4
6057 3 4
6059 4 4
6065 3 3 0
6068 1
6076 3 3 3
6080 3 3 2 0 3
6083 1
4567 2
1015 4 4
6092 4
6099 3
6102 3
6103 0
6104 4
6114 2 0 0 3
6115 3
6118 3 3
6122 2
6123 4
6128 0 0 0
6129 3
6131 1
6135 4 4
6136 2 1 2
6138 3 3 4 4 4 3 3 4 3 4 4 2 4 4 4 4 4 3 3 4 4
1023 4
2389 2 2 4 4 4
6144 2 4
6151 2
6152 1
6155 4
6162 0
1027 4 4
6169 3 1 0
6171 4
6185 1 0 0 1
6191 0 0
6194 1 3 1 1
6196 3 2
6200 0 0 0 1 1
6202 4
6207 1
6209 0
6214 1
10593 0
6217 3
6220 0
6223 0 3
6224 2
6225 3
10595 1 1
6228 4
6236 4
6237 4 3 4
8391 2
6240 0
6241 0 3
6242 0 0
6250 3 1
6254 0
6256 0 0
6257 3 4 4
6262 4
6263 1
6264 3
6272 0
6274 2 4
6276 1 3
6279 0 1 0 1
6281 2
6284 4 3
6287 3 3
6299 4
6300 4 3
6302 4
6304 3 3
6306 4
6307 4 4
6312 4
6315 0 0
6318 4 4
6323 0
6324 1 2 2
6327 2 2 2 4 2 4
6329 4 3 3 4
6334 2
6335 2 3
6341 1 0
6346 1 1
6347 3
6353 4
6362 3
6364 1
6365 0
6366 1 3 1
6369 4
6371 3
6376 3
6378 4
6383 3
9256 4
6387 4
6388 1 0 0 0
6389 2 4
6395 3 4
6396 0 0
2432 1
6402 3
9259 3
6407 2 3
6408 0 0 0 0 1
6421 3 3 3 3 3 3
6422 3 3 3
6427 4 4 3
6429 1 0 1
6431 3 4
6433 4
6438 4 4
6440 4
6442 4
6447 3
6450 0 0
6452 3
6456 0 0
1076 3
10634 2
6465 0 0
6469 0 0 0 0 0
6475 4
6479 0 0 1
9272 0 0 0 0 1
6482 1
6484 3 4
8672 0
6486 3
6494 3 4 3 3
6497 3 4
6502 3 3
6504 1 0
6506 0 1 0 1
6511 4 4 4
6512 1
11128 0 0
6518 3
6519 1 3 3
6522 3 3
6523 1 1
6527 2
6528 4
6529 4 3 3
6532 0
6537 2
6540 4
6548 2 4 4 3 4 3 4 3 3 2 3 3
6551 3
6552 3
6573 2 4 4 4
6577 2
6581 3
6584 3
6587 0 1
6588 0 0
6589 1
2464 4 4 4
6594 3 4
6596 0
6598 4
6599 3
6601 3
6603 2
6604 3 2
9293 4
6609 0 0
6611 0 1
6615 3 3 2
6617 4 4
6619 4 4 2
6621 0
6623 3 4 4 4
6624 4
6625 3 0
6627 3
6629 3
6630 4 2 2 3
6634 4
6635 0 0
6637 4
1107 4
6644 4
6651 2
6656 1 3
6657 4 0 0 0 0 0 0 4 2 2 4 4
6658 1
6669 1 0 0 0 0
6672 4
6676 2 3 3 3
1113 0
6680 3
6690 0
6693 3
6705 1
6707 4
6708 4
6710 4
6713 4 4
6715 4
6717 4 4
2485 4
6721 3
6722 3
6723 0
6726 3
6730 0 0 0 2
6731 3
6733 4
6739 4
6746 0
6749 4 4 4 3
6751 3
6754 4
6755 3 3
6756 4 4 4 3 3
9318 0 0 0 0 0
6762 3
6763 4
6766 4
6770 4 4
6773 0 4 2
6776 3
2495 1
9322 4
6783 1
6785 4 4
6787 1 2
6788 3 4
6793 3 3
6795 0 0 1
1409 0
6806 4 2
6810 4 2
6813 2 3
6814 0 0 0
6815 4
6818 2 2 3 4 2 2
6820 4
6824 2 3
6827 4 3 3 3 1
6828 3
6831 4 3 3 3
6834 3 4
6838 2
1140 4
6842 3
6844 2 4 3
6847 3 2 2
6850 4 3 2
6852 2 4
6854 4
6858 0
6859 2 2
6860 4
6862 3 4
6869 0
6872 1
6877 4
6883 3 4 4
6890 3 4 4
4321 3
6895 3
6896 4
6901 4 4
6902 1 0
6908 2
6916 4
6919 3
6921 4 3
6925 3
6926 4
6929 2 2 4
6931 4 2
6934 4
6941 2
6943 4
6944 4
6954 3 2
6957 0 0 0
6959 4 3 4
6963 2
6964 4
6968 3
6971 0 0
1162 3
1164 1 0 0
6986 2 3
6988 3
6995 3 3 3
6997 4
7000 1
7002 2
7006 0 0
7013 3 3
1169 2
7021 4 3 3
7022 3
7036 4 2 3
7037 3
7042 3 3
2539 3
7049 1
7050 1
7051 3 4
7053 3
7056 3
7059 0
7061 4
9369 0
7064 4 2
7067 0 3 1 1 1
9370 4 4
7073 0
7075 1
7078 4 4
2011 0 0 0
7081 1
7084 2 3 2 3 0 0 4
7088 1
7090 3
7096 4 4 3
7099 2 4
7103 2
7107 4
7109 3 4 4 3
2551 1
7118 3 4 3 4
7124 1
7127 3 0 0 0
7130 0 0
3919 4
7133 4 4
7136 0
7138 2 4
7144 0
7149 0 0 0 0
7150 3 4
7153 1 3
7154 4
7155 2 2
7156 0 1
7158 3
7161 1
7164 3
7170 3
7179 0 2
7180 4 2 3
7182 3
7184 3 3
10756 4
7194 3
7199 0
7200 1 0
7209 2 3
2567 4
7214 4
7215 4
7218 3
7219 4
7222 3 4 3 3
7224 3 4
7225 3
7228 4
7229 3 3
9397 4
10741 0 0 1
7240 4
7245 4
7249 3 4 4 3 4 0 0
7250 3
7254 4
9516 4 4
7256 1 0
7259 4 4
7261 4 4 4
7264 3 3 3 3
7266 1
7267 4 1 4
7268 0
7269 3 3 1
7271 4 4
7272 3
7278 0 0 0 0 0
7282 0 0 3 0 0 0 1 3 3 3
7283 1
7287 4
7289 4 4
8699 4
7300 4 2 2 2 4
7302 4
7306 3 3
7308 1 3
7311 3 2
7313 4
7316 4
7317 4 4 4 3 4 4
1220 4
7331 4
7336 1
7337 3
7338 4 2
7339 3
7347 0 0 0
7350 3
7354 0 0
7365 3
7368 4 3 3 3 4 4
7369 1
7374 1
7375 4 3
7383 0 0 0
7392 3
7393 3
7395 2
7396 2 4
10790 4
7398 2 2
7402 3
7405 4
7406 3 4
7407 0 0 0
7410 4
7413 3 2
7417 3 3
7421 1
7422 0 0 0 0 0 0
7425 0
7427 4 4 4
4339 0 3 0
2604 0 0
7436 1 0
7438 3
7439 4
7443 3
7444 1 1 0
7449 3 3 3
7450 2
7451 3
7453 4
7456 0
7458 3 3 1 4
7463 3
7466 0 0 0 1
7468 0 0 0 1
7470 4 4 4
7472 0 0 1 0 0 0
7474 4
7476 3 1
7479 0 0 0
7485 2 2
10805 1 0 0 0 0 0 0
7489 4 2
1249 0 0
2814 4 0 0 0
7498 4
2615 0
7500 3
7501 1
7502 3
7504 3
7505 4
7512 4 3 2 4 4 4 3 3 4
7513 4 4
7514 0 0 0 0 0
7518 1 4
10811 4 4 4
7524 2 3
7531 4 4
9449 4
7548 1 1
7551 3 3
7553 4
7555 2 3
7559 3 3 4 2
7561 4
7562 4
7565 1
10525 4 4
7569 3
7577 3
7584 4
7586 4
7590 4
7593 1 3
7594 3
7595 3 3
7596 2 3 4
7598 3
7603 1 1 2 0 0 0 0 3 3
7604 0 0 1
7606 3 3
7609 3 0 1
7610 2 4
7613 1
7614 4
7618 1 0
10827 2
7620 3 3
7621 0
7627 4 4
7628 3 0
7639 0 0 0
7640 2
7642 0 0 0 1
7646 2
7649 4 4 4
7651 3
7652 0 3
2641 4 2
7657 4 3 3 4 3
7658 1 0
7659 3
7661 4
7663 3 4
7665 0
7666 3
7667 0
7668 3 3
7671 0 1
7672 3
10836 4 4 3
7677 4 2
7679 4
7682 4 4
7687 4
7690 0 0 0
7693 3 2
7699 3 3 4
7702 4 4
7703 0 1
7704 3 0
7705 0 1 0 0
7707 4 4 1 3
10842 1
7710 4
7712 1
7724 4 2
7725 1
2653 3
7732 1
7733 0
7734 0 0
7739 3 0 0
7742 2
7743 4
7745 1 3
7749 3
7751 4 4
7753 3 3 3 1 0
7757 0 0
7761 4
7762 3 4
7763 4 3 4 3
7767 0 0 0 0
7768 4
7770 3
7773 4
7776 0 0 0
7777 3
7803 4
7805 3 2 4 4
7808 3
7811 4
7817 4 4 4
7821 4 4
2669 2 3 4
9496 2
7829 1
1305 3
7832 3 4
7838 3 4
7843 0 1
7845 4 4 3 2 3 3 4
7847 1 1 3 1
7848 0
7850 0 0
7853 0 0 3 4 4 4
7855 0
7856 4 3
7859 4
7872 3 4 3
7874 3 2
7885 4 4 4 3
7886 0 0
7888 4 4
7889 4 4
9507 0
7894 4
7897 0 0 0 0 0
7899 0 0 0 0 0 1
7903 4
7904 2
7905 0
7906 0
7907 3
7908 3
7910 4 3
7913 3
7914 0
7918 4 4
7921 2
7930 2 3
7934 3
8149 4 4 4 2 4
7937 0 0 0 0 0 1
7945 4 3
10882 3 3
7950 4
7953 2
7956 4
7959 3
7961 4 4 4 2
7965 4
1629 4 2 4 4
7967 3
1328 3 4 4 3
7973 4
7979 1 0
7980 4
7985 1
7987 3 2 4
7991 0
7992 1 1
7994 3 4 4
7997 0 1
5449 4
8003 3 3
8004 4
8006 0
8012 3
8014 3 4
8015 1 2
8020 0
8022 1 0 0
8025 1
8026 3 4 4
8032 2
8037 3
8039 4
8044 3
2706 4
8055 0 1
8057 4
8063 1 1 1
8064 3 1 3
8072 3
8074 4 4
8075 3
8078 0 3
8079 0 0 0
9667 1 0 1 0
8082 3 3 3 3
8083 1
8088 3
8091 4
8094 4
1349 4 4
8096 3 0 0
8099 3 4
8100 1
8101 1 0 0 0 0
8103 0 1 0
8111 1 1 0 0 0
2718 1 1
8118 3 3
8119 4
8129 3 4 4
8134 3 3
8135 0
8136 2
8137 4
8139 3 2
8141 4
8142 3
8144 3 2 4 3
8145 4
8146 4
8148 4
1358 3
8162 3
8168 2
8171 4
8173 4 3 2
8174 3
10365 3
8176 4
8177 0 0
8185 3 4
8186 3
2182 2 0 2 2
8191 3
