8195,3,3
8,4,3,3,1
8201,3
8203,3,4
8204,1,0
3,4,4
8215,1
26,3,3
8226,3,3
8228,4,3
8231,3
41,0
8239,2,4,3,3
8240,4
8243,4,4
53,3
55,3
58,0
8251,1
60,4
8253,4
63,1
64,4
1376,1
66,2,2
69,2
71,4
8264,4,4
12,4
74,3
76,4
77,3
8271,3,4
8272,3,3
8273,4,3,3,3,4,4
86,1
90,4
8286,3,2,4
8287,3
8288,4
101,4,4
8298,3
8299,4
8301,0,1
110,3
111,4
8306,3,3
8308,4
117,2,2,2
118,4,2,4
122,4
8316,4,4,3,3,3
8317,4
128,4,3
129,1,0
133,2
8326,4,1
8329,3
139,4,4,4
141,4
143,4
8336,1
145,2,2,2,2
8338,4
8339,3
149,4
8344,3
8345,3
8346,3
8348,4,3
8218,4
8356,1
8358,2,4,3
8359,0
8361,0,0,0,0
8364,4,3
176,4,4,4,4
8370,0,3
8371,4,2,2,4,3
8372,4,4,4,4,4,4,4,4,4,4,4
2761,3,2,4,2
8378,4,4
187,3
8380,3,4
8383,4
194,0
8388,0
200,4
8393,3,3,4
8395,4
8399,4,4,3,3
208,1,4,4
8401,1,1
8405,1
8406,0
215,0
8408,3
8410,0,0
8413,3,3,3,3
8414,2
8415,3
226,2
229,0
237,2,2,4,2
243,0,0
244,3,4
248,4,4
249,4
251,4,4
8444,4
8445,4
8446,0
10965,4
8450,4,4
260,0,0
2774,3,4
8455,4,4,4,2
264,3,4
267,2
1410,0
8462,1,0,0
275,4
278,4,4
8471,2
280,4,4,4
283,0
284,3
285,4
8485,4,3,3,4,3,4
8486,4,3
296,4
8489,4
300,3,0
8496,3,4
1416,0,0
310,3
8503,3,3,3,3,3
8505,2
315,4,3
316,1
318,4,3
8513,1
8514,1
8515,1
8517,0
327,3
329,4
8247,1,0
332,2
8527,2,3
336,0,1,1
8529,4,2,4
2739,0
8534,3
343,3
8536,3,4
8537,4
8538,4
347,3,3
8550,0,1
8553,3
370,1
374,2
8567,1
8569,1,1,0,1,3
8255,4,3
8573,4,3
382,4,4
385,4
8578,4
8580,2,4
390,4,2,4
8587,4
8594,0
404,3,4
8597,4,4,4
8600,1,1
411,4
412,2
418,3
8614,4,4
423,4,3
424,4
8617,1
8618,3,4
427,0
429,4
8623,0
10995,0,0
436,0,0
8633,1
442,3
9631,3
8636,3
445,4,2
8640,3
450,3
452,3
8645,3
8651,0,0
460,3,2,3,4
461,2,2,2
8654,2
464,4
8657,4
8658,3
467,4,3,4
8670,4
480,1
482,4
483,4
486,4,2,2
81,3
488,4
493,0
494,3,3,3
496,1
8689,4
8691,4,4
8693,4,4,1
8695,3,4
8696,1,1,1,0
8697,4
8698,3
507,2,4
508,2
8701,3
8702,3,3,3
8703,3
512,4,3
513,4,4
514,2,3
520,0,1
8713,3
522,3
8716,1,0
8718,0,0,0,1,0,0
9645,4
529,4
8722,4
534,4
8727,4
539,4
540,4
8733,4
8735,3,3
547,3
548,4
550,0
554,4,4,2
8747,1
556,3
1458,4
560,2
561,0
8754,3
8756,3,4
565,4,4
568,4,3
569,0,3
8762,3
95,3
8764,1,0
8765,1,1
8767,1
577,4,4
8771,3
8773,0
582,0,1,1,0
584,2
8781,4
8782,3
592,3,2
8786,3
8788,2
8792,3
602,3
605,4,3,3,3
607,3
11024,4,4
293,4
616,2
620,3
2834,4
8815,3
632,3,3
8835,4,3
8836,0
11031,0,1
8844,0,0,0
653,4
8848,3
657,4,4
8302,3
663,0
8857,2,2,3
666,4
8861,3
670,3,4
8865,0,0,0
674,4
8867,0
8868,3,1
8872,4,2
681,3
684,3
8879,2
692,4,2,3,2,2,2,3,4,2,4,2
8885,3
8889,4,2
8891,3
701,3,3
703,3
710,3
714,3
716,4,4
717,0
719,4,4,3
720,4,4,4
8913,3
8915,3,3
8922,2
731,2
732,0,0
734,2
8928,4
737,1
8934,0,1
8936,4,2
8938,4
747,2,2,2
8940,3
8941,1,0,4
8943,3
8946,4,3,4,3,3
8947,2,3
8960,4,4
769,2,4
773,2
8966,0
778,0
781,4
784,2
8977,1
786,4,4
8980,1
791,3
8984,4
8985,0
8988,4
797,4
798,1
8325,0,0
800,4
8993,0,0
802,1
8995,3
8996,2,4
806,0,0
8999,0
9004,4
813,1,3,2,3
9008,3,3,2
9010,0
9012,3
9013,4,3
824,4
9017,1,1
9018,4
9021,4,4
9024,4,3,3,3,4,3,4,4
11062,3
838,3,4,4
9032,4
843,1
9036,2
9037,0,0
8333,4
9046,4,4
9048,3
9050,3,3,3
859,4
860,2
862,2,3,2,2,2,2
9057,0
867,3
9060,4
870,4,3
873,4,4,4,4,4,4,4
9069,3
878,4,4
9075,2
9076,2
9077,4,4,4
9080,1,0
889,4,4,3
891,0
9086,1
9087,3
9089,2,3,2
898,4
9097,3
906,4
9104,4
914,3,2
915,3
916,1,0
9110,0
927,3
9122,4,4,4,4
9127,3
937,2
9132,3
941,3,3
944,4
9138,2
9140,2
9142,3
9145,3
9146,3
9147,2,4
9149,4
9152,4
9155,3,3,3
965,1
9158,4
9162,0
971,4
9164,3
9165,3
9167,4
9168,4,2
9178,4
987,4,2
988,2,4,2
9181,4,4,3,4,4
9182,4
9184,4,4
9185,3,3
9186,2,4
9190,3
11089,3
9192,4
9195,1
9196,1,4
9197,3,3
1006,4,4
1008,3,3
1010,0
1014,4,4
169,3
1018,0,0
9212,4
1022,0
9216,0,0,0,0,0,0
9217,2,2
9218,4,4
1027,4,3
1028,3,1,0
1031,2
9224,3
1033,1,0,1,1
9226,4,4
1037,4
1038,4,2
1040,4,2
9235,0,1
9236,1
9237,4
1046,3
1049,2,2,2
9242,2
1055,3
9248,4
1057,4,2,3
1059,3
1061,3,2
1062,4,1,3
1063,0,1,1
9259,4
9260,3,4,4,4
1070,4
1072,4
9266,4,4,4
854,3,3
1079,4
9272,0,1,1
1081,3
1082,4
1083,4
1085,1,3,3,3
9278,1,0
9280,4
1089,3
9284,2
1093,4
9287,4
1097,3
1098,4,4
1099,3
1101,2,2,2
9303,3
1113,0
1122,0
9315,2,3,4
1124,1
1125,2
1126,4,4,4
1127,2,3
1128,4
1129,4
9322,4,4,4
1131,2
1136,4
9330,3
1142,4,3
1143,4,3
9338,4,4
191,3
11114,4,2
1151,1,0
9344,4,3,3,3
1156,4,2
9349,4
1158,1
9352,1
1161,4,4,3
9354,1
1163,4
1164,0,0
1166,1
9360,3
9365,4
9367,3,3,4,3
1176,4
1177,1
9371,4,2
9373,1
9379,3,4,3,2,3,3,2
1191,1,4,3
1192,4,0
1193,4
9387,1
9389,3,3,3
9390,4
1201,3
9398,4
1212,4,3,4,4
9406,4
1217,4,3,4
1219,3,4
9412,4,4,4,3,3,3
1222,4
1223,1,0
1224,4
9418,3,4
9419,4,4
9420,1,0,0
9421,4,4,4
9422,0,0,0
9423,3,4,4
2936,1
9426,2
9428,4
9429,1,0
9433,4,4
9435,4,4,4
9436,3,3,4,3
9438,1
9440,4,2,2,3,2
9441,4
9443,3
9445,0,0
9446,3,4,4
9447,1
9449,3,2,4
1258,3
9767,0,1
1260,4,3
1261,3
1263,2,3,4
9459,3,2
1269,3,4,4
9463,3
9464,4
9465,4
9466,3
1275,4,4,2,2
1276,4
1278,3,3
213,3
1280,3,0
9474,3,3
1284,3,3,4
1286,3,3,3,1,3,1
1287,1,1,1,1
1288,4,3,4
1290,1
9484,4
1294,3
1301,2
9494,3,4
1303,2
1304,2
9497,4,4
9499,1,1
9502,1
1312,1
9506,4,4,4,4,4
1316,4
1317,3,3,3
1319,1
1320,4,4
1321,3,4
9518,1
9519,4,3
1328,3
9521,0
1332,0,0
1333,2,3,3
9531,3,3,2,2
9532,4
1341,1
9534,4
9535,4,4,3
9536,2,2,2
1346,3
11148,3,3
9548,4
1357,3,3
9784,2
1363,1,0
9556,0,1
9558,4
9560,4,4
9563,4
9564,4,4
9565,4
9568,1
9569,3,3,3
1380,1,0
9574,3
1383,3
9578,4
9585,3,3,1
1396,4,2
1397,0,1
1399,0
2964,3
9594,4
1405,3,1,2
9599,4,4,3,2,2,3,3,4
1409,0
9602,4
1412,4
9606,1,1
9608,2
9611,4
1421,3,2
9614,4
9618,3
9619,0
9622,0,1,1,4,2,3,0
9625,4
1434,4
1436,1
1437,3,4
1439,1
1442,2,3
1444,2,2
1445,0,0,0
1446,1
1447,2
1448,0,0
9641,4,4,4,4,4
1452,2,4,4
1453,0,0
1454,3
9649,2
9650,1
9651,4,3
1460,4
1465,2,2,2
9658,4
1467,4
9660,4
1610,3,3
9665,4,2
1476,3,3,3
1477,3
9674,3,3
9675,1,0
1484,1
1492,4
1494,3
1496,1,3
1615,4,4
1500,0
1501,4,4
9694,0,1,0
9696,3
1511,4
1517,4,4
9713,4,4
1525,4
1526,4
1527,4
1529,3
9725,4,3
1536,3,4,3
9734,3,4
1543,3
1549,3
1550,4,4
9745,4
7087,3
9757,3,4
8521,3
1568,4,4
9761,2,2,3
9763,4,4
1572,4
9766,0,0,0
1575,2
1578,1
9774,3
1629,4,4
2995,3,3
9783,0,0
1592,3
9787,4
9789,0,0
9792,3
9795,0,4,4
1633,3,3
9801,2,4,4
9802,4
9804,1
1613,1
9806,4
269,2
9808,3
7096,2,2
1618,0
9813,4,2,4,4,4,4
9814,3,4
9816,4
1626,3
9819,1
9821,4,3
1631,4
9825,4
9826,0
1635,0
9831,3,3,3
1640,2
1641,4
1642,2,3
1647,3,2
9832,0
8467,4,4
1652,1,3
9846,3
1655,4
9851,2
9853,3
9855,3,4
9856,1
1666,0,1
9861,1
1674,0,0,0
9868,2
8472,4
1682,0
1685,4,2,4,4,4,4,4,4
9878,4
9881,3
1692,3
1694,3,4,2
9891,1
9892,3,4,3
9893,4
9894,3,3
1649,2,4
1704,4
1706,4
1707,4
9907,1,1,0
9911,3,3,4,4,3,4,4
9913,4
1725,3
1726,1,1,0
9919,1
9921,2,2
9923,4
9924,4,4,4
1736,1,0
9929,3
9847,2,4,3
9932,0,0
1741,3
1744,4,3,1
9937,4,4
4387,3
1748,4
1422,4
9945,1,4
1757,1,4,2,4
9951,4
9954,3
9958,2
1768,4
1770,0
9965,3
8488,0
9970,4
9971,0,1,0
1781,1
9974,3
1784,4,3,0
1785,0,0,0
9978,3
1663,3
1788,4,4,2,3
9981,2,3
9982,3
9983,3
1792,4
1794,4
1796,1,1
9992,3,3
8492,1
9994,4,4
9995,0
1804,1
9998,4
10000,4,4,4
1813,1
1814,0
1820,3,3
10014,4
10015,2
10016,3
1826,4
305,4
1832,4
1833,4
10026,4,3
1837,1,0
10031,4
1848,2,4
10041,4
10046,4
10049,4,4
1860,2,3
10053,2
1867,1
1868,2,2,2
1870,4
1871,3
10064,4,2
1874,3,3
10071,1,1,0,0,0,0,0
10072,3,3,4
1882,1,3
1883,4
1884,4,4,4
10077,3
1886,4,4
10081,4
10083,4
1892,4,4
10087,3
10088,2
1897,0,0
1898,3
9874,1,1,0
10095,4
1904,4
10097,3,2
10098,3
10099,1,1
8510,4
1911,4
10107,4,3
1916,4,4
1919,3
10113,4
1923,3,1
1924,0,1,3,4
1926,2
321,0,1
10120,4
10122,4
1931,4
10125,1,4,3,2,4
1934,4,4,4
1937,4,3,4
10131,3,3
1941,2,2
10134,3
10136,4,2
1945,4,3,3
1946,4
10142,4,4
10146,4
10147,0,0
10148,3
1957,2
10151,2,3
1961,4,4,4
1962,4
1966,4
10159,0
1968,4
10165,4
1975,3
10169,1
10170,1,0,0
1979,4,4
1980,3
10174,1
10180,4,4
10181,3
1990,1,1
1991,4,3
1992,2
1995,3,4,1
1998,4,3
2000,4
10194,4
2006,3
2007,3,2
2008,0
10201,1
10202,3
335,3,1
2013,4,4,2
10210,4
2019,1,0
10213,1
10216,0
2027,4,3
10221,3,3
2030,2,3
10224,4,0,4
2034,3,3
10232,3
10233,4,4,4
10234,2,4,2
2043,0
341,4
2048,1
2049,1
342,3,1
10247,2,2
2056,3
10250,0
10251,1
2063,2,4,3,4
10256,2,2
2065,1
10259,2
10261,1,3
2073,3,3
2074,4,4
10268,4
2079,4,4
10273,4
2082,2,3
10275,2
2085,0,0,0,0
2089,4
2094,1,1
2095,4
10288,3,4,4
10290,2
10292,2,1,3
2101,3
10296,4
10302,0,0,0
10303,3
2114,3,4
2116,3,3
2118,1,1
10312,4
10313,2,2
2122,3,4,3
2123,3
10316,4
10318,4
10320,1,0,0,0
2130,0,1
10324,1
2133,1
10326,0,3,0,0
10329,3
10330,0
10335,1,3
2144,1
10338,4
2147,3,2,2
2148,3
2149,2,3
10342,4,4
10344,3
10345,2,2
10347,1
2160,4
10354,3
10356,1
2169,4
2172,1
2174,4,2
2175,3
10372,4,4,4
10377,3,4,4
10378,4,2
2187,4,3,3
2189,4
10382,0
2191,2
10384,4
2193,4
10386,4
10387,4,3,4,4
10389,4
2198,4,2,4
1732,3
2203,1,3,1,1
2204,2
2207,0
10400,0
2210,3,2
10404,2
2214,2,2
2222,2
2223,4,4,4,3
9928,3
10418,2
2227,4
2229,4,3
10422,4
10427,4
2241,3
2250,3,0
375,2,4
10445,0
10446,3,4
10453,4,4,4
2264,1
10459,1,4,1,4
10460,0
10462,3,3
10464,4
2273,0
2274,2,2
10467,2
2279,4,4,3,4
10473,1
2287,3,4,4,4,4
2288,3,3
2290,4,4,4
2293,4,0,2
2294,3
2295,1,0,0,0,0,3
2297,1,0
2298,4
10491,3
10493,4,4
2302,1,3
2304,4
2308,4
2310,4,3
10505,4
10508,4,3,2
2317,3
10511,4
2320,4,4
2321,4,4,4
10514,1,3
2323,0
2324,4
10519,0
2328,4
2333,4,4
10529,2,2,3
10530,3,3,3,1
2340,4
2343,4,4
10537,3,3,4,3
2346,3,4
10542,4,3
2351,4
10548,3
10551,1,3,4,3
10552,4,2
10553,1
2364,4
2365,2
10558,3
2368,3,3
2369,3,4,4
10569,4
10571,4,4,4,4,4,4
10577,4
10578,3,2,4
2387,4,4
2388,4
10582,4,4,4
2392,4
2393,2,4
10586,0,1,1,1
10587,4
2397,0
2398,3
10591,3,3,1
10604,3,3,4
10606,1
2421,3
8596,4
10620,3
10621,4,2
2430,1
10624,3
2434,2
2436,4
10629,1
2444,4
10637,3
10638,4,0,0,4
2447,4
10647,3,4
10652,1,1
2461,3
10656,1
2465,3,4,4
8603,3
10660,4,3
10662,4
9969,3,0
10667,4
10678,4
10680,3
10681,1,1,0,1
10685,4,0
2496,4,4,3,3
2498,0
2500,4
10693,0,4
10694,3
10695,3,4
10696,4
2508,4,4,3
2510,1,0,0
10703,3,4
2515,3,4,4,4,2
10709,4,3,4,3,4
2518,3
2523,4,4
10716,1
10717,3
10720,4
10724,4
422,3
10726,4,4
2535,4,3
2536,4
2538,4
10731,3
2542,2,4,4
2543,4
2545,0
2548,1
2549,4
2550,1
10743,1
10744,3,2
2553,0,0
2555,4,4,4,4
2560,3
2563,4
10756,1
2568,0
10761,4,4
2571,1
2572,3
10768,3
10770,0
10771,4,4,4
10776,4
10778,1
2590,4
2592,4
2593,3
10786,4,4
2596,2
2597,1,0,0
10790,4,4
10792,4
2601,1,1,1
10795,0,0
2604,0
10797,3
2606,3,3,4
2607,3
435,3
2613,3
1801,0,1,1
10810,0
2619,4
1802,1,0
2625,4
10818,3
2627,1
2629,3,4
2630,4,4
2635,4
2636,4
10829,1
10832,4
2644,3
2646,4,2
10839,3,3
2650,4,4
10843,0
2652,0
8634,4
2654,3,4,3
10856,4
2666,1
2667,2,2,4
10863,3
2675,3
2676,4
2678,2
2680,0,0
10873,3
2682,4
2683,3
10876,1,1
10878,4,4
10005,4
2689,3
10882,3,3
2692,3,4
2693,3,2
2696,2,3
2699,4
10897,3,3
2706,3
10899,4
2708,3
2711,2,3,4
2712,3,3
10905,3
2715,3
10909,3
2719,3
10915,1,3,3,0,4,1
10918,2,3
2727,4
2729,2,4
10923,2
2732,1
2733,2
10930,0
10931,4
2742,0,4
10935,3
10939,1,2
2751,4,3
10945,1,1
10946,0,0
459,4
8652,3,3
2762,4
2763,2
10963,3
2773,3
10966,3,3
10967,4,4
10969,4,4
10970,3
2780,3
2784,2,1
2790,0
2793,0,0
2794,4
2796,4,4
10990,3
10991,0
10994,4
8659,3
2808,1
2811,3
1834,0
11007,4,4
2816,4
2817,4
2820,0,0
2821,3
11014,1
11020,4,2
11021,4
2830,4,3
2832,4
11026,0,0
11027,1
11030,4
2839,4
2841,4,4
2848,4
2850,3
11046,0,1,3
11048,4
11049,4
11058,4
11059,2
2870,4
11064,3,3,4,3,3
2874,3,4
11069,3
11070,3
11071,3,3,4,3,4
11072,4,3
11077,2,3
11080,1
11081,3
8674,2
11086,4,1
2897,3
11092,3
11096,3
11100,3
2909,3,2
11104,3,4
2918,3,4,4,4
2919,2,2
2922,3
11115,4,4,3
11116,2
2925,0,3,3
11118,4,2
2928,2
2930,3,4
3219,3,2
11128,0,0
2938,3
2942,0
11137,2
11138,3,3
2947,2
2950,4,4
11144,4,4,4
11145,4,4,3
11146,3
2956,4
2957,1,0
11151,3
11152,3
11153,3
10167,4
8282,1
2967,3
2968,4,2
2973,2,3,4,4
11168,3
2979,3
11183,3,4
2993,4,3
499,3
11188,3,1
2998,4
11191,3
3001,2,2
3004,4,4,2,3
3008,3,1,1
3009,3,0,1
3012,4
3015,3,3
3016,4
3018,3
3023,3
3024,3
504,2
10062,3
3031,1,1,3
3032,0
10063,4
3036,4,4
3040,4
3058,2
3059,2,2
3060,2,3,3,3
3062,1,0,0,0
3064,3
3065,2
3070,1,1
3080,4
3081,4,2,2
3082,4
3085,3
3086,1
3088,0,1
3089,0
3094,0,0
3096,3
3097,3
3099,4
3102,4
3104,4
10075,2
3110,4
3113,3,3,4
3114,2,2,3
3121,3,2,4
3124,2
10078,0
3126,4,2,2
3127,1
3141,3
3145,4,4,3,4
3150,4,4
3152,4
3153,0,1
3156,4,3
3159,1,1,1,0,0,0,1,0,0
3161,2
8719,4
3174,3
8721,4
3178,4
3180,3
3183,2,3,3
1197,4
3189,3
3192,4
3201,3,2,3
3202,0
3203,4
3217,4
3218,2
107,4
3224,4,4
3228,4
3229,4
10096,3
3235,2,2,2
3240,0
3241,0
541,1
1907,3,4
3252,3
381,3
3259,4
3261,1
6005,3
3269,4
3271,4,4,3,4
3273,4
3281,2
3284,2
3289,3
3292,0
3309,1,3,4
3313,4,4,3
3314,0
3315,4,3
3321,4
3322,3
3325,4
3327,4
3334,3,3
3342,0
3343,4,3,4,4,4,4
3346,2
1386,3
3349,3
3351,3
10116,4
3357,4
10118,4
3371,4,4
1928,3,4
3378,3
3381,4
3382,4,4
3385,3
3386,4
1930,3,3
3391,2
3394,4
3402,4
3404,2,2,4
3405,0
3406,4
3409,3
10126,4
3416,2
9661,2,3
3421,3,3,4,3
3422,3
7397,4
3425,4
3429,0
3430,1,0,0,1
572,2,3
3435,1
3436,0
3437,4,3
3444,3
3447,1,1
3448,3
3450,1,1
3453,4
3455,4
3456,2
1942,1
8769,2
3469,3
3472,4,4
3476,3
3477,4
2885,1
3481,4
9936,4,3
10138,3,3
3487,4,4,4
3492,1
3494,0
3495,1
3498,3,1,1
8776,3
3510,4
3511,2
3516,3,4
3532,4,1
3534,4
3538,4
1956,2,4
3547,4,3,4,4
3548,3
3561,4,4
3562,4
3563,0,0,0,0
3564,4,4,4,4
3573,4
3574,4,3,3
3580,3
3585,1
3587,3
3590,2,3
3591,4
3594,2,3
3601,4
3603,4
3605,3,0,1
3608,4
3615,3
3616,4,4,4
3629,1
3635,3,3,3,3,4,4,4
3640,3,2,3,3
3645,1,0,0
3646,4
3650,4
3653,3,3
3658,4
940,4
3663,0,4
3681,3
3687,4
3691,4
3693,0,1
8808,3,4
3698,2
3699,3
3701,3
3702,4,2,4
3704,3
3706,4,4,0
3707,0,1,1,0
3708,3
3709,3
3719,2
3724,2,3
621,4
3731,1
3733,4,4,3
3735,1
623,3
3744,3
3747,2,4,4
3748,3
3753,3,3
3755,0,1
3760,4
3763,0,1
3766,0,0
3773,3,4
3776,4
3787,1,3
3789,3
10190,3
3799,3
3805,4,4,4
3806,1
3807,3,4
3812,2
3813,1,0
3817,3
3819,2
3823,1
3830,3
3831,4
3833,2
3839,1
3845,0,1
3849,4,3,3
3853,1
3865,2
3866,0
3867,3
3871,3,4
10205,4
3898,1,1,1
3904,4
3910,3
3911,0
3912,4
3914,2
3922,0,0,0
10211,4
3924,4
3927,4
3928,4
3929,3,2
3930,4
656,3
3947,3
3959,3
2754,4,4
3964,2
3970,3
10219,1
3979,1
3980,2
2029,0
3987,3,1,1,3
3989,3
3995,4,3
3997,4,4
4000,4,4
4001,4
4003,4
4006,4
4009,1,1
4010,0,1
4012,4,4
4014,4,4
4015,3
4023,0,0
4025,4,3
675,2
4052,3
4055,4,4,4
4056,2
4063,4,3
4069,2,4,4,4
4071,2
4074,3
4078,0
4080,4
4082,4
4083,4
1227,3
4088,4,4
4091,0
4093,3,3
4099,4
4100,4
4101,4,3,1
8876,1,1,0
4110,3
4112,2
4118,3,4,4,3
4120,4
4125,2
4135,3,4
4137,3
4141,0,0
4152,3
4155,3,3
4157,1
4166,4,3
4167,4
4172,1
4177,2
4179,2,4
4180,3,3
4184,4,4
10255,4,3
10257,2
4202,4,4
4207,4
4210,3,3
4211,4
4214,0
4215,4
4219,0
4222,3
4223,4,4
4224,1
4231,2
4234,3
4235,3
4238,2
4240,0
4241,1
4242,3,3,3
4245,4
804,2
4256,4
4258,4
4261,4,4,1
4262,0,0
4263,3
4264,4,4
4267,0
4268,3
4278,3
4279,3,2
4282,3
4287,2
4288,4
4289,4
4292,4,4,4
4295,4
4298,4
4299,4
4300,0,4
4301,4
4307,2
4309,3,4
4311,2,4
8911,0
4316,3
4318,0
4323,1
4324,1,1,1,0
4325,3
4326,4,3,3
4330,4,4,4,4,2,2
4336,4
723,4,4
4340,3,2,2
4342,1
4344,3,3
4345,3
4348,0,0
4349,4,3
4351,4
4356,3
4361,2,4
4362,4,3,4
4365,3
4366,0,0,1
4371,2
10286,3,3
4378,3,4,4,2,3,4
4382,4,3
4384,4,4,2,3
4385,3,4,3,3,4,4
8923,1
4391,4,4,4
4393,2,4
4396,2
4400,2
4404,3
4406,0
4413,4
4414,0,1
4423,3
4426,3,2,4
4431,4
4437,4
4442,4
4448,3,2
4451,2
4458,4,3,4,2
4459,1
4460,3,3,3,3,3,4,4,3
4465,4
4466,1
4471,4
2111,3
4477,0
4479,3
4488,4
4489,1
4491,0,1
4494,1
10788,4
4499,4,4
4503,3,3
4504,3
4506,1,0,1
4509,2,2,2
4516,3,3,3
4520,4
4524,3,4
4527,1,0,0,1
4530,4,4
2121,4,3
4537,3,2
4538,4
4542,4
4548,0,0
4552,3,4,4
4556,3
4558,3
4559,4
4562,4
4567,3,4
4569,4
4570,4
4572,1
4574,1
4578,1,0,0,1,0,1
4580,2
4583,4
4589,4
4590,2
4596,4,4,4,3
4599,3,2,3
4602,4
4603,3
4604,0
4616,3,0,2
4622,3
4623,3
4626,3
4627,4,4
4635,4
2138,4,1,4
4641,4,3,4
4644,0
4646,2
3505,1
4648,4
4650,4
4654,1
4657,4
4660,4
4661,3,2,0
4662,3
4665,3
2143,4
4671,4
4682,3,3
4683,3,4
4685,2,2,2,2,2,2,2,3
4692,3
4697,1
4706,2
4707,0,3,4
4709,0
4716,4,3
8978,2
4722,1,1
4725,4
4726,4,3
4729,3
4731,3
4736,3
4737,4,3
4742,1
4743,4,3,3
4744,3,1
4747,3
4750,4,4
4756,3
4762,4,4
4763,4,3,4,1,4
4766,2,4,3,1
4768,4
4769,0
4775,4
4777,4,4
4786,4
10525,4
8990,0
4791,1
4792,4
2164,2
4794,4
4803,3
4804,3
4805,2,4
4806,3
801,4,3,4
4808,3
4809,3
4810,3
4815,3,1
4816,0
4817,3,3
4818,3,3
4819,2
4822,4,4
4825,2,3
4828,4
4830,1,0
4836,3,4
4842,3
4844,4
4875,3
4878,4
4881,3
4886,3
3545,4
4889,1,1,0,1
4890,0,0
816,4
4900,3,4,3
4901,3
4902,0
4904,4
4905,3
4912,3
4915,4
4923,4
4924,4,4
821,4,3
4933,3
4935,1
4939,3
4940,0,0
4944,4,3,4,4,4
9016,4
4950,3
4964,4,1,4
4968,1
4969,1
4972,2
4977,2
4985,2,3,3,4
4999,2
5001,4,4
5009,0
5012,3,4
5015,0,4,3,4
5019,3
5023,4,4
5044,0,0
5046,2
5050,4,4,4
5051,4
5054,3
5055,1
5057,1,0,1
5061,3,3
5063,1
5069,1,0,0,1
5072,4
5076,4
5077,0,1
9039,4,4
5086,4,4
5087,1
10406,4,4
5094,2
5095,3,3,4,4
5096,1,0,1
5098,3
5101,2
5102,1,0
5106,4
5112,3,3
5119,3,4
5125,4
5126,3
5129,0
5133,2
5134,3
5136,3
5138,4
10414,4
5148,1
5151,4
5152,4
5153,0
9051,1
5159,4
5161,1,0,0,0,1
5168,4
5173,2,2
5175,0
5178,1,0
5180,3
5184,0
5185,4,3
5186,4
2230,4
5197,3
5198,4
5200,3
9059,3,3
868,4
5211,4,4
5218,4
2235,1
5226,3
5230,2
5235,4
5240,3
5241,4,3
5242,4
5243,3
5244,0,0
5246,0,1
5250,0,0,0
5255,0,1,1
5259,1,0,0,0,0,0
5260,3
5276,0,0
5277,0
5279,4,4
5283,0
5292,0
5296,4
5299,1
5300,1,0
5307,1,0,0
5310,2,4,2,4
5312,1
5316,3,4
5317,4,4
5318,4
5323,4
5327,0,0
5331,1
2254,0,4
5338,1
5340,1,0
5343,4
5344,4,4,3
5345,3,3
5346,3,3
5347,3
5350,0,0
5353,0
5354,4
5363,4,4
5364,3
5369,0,0,0
895,2
5381,2
897,4
5386,2
5390,3,4
5396,0,1
5401,4,4,4
5414,4,3,4
5418,4,2
5422,3
2270,3
5445,2,4
5446,3
5450,4
5451,4,4,3
5454,0
5455,1,1,1
5462,3
5464,2,4,3
5473,0
5475,4,4
5476,0,0
5477,3,3
10471,3,3
5486,4,4
5488,4
5490,4
5493,1,0
5500,4,2
5502,1
5503,3,4,4
5519,3
5520,3
5530,4
5531,1
10480,1
5539,4
5543,4
10482,3
5551,3
5553,3,4,4
5554,1
5559,4
5567,3
3659,4
10486,2,3
5575,1
5577,3
5580,2
5582,4
5583,0,0,1
5584,0
5594,0,0
5595,3,3,2,2
5605,0
935,4,4,4,2,4,4
5622,0,0,1,1
5623,0
5624,4
5627,2,4
5633,3
5637,4
5641,3
5645,4
5652,3
5657,4
5659,4,2
5661,0
5664,3
9136,4
5669,3,3
5675,1,0
5676,3
5680,3
5682,4
5686,0
5687,4
5688,4
948,3
5693,0,0
5696,2
5699,3
5701,4,4,4
5704,0
5705,0
5713,3,3
5717,4
953,4
5724,4
5729,0,4
955,4,4,4
2322,4,3
5742,3,3
10515,3,2,2
5748,3,1
5751,4
5752,4,1
5754,3
5762,0,0,0,0,0,0,0,0
5765,1
5771,3,4
5774,3
5778,4
5781,3
5785,3,3,3
5787,4
5793,4,4,4
3739,4
5798,0
5806,4,4
5807,2,4
5817,3,4
5819,4,4
5826,4
9163,4,3
2337,4,4,4
5838,0,0
5840,4
5844,1,3
5848,3
5851,3
5852,4,4,3
5856,2,3
5858,4
5861,3,4
5872,2,2,1
5878,4
2345,3,3
5881,3
5883,3,3
5890,3,4,4,4,4,4
5892,0
5893,2,2,3
5895,3,3,3,3
2350,3
5915,3
5916,4,4,4
5917,3
5926,4
989,3
5938,3
5941,4
5944,3
5947,3
5952,1,3
5961,3
744,4,4
5968,3,0,1,1
5974,0,0
5975,0
5977,1,0,0
5980,4
5982,4
5983,1
5984,4
5989,4
5990,1
5999,4,4
6004,3,2
2366,4
6007,2,3
6012,4,4,4
6018,0,0,1
6023,4
6027,0
6033,3
6039,4,4,4
6047,0,4,4
6048,3
6049,4,4,4
6050,4,4
6051,0,0
6053,3
6054,4
6059,4,4
6061,3
6063,1,0
6066,1,0,3
6068,3
2377,1
6074,4,3
6076,3
6078,0
6081,1,4
6082,2
6083,4
6084,4
6089,1,1
6090,3,4
6091,1,0
6092,3,3
6093,3
6102,3
6103,4,3
6104,2,2,3
6107,4
6109,4
6110,3
6114,4
6119,3,4
6121,3,4
6122,1
7847,1,1
6128,0,0
6130,3,3,4
10579,4,4
6135,4
6136,3,3
10580,3
6138,3,3,3,4,4,1,3,4,3,3
6139,0,0
6153,3,4,3,3,4,3
6155,4,4
9219,2
6172,3
6174,3,4
6178,0
6182,3,0,0,0,1
6183,4,4,4
6185,2
6186,3
6197,1
6201,3
1034,2
6207,0
6211,1
6212,4,4,4
6223,0
6225,4,4
6234,1
6236,3
6240,0
6250,1
7869,4
6258,4
6261,4
6271,3
6272,0,1,0
6274,3
6276,3,4,3
6278,3
6287,3
6299,1
6301,4,3
6313,4
6315,1,1
6320,0,1,1,1,1
6326,3,3
6334,3,3,1,3
1056,3,3,1
6339,4,4
6341,0
6342,1
6348,4
6354,2
5155,0
6356,4,3,3
6362,4,3
6363,4
6364,0,0
6365,0
6373,4,3
6378,2
6379,3
6383,4,3,4,4,2
6384,4
6385,4
6397,0,0,0
6402,3,2
6407,3
6408,0
6415,4
6416,2
6421,4,3,3
6427,3
6429,0,0
6430,3
2437,1
6439,3
6446,3
6452,3
6456,0,4
6459,1
6465,1
6473,3
6476,2,2
6479,0
6481,0,2,4
6493,0
6494,4
6497,3
6763,4
6503,3
6504,1,1
6506,3,3
9764,4
6515,0
1088,3
6531,3
6533,4
6535,4,3
6537,3
6540,4,4
6548,2,3,4,4,3,3
6551,1,3
6552,4,4
1582,4
6558,3
6562,2
6563,4,4,4,4,4
6573,3,2
10653,4,4
6587,0
6589,1,0,3
6594,4,4,4,4
6595,4
6596,0
6599,3
6600,1
6601,4,3
6602,4
6603,4,4,3
9293,4
6609,0
6615,0
6616,4,4
2468,3
6620,4,4,4,4,4,4
6621,1,3,3,4
6622,4,4
6623,4,4,4
6625,0
6630,3
6632,0,0
6634,4,4
6641,1,1
5203,4,2
6644,4
6650,0,1,0
6653,3
6654,1,0,1,0,0,0,0,1
6655,1
6657,4,2,2
6663,3,3,4
1111,4,3,3
6668,3,4
6669,0,0,0
6686,1
6687,3,3,3
6691,3,1,4
6692,1,0,0,0
6695,1
6698,3,4
7861,0,0,0,0,0,1,0,0,0,1,0,0
6707,4
6711,1
6713,4
6715,4
6717,4
6725,4
6726,3,2
6730,0
6731,3,3
6737,4
6738,3
5219,1
6740,3,2
6741,3
6756,4
6758,2,2
6761,3
9319,3
6766,4
6768,4
9320,4
6773,2,3,3,3
6776,4
6777,3
6784,3
6785,2,4
6787,3
6788,3
6792,3
6801,3,3,2
6804,2,2
6808,4
6812,4
6819,4
6820,4
6825,4
6826,1
6827,4,4,4
1138,1,0
6831,4,4,4
6833,3
6835,3
6837,4
6839,4
6842,4
6843,3
6848,3
6851,4
6852,4
6853,0,1,0,0
6858,1
6860,4
6867,4
6868,4
6875,0
6879,1,0,0
6887,4
6894,4
6901,4,4
6903,0,1
6915,1,0,1
6919,3,3
6920,4
6921,4
6922,4,4,4
6923,0
6932,2,4,0
6934,3
6617,4
9348,0,1
6944,3
9350,0
6951,3,3,4
6952,4,3
1160,1,0
6967,1,4
6968,2
6969,3
6972,1,0
6976,1
6978,2
6985,0,0
6986,3,3
6992,3
6994,2,3
6996,4
6998,3
6999,4
7006,1,0,0,0,1,1
7009,4
7010,3
7018,4
7020,0
7022,3
7029,0
7035,2
7045,3
7050,1
7053,3
7056,3,3
7057,3
7060,4
7061,4
7065,1,0
7066,0
7077,4
7078,2,4
7080,3
1181,3
7088,0
7092,3,3,3,3
1600,4
7097,3
7098,4,4,4
7107,4,4
7108,3
7110,2,3
7111,4,4
7115,0,0
7117,4
7128,4
7138,3
9383,4
7149,0
7150,3
7153,4,3
7158,1
7162,3
7163,4,4,2,3
7164,3,1,3,4,3
7166,4,4
7168,1,1,0
7175,4
7182,2,3
7183,4
1603,4
7190,2,4
7197,2
7199,1
7202,3,3
7207,2
7240,4,4
10764,4,4
7249,4,4,3
7251,4
7254,4
7258,3
7264,4,4
7265,4
7266,0,0
7274,0
7279,3
7280,4,4,4,4
7286,3,4
7287,4
7288,4
7295,0
7302,4,4,4,4
7303,3
7309,4
2586,2,3,3
7327,1
7332,4
7334,0,0
7336,4
7338,4,3
7339,3
7343,4
7347,1
7350,2,1
7352,4
7354,3
7363,4
10785,4,4
7368,2,4,3,4,3
2594,2
7374,0,0,0,1
7384,2,2
7385,3,4
1231,0,1,1
7392,3
7393,4
7394,3,3
7395,3
7396,3
2598,4
7398,2,2
1233,4
7400,0,0
7401,3
7404,4
7405,4
10885,4
7417,4,4,3
1237,3
7427,4
7435,2
7439,4,4
7443,4
7447,0
7448,4
7449,3
7454,4,2,4
7456,0
7458,4
7466,0,0
7473,3
7487,4
1248,4,4
7493,3
9524,3
7496,4
7498,2
7500,3
7504,4
7506,4
7507,0
7523,4
7526,3
7530,1
7532,3,4,4
1257,2
7549,3,4
7551,4
7555,2,2
7560,3
7561,3
7569,2
7575,4,4
7576,0,1,1,0
7577,2
7584,3
7586,3,2
7590,4,4
7593,4,3,4
7599,3
7600,3
7603,1,3
7612,2
7615,1
7617,0
7618,0,0
7628,1
7629,2,2,4,3,4,4
1272,0,0
7637,0,0
7640,2
7648,3,3,1
7649,2,2
7650,3
7652,4
7661,3,1,3,4,4
7665,0
7666,4
7675,4
7679,4,4
7682,2
7690,0
7692,1
7694,4
7695,1
7701,1
1123,3
7703,3
7704,1,0
7707,3,3,3,4
10842,0,0
7712,1,0
2651,2,2
9478,3,4
7719,3,4,4
7721,3
7725,1,1,1
7726,4,4
7730,4
7735,3,4,4,4,4
7740,3,3
7744,4
7745,1,0
7747,0
7757,1,4
7763,4,2
7767,1
7773,3
7781,4
7786,1
7787,3
7793,1,3,1
7795,3
7803,3,1
7805,4,3
7808,4
7811,4
7824,3,3
7826,3
7830,4
7836,4,4
7840,4
1307,4,4
7845,4
6769,4,4,4
7856,4
1310,3
9809,4
7866,4,4,4,4
9054,4
7873,3,4
7874,3
7875,3,3
7876,3,4,0,4,4
7878,1
7886,0
10872,0,0,0
7892,4,3
7893,0,0
7899,4
9818,3
7904,4,4
1627,0
7909,4,4
7914,0,3,1
7917,3,3,4
7923,4
9513,4
7930,2,4
2687,4
7932,1
7940,4
7941,2
7947,1
2690,3
7950,4
7952,4
7953,4
7954,4
7958,0
7959,3
7966,3
7967,2
9520,1,0,0
7971,3
7980,4
7983,3
7984,0,0
7985,0
7992,3
7993,3
7994,4,4
7997,3
8000,4
8005,4
8008,0,0
8013,4,4
8020,1,0
8022,1,0,0
8027,4
8040,4,4,1
8041,2
8042,4
8044,3,3,3
8054,4,3
8063,0,0,1
8064,2
8069,0
8075,4
8082,3
8084,3
8085,1
8086,2
8093,4,3
8094,4,4,4
8095,2
8096,4
8097,1,1
10907,3
8100,3,1
8103,1,0
8106,0
8111,3,3
8112,3
8113,4
1634,3
8132,1,0
8133,4
8140,4,4
8141,2,4
8145,3,3,4
2723,4,3
8154,3
8161,3
8166,3,3,3
10919,3,4
8183,3,3
8186,4,4
8189,2,4
