0,0,0
8193,4
2,3
8195,1,3,3,3,3
4,4,4,0,1,2
8197,2,3,3
8198,4,4
8199,0,0,0,0,0
8200,0
8202,4,2,4
8203,4,4
8204,0
8206,4,4,4
15,0
8209,2
8210,2,1
8211,4,4,3,3
8212,0,1,0
22,2,2,2
23,3
9548,4,4
8217,4
26,4,1,1,0
27,3,3
28,1,1
29,0,0,0
30,4
5,3
8224,0,0,0
10928,0,0,1
34,4,4,2
8227,2,2,0,3,2
1,4
6,3
38,4,2,2,3
39,4,4,4
40,2
8234,2,2,4,3,2
8235,4
45,4,2
46,0,3
8239,2,3,2,3,4,4,4
8240,3
229,0,1,1
8243,4,4,4,3
54,4
8247,3
8248,1,1,0,0,0
57,3,3,3,1
58,0,0,1
9822,3,1,1
8254,4
63,4
8257,3,4
66,3,3,0,3,4,2
11,2
68,1,1,3,4
69,2
70,2,2,3
8263,1
8264,3,4,4
8267,1,1,1
8269,4,4,2,3,3
78,3,3
79,3,4,1
83,3
8276,1
86,0
8279,2
8282,2,3
8207,3,3,2,2,4
93,2,4
8286,2
95,4,4,3
8288,2,3,3
99,4
100,0
101,3,3
17,2
8296,4
105,1,0,0
8298,4
107,2
8300,3,3,4
8301,1,0,1,0,0
8302,2,3,2,3,3,3,2
111,4
8305,3
115,3
8308,2
8310,1,1,4,1
8311,2,4,4,4
121,3
122,2,4
123,3,1,3
124,3
125,2
2946,4
8320,2
130,4,2
9579,0,0,1
8324,2,4
8325,0,0,0,1,1
135,1,1,1,0
136,1
137,1,3
8331,4,4
8332,0,2
141,3
142,4,3
144,4,4,3
8337,1,0
8338,0
2755,0
8341,2,4
8343,3,2
152,4
153,4,3
8346,3,4,4
156,1,4
157,4,4
8350,0
5903,4
8352,2
8353,3
162,0,1
8356,0,0
8357,3
8359,4,4
168,4
170,0
171,4
8364,4
173,4
175,3
176,3,3
8369,4,4
8370,1
8371,4
8373,2
182,3
183,1,2
8377,3,3
186,4,3,3,3,4
8379,3,4
8380,3,3,3
189,1,0,0
190,0,1
191,4
8385,1
194,4,1
8387,2,4,3
8388,2
197,2,4
10645,4,3
8393,2,3
203,0,0,1,1
204,3,2
8226,3,3
8398,4,4
8399,4,4,3
208,3,4
1400,1,0,1
210,3
8404,2,3
214,3,3
8407,0,0
216,3
8410,0,0,0
219,2
8412,1,0
8415,2
8416,0,0,0,0,1,1
225,4
8418,3,4,3,4
227,3
8420,3,1
8421,3,3
8422,1,1
8424,4
9596,0,3
8426,3
8427,3,4,2,4
236,1
8430,4
239,4,3,4
8433,4
8434,3,4
2771,3,2,4,1,3,3,4,3,0
8436,1
245,4,4
246,2,2
8440,2
249,3
8444,4
8445,4
8447,3,2
258,4,3
8451,4
260,4
261,4
262,1
8455,4,4
8456,0,0,1,1,0
267,2
8462,0,0,1,1
8463,0
274,0
276,1,0
279,3
280,1,3,1
8473,4,4
8474,2
283,3,3,1
284,3
8478,0,1,4,0
289,3
8485,3
8486,4
8488,0
8489,2,3
298,3
8492,1
8495,3,3
304,3
8499,3,3
308,3
8503,3,4
8505,3,0,2,1
8506,4,4,4
315,3,2,2
318,3
8512,2,2
8513,1
322,4
1419,3,4,3,3,3
324,3,1,1,3,2
8517,0
326,4,3
327,3
328,3
8523,3,3
332,2
333,0,0
8526,4,4
8528,2,3,4
8529,4,4
338,3,4
341,4,3
8534,4,4
343,4,3,3
345,1,1
8538,4
347,3,3
8540,3,3,4,2
8250,3,2,3
350,0
8543,1,1,1
8545,2,3
354,4,2,2
10923,4
8550,1
8551,1,1,3,1,3,2,3,3,0,1
360,3,4
8553,3
8555,0,2
8557,1
366,4,4
367,1,1
8560,4,3
8561,0
370,3
8563,2,3,3
8564,3
8566,3
375,3,3
376,3,2
8569,0,1,0,0,1
10859,0
8255,4,4
380,2,2,2,2,2
381,3
8196,4,2
383,3
384,1
8577,3,4,4,1
8579,3
65,2
394,3,3
8587,2
396,4,2,3,3,4,2
8258,4
8590,2,2
2797,2
8593,1,1,3,2,3,2,3
404,3
8597,4,3
406,2,4,2,3
8599,1,0,0,0,1,0,1,1,1,0
408,2,2,3
8602,0
8603,4,4
414,4,1
8261,2,2,2
10925,3,4,4
8610,4
419,1,1
8612,0,0
5731,4,4
422,4,4,3
425,1,2
8618,4,4,2
71,4,3,4,4,3
428,4,3,4,3
429,4,3
430,3
431,2
8624,0
8625,3,1,0
8627,4
436,0
440,0
9631,4
8636,3
445,4,2,3,3,3
446,4,2
8639,4,3
8640,3
8643,3
453,1,0
8646,2,2
8647,4,4,4,3
456,0
457,4,4
458,3
459,2
460,3,3
8653,1,2
8657,1,4
466,0,1
8659,3
468,3
8661,4
473,3,3,2,2,2
475,1,1,0
8668,4,2,3
479,3,4
3,4
482,4,4
483,3,4
9638,4,4,4
488,2,4,2,3,3
8681,0,0
8684,0
495,1,1
8688,1,0,1
8689,3,3,4
498,1,0,1,1
8275,3
500,3,4,2,2,4,4
8693,3,3,4
8694,4
504,2
8697,4
506,0,1
507,3,4
508,3
8701,1
510,3,3,3
8703,2,3
512,3
9005,3,3,3
515,3,3
8708,2
8709,3,3,3
520,0,0,0
8713,2,4
8714,1
8716,0
8717,1,1,0,3
8719,2,3
528,4,3
8721,2,3,4,4
8722,4,4
531,0,1
9897,3
533,2
534,3
8727,4
8728,4
539,2,4,3,3,4,1
542,2,3
543,4,4
9648,4
8738,4
547,3
8740,2
8741,0,0
550,3,3,4,4
551,4,1
552,1,0,1,0
553,3,4
8746,0,0,0,0,0,0,1,0,0
555,4
8748,1,2
8749,2
558,3,2,2,3,2,3,2,3
8751,4,3
8752,4,4,4
561,1,1
8754,2,2,2,2,4,3,4,2,3
8755,3
564,1
565,4,4
566,4,3,4
11017,2,4
1460,3,4,3
8762,4,4,2,3,3
571,2,3,4,3
572,2,3,2,3
573,1,0
574,0,1,1
8768,0,0,0
8769,2
5469,4,4,4,4
580,2,2,4,2,4
581,3
583,2
8776,2,3,3
8777,4,4
8778,1,1,0,1
587,1,3,1
588,4,4
590,4
8783,0,1,0
592,4,2
8785,3,4
8786,4
8787,0
8789,3
8476,3
600,4
9840,0,0,0
8794,3,2
8795,2
605,4,4
606,0
8800,2,3,3,3,3
8801,3,3,3,4
610,4
612,1
8806,3
615,2
617,4,2,3
618,3
8811,2,3,4,4
620,4,3
10659,3,3,1
623,3,3,3
8816,3,3,2,3,3,4
104,1
626,4,4,4
628,0,3,0,1,0,0,1,0,0,0
8822,4,4,4
631,3,0,4
8825,4,3
634,0
8827,0
636,4
637,3
638,4
639,0
8832,3,3
1472,1,1
8834,4,0,1
643,1
645,0
647,4
648,3
8841,3,3,3
8842,3,2,3
2839,3,3,4
653,4,3
654,3
655,4
656,4,2
8849,3,4,4
658,3,2,4
8851,4
660,3
110,4,4,4,3
8854,1
8855,4
664,4,4,2,2,2
9668,4
666,2
667,2
8860,4,2
8862,0,3,1,1
672,1,3,1
8865,0,0
8868,2,3,4
8869,3,4
8870,4
8874,4
684,4
7115,0,0
8880,3
9672,3
690,0
8883,4,4,4
692,3,4,2,4,4,4
693,2,4
9279,3,2,2,4
10752,4
698,4,4,4,2,3
700,0,1,0
701,1
702,0
8895,3,2,1,1
704,3
8897,3,2
8898,4,3
8900,2,0
709,3,3,4
711,1,0,3
8905,0,0
8906,4,4
715,2,0,0,3
716,3
718,4
8911,0
8912,4,2,4,4
721,0
8914,0
723,4,4,3
9678,4,3
8918,1,1
727,4,4,4,3
728,2
2852,1
730,3,4
9679,3,3,2,3,2
732,0,1,1
733,2,2,4
734,3,4,2
8927,3
8928,4
8929,2,3,3,3
739,0
8932,2,4
2854,3,3
8934,0,1,1
743,2,4
8316,4,4
8938,3,3,2
747,2,3,2
749,4,3,4,3
8943,1
8944,3,2,2
754,3,1,2
8947,1,3,2
756,3,2
757,2,4
8951,4,4,4,1,3,3
760,3
762,2,3,4,2
763,4,3
11050,4,3
768,0
769,4
8962,0,0,0,0,0
8963,1,1,3,0,1,0
772,4
8967,2
776,3
8969,1
778,1,0
8971,4,4
8973,2
8974,3,1,0
11053,2
784,1,3,3,2,3
786,3
10119,1,0
790,1
791,4
2754,4
793,0,0
794,3
8987,0,0,1,0
8988,4,4
797,4,4
8990,1,1
801,2
802,1
8995,0
8996,4,3,3
8997,4,4
9000,3
811,2,3
813,3
816,3
9010,1
9011,3
9012,4
9014,0,0
824,4
9017,0,0,0,0
9018,0,3
9019,3
9020,2,4
9021,4,3,4
2869,3,3,3
9024,4,2,4
9025,2,3,3,3
9026,3,4
836,0,0,0
9029,0,0,3,1,1
9030,2,4,3
840,4
9034,4,4,2
7393,3
9037,0,0,1
846,2,0,2,1
9039,4,3,3
848,2,0,2,1,3,0
9041,3,2,2
852,3,1,3
9047,0
9049,3
9050,4,4
9051,4
860,1
9053,1
9054,3
863,0
9056,1
9058,0,1,1
2875,4
9060,4,4,2,3,2,4,3,3
9063,3
9064,3
9065,3,3
9066,4,4,3,3
9068,4,3,4,4
9069,4
878,4
2877,2
9073,3,3,3
882,0,0,0,0,1
884,3
9077,3
9080,1,1,1,1,0,0
9081,4
890,0,1,1,1,2,3
2879,1
1514,4
9086,3,0
149,3
896,2,3
2880,1
898,4
899,3,4
9092,4
901,1,0,0
9094,4
9096,1
905,0,3
906,3
9099,3,2,3
908,2,2,2
11074,3
9102,3
911,3
912,3,3
8344,1,0
916,0,1
1518,4
9112,2,3
2884,2,3
8214,0,1,0
9115,0
9116,0,0
925,2,2
926,0,0
9121,2
9123,4,4
932,0,0
9126,2
9127,3,4,3
9128,0,0
9130,1,4,4,2
9131,4,3
940,4,3,3,3,3,4
1522,0
9134,1,1
944,4,2
945,2,2,2
9138,3
948,4,2,2,2,2,2,3,3
9141,3
9142,3,3,2
2889,1,1
952,0,0,0,1,0
9145,3,3,3
9146,4,3,4
955,4
956,4
9149,4
9150,3
9151,0,0
9152,4
9153,0
962,0
9155,2
9157,1
9158,4
9159,3,2
10125,4
9163,3
9164,2
973,2
9166,0,0,0
9168,4,4
977,2,3,3,3
9170,2
981,3
982,2,2,4,4
983,3,3
984,0,0,0
985,4
9179,4
9181,4,4
990,2,1,0
992,3
993,0,1
9186,4
996,4
9189,4
9190,2,3,3
9191,4
9192,3,4
1532,3,4
9195,1
1005,3,3
9198,2,4,3,3
9199,1
1008,4
9202,2
1011,3
9205,3,4,2
9207,3
1016,0,0,1,0,0
1018,1,1,3
9211,2,3
9215,4
1807,1,1
1027,4,3,4,4
1028,0,3
9221,3
9222,4,2,3
1031,4,3
9224,3
9225,4,3,3,4,4,2,4,3
9226,3,3
1035,3
1036,0,1,1
8365,3,4
9233,0
1042,3
1043,3
9237,2,2,2,4,4,4
1046,4
9241,2
9242,2,2
1051,4
9244,2,3
1055,3,3,4,4
9248,4,4,3,3
10847,2,4
11099,0,1
9252,0,0,1,0
1062,4,4,3
9255,4
9256,3,3,2
9257,3,3,3,4,4,3
1066,2,4
1543,4
9260,4,4
178,4
9262,3
9263,2,4
1073,4,4
9266,4
9267,1,0,1
9270,4
1080,4,4,3
9273,0,0,1
1082,3,2,2,3,4
9276,0,1
8765,0,0,1
9278,3
1087,1,0,0,1,1,1,1,1
1088,3,3
1089,0,0,3,3,0,3
9282,3,3,3
9283,0,0
9284,3,2
1093,4
1094,4
9287,4
1097,3,4
9290,2,4,3,3,2,3
9291,2,4
9292,4
1101,4
1102,1
9295,4,4
1104,4,3,3,4,4,0
9298,2
1107,4,2,4,4
1108,2,3,3
9742,4,2,2,4,4
185,3
1112,4
771,3,3
9306,3,3
8378,4
9310,3
1119,1
9312,3
1121,3
9315,0,0,3
9316,4
9317,4,4
1126,4
9319,3,3,3
1129,4,2
9322,4
1132,2
9325,4
9328,0
9329,3,3,3
9332,3
9876,1
1142,2
1143,3
9336,4,3,4
9337,2
9338,4
1147,3,3,3,4
2922,3,2
1151,0,0
7019,3,4,4,4
9348,0,0
1157,3
9350,0,1
1159,1,1,1,3,0,0,0,0
9352,4
11116,3
1162,0
1163,3,3,3
1164,0
9358,2
9359,3,2,4,3,2
1168,4,4
1171,3
9365,4
9368,0
1178,2,4
1179,2
9555,3
9373,4,2,4,2,0,3,4
9374,0,0
1183,1
2928,3,3,4,3,4,2
1186,1,3,2
9379,3,3
9636,2,0,0,1
1194,3,3,1
1195,1,0,0,1
9388,4
9389,3,2
9390,3,4,3
9391,2
9392,2,2
1203,2
9396,2,3,3
1205,4
1206,4,4,4
9400,4
1209,3
1210,3
9759,2
9404,2,3
9406,3,3,4
9408,2,2,3,3,2
1217,3
9414,0,4,2
9415,3,4,3,2
9416,1
9417,0,1
11127,0,4,3,4,4
9420,0
9422,0,1,0,0
9423,4,4
1232,4
1233,4,1
1234,1
1571,1
1238,1,0,0
1239,4
9432,0,1,1
1241,1
9434,3
314,2,2,4
9436,4,4,4
1245,0
1246,1,1,1,1,1,0,1
9439,4
1248,4,4,4
9441,2,2
9442,3,4,3,4
9445,0,0
9447,1
1256,1,1,0,0
1257,3
1261,3,4,4,4
1263,4,4
9456,2
9457,3,3
9458,0,2
9459,2
9461,4,4,3
9463,3
9464,4
9465,2,4
9466,1,2
1275,2
1679,1
1277,1,0,1
1278,4
9471,3,4,4,4,3,4
9472,2
9473,4,2,3
1282,3,3
9475,3,2
1284,3,3,3
1285,1,2,0,0
1286,3,3,3,3,3,3,3,3,3,3
1288,2,3,4,4,4
9481,3,3,1,2
9482,3
1292,4,3
1293,4
9487,4,4,4
1296,0,3,0,0,0,0,0,0,0
1297,3,3,3,3,3
1298,3,4
9493,2,2,2,0
1303,4,4,4,3,3
1305,3
9498,3,3,3,2,3,3,3
1307,4,3
1308,4,3
1309,0,3
9502,1,0,0
1313,3,3
9506,4
1315,4,3,4
9508,1
9510,0,0,0,1
8500,2,3,3
220,0,1
11143,4
9516,2,2
1325,3,2
1326,4,4,4
9519,2,1,4,2,3
1328,4,4,4
9522,2,2,3,3
1331,3,3
1332,0,0
1333,3,3
9526,0,1
1335,4,2,3
9530,3
1339,3,3
1340,3,3
1341,3,3,2
9534,3,3
1343,4,2
1344,1
9537,0
1346,4
7137,4
1348,1
9541,0
1350,1
9545,4,2,0
9546,0,0,0
9547,0,0,3,4
1356,3
9549,4,3
2573,1,3,3
1361,3
118,3,4
1363,1
1364,0
1365,2,3,1,1,1
1367,3,4
591,4
1372,4
1373,3
9567,4,3
9569,4
1380,0,0,0
9577,2,4
1386,4,4
1387,0
9582,3,3,3
9583,0
232,2
1394,4
11155,4,4,4
9588,2
9589,4
1398,1,0,1
9592,1,1
9593,4
9594,4,3
9595,3
1404,4,3,4
1405,4,3,4,4,4,2,0,0,4,1
1406,1
9599,3,4
1409,1,1
235,0
1412,3
1414,4,4,3
1415,1,0
1417,3,3,2,3
9611,4,1
9612,3,3
1421,1
9614,2,4,2,4,3
1424,4,4,4,3
9617,0,0
9618,3,2
1428,2,3
1429,4,3,3,4
9622,0,3,3
1431,1,1
9624,4,3
1433,2,4
8818,1
1437,3
1439,1,1
9632,4,4,4
1441,1
9634,2
1443,2,4
1444,3,3
9798,4
1446,0,0
1448,1,1
9641,4,4
1450,0
1452,4,4,4
1454,4,2,3,3
1455,3,3
1456,0,0
9649,4
1458,4
1459,3
9652,2,3,3,4,1,2
9653,4
1462,2,3
9655,2
9656,4,3
244,4,3,4
1467,2,4,4,3,3,4,4,2
1469,1
1470,2,2
8437,3,3,1
9664,3
9665,4,4,2
1475,4,3
1476,4,4,3,1
9669,2,1,3
1479,3,4
1480,4
1481,0,1,0,0,0
9675,0,0,0,1
9676,3
9677,0,0,1,1,4
1486,3,3,3
1487,3,2
9680,2
9681,3
9682,0,0
9683,4
1492,3,3,4,4
1493,2
1494,3
9597,2
9688,3,4
9689,4
9690,4,3,3
9691,3,4,3
9692,3,4
9693,3,1
1502,0,0
1503,3,3
9696,3
2982,4
9703,1
9704,4
9706,2,2,2,3
9707,2
9709,3,4,4,4,3,3,3,4,3,2,4,4,4,2
9710,0,0
9712,4,2
9713,4,4,3
9714,1,0
1523,2,2
9717,3
9718,4
9719,4
1529,2
9722,3
1531,4
9724,2,4
2986,3
1534,4,4,4
1536,3,4
1537,1,3,3,3,1,1
1538,0
11179,3
1622,1,0
1542,0,1,0
9735,4,4
1544,1,2,4,4
9739,1,2
9740,1,0,1
1549,1
1550,4,3
1553,1,3,1
9746,4
1555,3,4,3
1556,0,1,0,2,1,2,4,1,1,2
1557,1,0,1,1
1559,3
9752,3,1,0,0,0
9753,0,1
1562,4,3,3,4
11183,0
9756,2
9757,4
9758,4,1
1567,0,0
9760,3
9763,3
1572,4,4
1573,4,2
1576,1,3
9820,3,3
9770,4
1579,0
1580,4
2206,0,3,3
9775,0,0,1,0,0
1584,2,2
1585,0,3,1,1
1589,3,3,4,2,3,3
1590,2,3
1591,3
1592,3,4
1593,4,3,3,3,4
1595,0,0,0,0,0,1
9788,3
1597,4
9792,4,4
9793,4
9794,4,2
9796,0,1
1605,4,3,4,4,3
1606,0,0,0,1
9825,4
1608,3,2
9801,2,4,3,3,3,4
1610,4,4
9804,3,1,0
1613,1,0
1614,3
1615,4
9808,3
1618,2,0,0
9811,2,3,3
270,3
9814,4
3001,2
9816,0,0,0
1626,4
9819,1,1,2,0,3
1628,2
1629,3,2,4,2,4,4,4
1630,4,4
1631,4
9824,4
1633,3,3,4
1634,3,1
1636,1
9829,2
9830,2,2,4
9831,4,2
1640,4
9833,0,0
1642,3,4,3
1639,4
9837,4,4,4
9839,3,1
10966,4,1
1649,4
9843,0,0,0
9844,1
1656,3
1657,3
1659,3
9852,1,1,0,0
9834,0
1662,3,3
9855,2
1664,4,4
9857,3,0,0
1666,1
1667,3,1,3
9860,1
9861,3
9862,0
1671,3,3
9864,3
1673,3,1
9866,3,4
9868,3
9869,3
1678,3,3,2
1645,4
9872,3,0,0,1
1681,0
1682,0
1684,0,0,0
1685,4,4
9881,3
9882,2,3
9883,4,2
9884,4,1,4,3
9885,4
9886,0,0,0,0
1695,3
1648,2,3
9891,1
9892,4
9893,4,3
1702,3
1704,0,3,4
1705,0,0
9898,2
9900,2
9902,3,3
9903,3
9905,4
1714,4,4,3,3
1715,4,4,4
1716,1,3,2,3
1717,2
1718,1
9913,4
9059,3
1724,4,4,4
9917,0,0,0
9918,2
1727,3,4
9920,0,1
3058,4
9922,3,4
9923,4,4
1732,4,2,2,4
9925,3,1,3,0,1,0
1735,3,3,2,3
1736,1,0
9929,1,0,0
1738,2
1740,3,3
1742,1,3,3,4,3,4,4
1743,0,0,0
1745,3
9939,1
9941,2,4
9942,4,3,4
9944,4,2
1753,1,0
9946,3,1
10424,1,0
1756,3
9949,1,0,1,0,0
1758,4
9951,4
9953,4
9954,3,4,3
9955,4
9957,3,2
9958,4
1767,4,2
9960,3
9961,4,3
1772,2,2,3
9965,3
1774,0
1776,3,4
296,1
1778,3,3
9972,1,3,3
1781,0,1
9975,0,0,1,0
1784,2,1,2
1785,0,0,0,1
1789,3,4,3
9983,0
9984,4,3
1793,2,2,2
1794,2
1795,3,4,3
9988,0,1
1797,3,3,4,4,4
1798,2,3
9992,0
1801,2
1802,0
1803,3
9997,3
9998,4
9999,4,2,4
1810,3
10003,0
1812,0,0,0
9341,1,3,2
1815,3
10008,2
1818,1,0
4399,3,3,3
1821,3
10015,2
8496,4,4
1826,3
1827,0,0,0
10020,3,4,1,4,3
1670,4,1,3
1831,3,3
1832,4
10025,0,0
1834,1,0,1
10029,3
1838,0
1840,1,0,1,1
1672,2,4
10034,0,1
10035,1,1
10036,4
1845,0,0,1,0,0,0
1846,0,0
10039,1
1848,4
10041,4,3
1850,1,1
1851,0,1
10045,0,0,0,0,0,0,0,0
10046,3,3,2,3,3,1,3
1855,1
9609,2
10049,4,3
10050,0
1860,2
10053,2,2
1862,0,0
10055,1,0,0
10057,1,1
10058,2
1867,4,4
1868,2,2,2,2,2,2
10061,2,2
10062,3,1
1871,4,4
1872,2
1873,4,3
10067,2,4,4,4
10068,1
10069,2,2,2,4,3
1878,2,2,2,2
313,0,1
1880,1,0
10073,1
10074,1,1,1
10075,2,3
1884,4
1885,4
1887,2,3
10080,3
1889,3
10083,4,3
1894,2
9873,3,3
10089,2
10090,3,1
10091,4,2
10092,4,1
10093,3,1,3
10094,1,3,1,1
10097,4
1908,3
1910,3,2
1911,4,3
1913,0,1
1914,0,0,0,0,0,0
1916,4,3
10975,0,1
10113,4,2
10115,3,3
10116,3,1,0
2519,4
321,0,1
1930,3
1933,2,3
10126,2
1937,4
1938,2,2,2,2,3
8515,1,1
10132,2
1941,3,3
10134,4,4
1943,3
10136,4,2
1945,4,2,2,3
1946,4
1948,0,0,1,0
10141,3
10142,4
10144,4
10145,3
10148,4,4
10149,3
1958,3
10151,2,4
10152,3,1,0
1961,3,4,3,4,3,3,3,3,3
1962,3,4
1963,4,3,3
1965,0
10158,0,0,0,0,0,3,1,0,1
10159,0,0,0,0
10160,2,3,3,3,3,3,4,3
10161,1
1971,4
10164,3
10165,4,3
1974,0,1
10167,3,2,4
1976,2,3
10169,1
10170,1,0,1
10171,4
1982,3,3,1,4
10175,2
1984,4
10177,4,2,4,3
10178,2
10180,3,4
10181,3
1990,0,0,0,0,0,1,0,1,1,1,0
10183,3,3
1992,4
8524,4,2
10186,4,3
10106,3,3,3
10189,3,3,4,4
1998,4,4,3
8525,3
2001,3
2002,3,3
10196,1,0
10197,3,1,2,2,3,3
2006,1
2007,2,2,2,3
10200,3,3,4
1700,3
2011,3,4
2013,3
10206,4
1701,4,1
10209,3,2,3
2018,0,1
2019,0,0,1
2020,1,2,1
9894,3
2022,0,1
2023,2
2026,0,1
10221,2
2030,4,3,2
2031,4,3,3,4
10224,3
9896,4,4
10227,4,4,4,4,4
10228,2
2039,3
2040,0,0,3
2041,3,4
10234,2,3,4,1,2
2044,4
1706,4
10238,3
2047,3
2048,3
10241,0,0,0,1
10242,3,1
10243,0
10244,4,4
2053,0,4
10246,2,4
10247,1,2
10248,4
2057,3,3
10250,1
10252,3
2063,4
10257,4
2066,3
2067,3,4
2069,3,3,4
10262,2,1,1
2072,0
10266,3,4
2076,3
10269,0,0
2078,4,4,4
2079,2,3
10273,3,3
10277,0,1,1
10278,1
10279,3
10280,1
2091,3,3
10285,3
10286,3
2095,2,2
10288,2,4,3,4,2,4,4,2
2097,3,4,3
2098,0
2100,4
8542,4,4
2103,3,1,3,3,3
1161,1
10298,4,4
2107,3
10300,0
10301,2,2,2
2110,3,3
2111,3
2087,0
10305,0,3
10306,3
2116,3
10309,4
2118,0,1,1,0
2120,1,3,3,3,1,0,1,1,3,1,3,1,1
10314,2,2
10315,0,0
2124,0,1,0,1,0
10317,3,4
2126,2,3
10319,2
10321,4
10322,3,3
10323,4
10324,0,1,0
10327,0,3,0,1,1,1
10329,3,4,4,3
2138,2,2
2140,3,3,3
2141,3
10334,4,4
2144,3,4,4
10337,3
9915,2,2
2148,2,3,3
10341,4,0
10342,4
10343,3,2
10345,3
10348,2
10349,3
2158,3,4
10352,4,2
2162,2,2,3,2,2,2
10356,0,1,0
2165,4
361,3
2169,4,4,4,4
2172,1
2173,3,3,4,3,3,4
10367,0
2177,4
10370,0
10371,1,0,0,0
10372,4
2181,3,4
2182,2,2,2,4,4
10375,4,4
2184,1
10378,1,1
2187,4
2189,3,4
2190,0,1
2191,1,3,2,2
10384,2
2193,4,3
1731,3
2196,4,4,4
10389,3
2199,4,3,4,4
10392,3,3,4,4
10393,3,4
10395,2
346,1
2205,4
10398,2,4,3
1733,3,3
2209,2,2,3
2210,4,3
2211,3,3
10404,3
10405,0,0,1,0,0
9621,4,3,4
3100,0,0
2218,2,2,3,3
2220,4,3
2221,3
10414,1,4,4
3101,3,3,2
10418,3,4
2227,2,2
10420,3
2229,3
2230,4
2232,3
9076,2
2235,1
10428,1,3
2237,4
2238,4,4,2
10432,2
2241,3,3
10439,3,3
9932,0,1
2252,3
10445,0,0,0
2254,3
2255,3,4,4,4
2256,2,2
2257,1,2
10450,3
2259,3
2260,4
10453,4,4,4,4,3,4
2263,4
2266,4,3,3,4
10459,2,2,3,2
2269,3,3,4,4
2270,2
621,4
10464,4,4,3,2,3,4
2273,3
10466,0,4
2275,0,0
10468,3,2,2,2,2
10063,3
2278,2
9726,4,3,3
2282,2,4,4
2284,2
2286,3,3
8573,3
2288,3
10481,1
10482,2,3
2293,1,2
2296,4,4,4
10489,3
10491,2,4,3,2,2,2
2300,0,1
2301,0,0
10494,2,1,4,3
2305,2
10499,2
2308,2
10502,3
10503,2
2312,2,4,3
10505,3,1,4,4,3
10506,0
2315,3,2
2316,3,4,4,4
2317,1,3,0
2318,4,4
10511,4,3,4,2,4
2320,4
2324,4
10518,3,4,3
1652,1,0,0
10521,3,3,2
10522,0,0,0
2331,4,4,3,2,2
2332,3
10527,2,2,2,2,2,3
10528,0
10529,2,3,2,2,4,2
10530,3,3,3
2340,3,4
10533,0,0
2342,3,4,3,4
10537,4,4,3
2349,0,1,0
10542,4,4
10543,3
2352,4
10545,3
2355,0,0
10548,3,4,3
2357,1,0
10550,1
10551,1,1,1
10552,4,3
2361,2,3
10554,4,4,2,2,4
10556,4
2365,4
2366,4,3
2367,1,1
2369,3,4,4,4,4,3
10562,0,1,0,0,0
2371,3
2374,1,1,0,1,0,0,1
2375,1,3
2376,3,1
10569,4
1875,0,0,0,1,0,0
10571,3,4,3,4,4,2,3,3
2380,4,4
10573,4
10574,0,3,0,3
2383,2,4,4,4,2,4
10576,3,2,2
10577,4,4,4
10578,2,3,4,2
2387,4
2388,4
2389,4
10582,4
2391,1,4,3,4
10584,4,4,3,4,4,4
2393,3
3353,3
10589,0
10590,0,1,1,1
2399,0,0,0
10593,1
2402,3
10595,0,3
2404,4,4
10598,2
401,3,2
2408,3,3
10601,0,1
2410,2,4
10603,3,2
10604,3
10606,2,3
2415,3
10608,3
1768,3
8363,3
2419,0
10612,4,4,4
2421,3,2,4
10614,0,0
2423,2,0,2,0,2
10617,4
2426,0,0
10619,2,2
10620,4,4
2429,0
2430,0,1
2432,0
10629,3
10630,3,3,3
10632,2
10633,3
407,4
2444,4,4,4
2445,4,3,3
2446,0,0
10639,1,0
10640,1,0,1,0,1,3
10642,4
9966,3,2
2455,4
2460,4,4,4
10654,0,1
2463,0,0
10656,1
10657,0
10658,4,3,3,3,3,4
411,4,4,2,4
10660,4,4,3
2469,4,3,3,3
10662,4
2471,4,4,4
10664,1,3,3,1,4
10666,2
2476,2
10669,3,4,3
10670,2
10671,3,3
10672,1,3
10673,3,3,4,3
2482,3,1,0,0,0,0
2485,4,4,4
10679,3,2,2
2488,3
10681,0,1,0
10682,4
8607,0
2495,2,1
10689,3
10690,2,4
2499,3,4,4,2,2
2500,4
10693,2
2503,3,1
2505,3,1,3,2
1783,3,3,3
10700,3,4
2509,4,4,2,2
2510,0
10704,2,4,2
10705,0,3
2514,0
10709,2,4
2518,3,4,2,4,4
10711,3
2520,3
2521,3,4
2522,3,0
2523,4
10717,4
10718,4,2
2529,2
2530,2,2
10723,4,3
10724,4
10726,4,4,4,4
7249,3
2536,0
10729,4,3
2538,4
2539,3,3
10733,3
10734,0,0
10735,3
10736,3
10739,1
2548,1
9616,2
2550,0,0,1,1,4,3,2,2,3,0,0
8617,0,0,1
2552,3,3,3
10745,4
2554,4,4
10747,4,4
426,3
2558,2,3,3
2559,3,3,2
2560,3
10753,0,0,0,1,0
427,0
10756,4
6632,0
10758,0,1
2567,3
2568,4,3
2571,1,1
10764,1,1,1
9986,4
10766,0
2575,2,0,1
2576,1,0
10769,0,0,0
10770,0,0
2579,3
10772,3
10773,3
9906,1,0
10776,4,4
2585,4,4,4,3,4,4,4
10779,4
2590,4,2
10783,0,1
2592,4
432,1
2595,3,3,4,4,3
10788,4,2,4
2597,1,1,0,3
10790,4
2601,1
2602,4
10795,0
2605,1,0
2606,4
2607,4,3
10800,0,0,0
10803,3,3
10804,3
2613,3,4,3,3
2614,1,0,0,0,0
10807,4,3,2
2616,0
2621,0,0,1,1
10814,0,0,0,0,0
10816,2,3
10817,3
2626,4,3,0,0
2627,4,0
10821,3
2145,4
10823,2
2633,4
2634,0
2635,2
10829,1,0
2642,1
10835,2,4
10836,3
2645,4,3,3
2646,3
2648,3,4
2649,1
10843,0,0
2652,0
10845,4
10846,4,4
3173,3,2
2656,3,3
2658,0
2660,4
2661,1
2664,3,2,4,3,1,1,3
10858,0,1,0
2667,2
10860,0,0,0,0,0,0,0,1,0,0
2669,0,1,1
509,2
8637,3
2672,1
10866,1,2
10867,3,4
8638,4
10871,2,4
9565,4,4
2681,3,3,3
10874,2,4,3
4543,0,1
2687,4,4
2688,4
2689,1,4
10882,3
2691,2,2,4,4,3,2,3,3
2694,3
2698,3
10891,0,1
10895,3,4,3
2704,3
2705,3,4
2706,3,4
451,0,0
2708,2
10902,1
2711,4,4,4,4,4,3
2713,3
2714,1,1,0,0,1,0,0
363,4,4
2716,1,4,1
10909,4,2
2718,3
10911,1,3
2720,3
2721,3,3
2722,4
454,4
2727,4,4,4
2728,1,0,0
10921,1,3,2,4
2730,3,2
2731,0
10924,4,4
2733,2,3,2
10926,2,4,4
10927,4
2736,1,0,1
2737,2,3
2739,3
10932,3,3,3
2741,4
2742,4,4
8649,3,2
2745,0
2746,1
2749,2,4
10942,4,2
2751,3
2752,3,4,4,3,4
10946,0
10947,2,4
10948,4,3,2,4
2758,4,2
10952,1
2274,2,3,4
10954,3,2,2,4
2547,1
10962,3,3
10963,4
2773,1
2774,3,3,3
10967,3,3
10968,3
2777,4,3
2781,2,3,4
10974,2
10021,4
2786,4,4
2787,0,4
2789,4,4,3,3
2790,0,0
2791,0
2792,1
2793,1,1
2794,4,4,4,4
2796,4
10989,4
2799,4,3
10992,4
10993,3
2802,3
10995,1,1
2804,4,3
1833,4
2808,0,0,0
11003,2
2812,2,2,2
11006,2
455,3,1,1,3
2816,4,4,4,4,4,4,4
11009,3
11010,4,1
11012,3
2821,3,0,1,4,4
11014,1,0,1
2823,3,1
11016,3
2825,4,4
11018,0
11019,4
2828,1,2,3,4
11021,4,3,3,3,3,4,3,2
2830,4
11023,4,2
11024,4
11025,3,3,4,3,2,3
2834,3
11027,4,4,4
10030,2,2,2,0,4,3
8665,4,2,2,4
11034,4
11035,4
11037,3,3,3
2846,3
11039,1
2849,3
2850,0,1,0
2851,1,0
11044,2,3
11045,0
11046,1
10033,1
11048,3,2,4
2858,4
11051,2,3
2860,0,1
2861,2,2,2
5278,2,2
2864,3,3,3,3
11057,4,3,3,3
2866,4,3
2867,1,1
2868,2,2,3,3,2
11061,4,4
2870,3,4
11064,4,3,2,3,4,4,4,3
2873,4
11067,2
11068,4,4
11069,3,0,1,3,1,1
11070,2
11071,2,2,3
11072,3,3
2881,2,2
2882,3
2175,4,3
11076,4,2,4
10038,4,3
2886,3,2
2887,1,0,0
11081,1
11083,3,3
11085,4,3
11086,4,2,2,2
2896,0,0
2897,4,4
2898,0,0
11094,4,1
11096,2,2,3,1
2905,0,1
11098,3,3
2907,3,4,4,4
10042,2
11103,4,3,3,3,4,4
11104,3,3,2
11105,3
2914,3
11107,3,1,3,3,3,1
11109,1
11110,1,0,0,0,1,0,0,1
11112,4
11113,0
11114,4
11115,3
2924,3
2926,3,2,2
11120,0,0
2930,4,4
2931,0,0,0,0
11124,3,3
2933,1,0
11126,4,4
2935,0,1
2936,1,0,0
11129,2,1
11131,1,0
11133,3
2942,1,0
2945,4
11138,4,0
2947,2
2950,4,4,3
5953,3,3,3
2952,1
11145,3
2826,1,1
2955,3,4,3,3,3,1
2958,1,0
11153,4,4
2962,4
2963,3
2964,4
11158,0
2967,3
2968,1
2970,3
2972,3,4,4
11165,2
2974,0,0
2975,3,3
11168,4,4
11170,2,4
2979,4,4,4
11173,2
11174,2,2,2,3
11175,0
11177,2
11178,1,1
1863,4,4
2988,4
11181,4,4,4
2991,3
11184,0,0,0
11185,3
2994,1,1
2995,4,2,2,2
2996,3,3,4,4
11189,0,1
2998,4
11191,2
8692,0
3003,3,1
3004,3,3,3
3005,1,1,3,1,1
3007,1,1,1
3009,3,3,4
3011,3,3,3,3,3
3015,3
3018,1,2,1
3020,4
3022,4
3024,4
3025,3
3028,2
3030,3,2
505,3,4,3
3035,0,1
3038,3,4,4
3039,0
3041,0
3043,0,3
3044,4
3046,3,4,1,3
3050,4
3239,4,4
3052,4,4,3
3055,2,0
3057,1
920,2,2
3059,4,2,4,4
8702,4,2
3062,0,0
3063,4
3065,4,4
3066,4
3068,1
3070,1,1,0
3077,3
1166,1
3082,3
3083,1
3084,0,0
514,3,4
3088,0,0
3089,0,1,0
3094,1
3095,4,2,3,3,3
3097,3
3098,1
3099,3,3
8313,3
1882,2,3
3102,4
3103,4
3107,0,0
3112,3
3113,3
3114,4,2,2,2,2,2,2,2,2,3,2,2,2
3115,0
3116,2,2
3117,4,3
3118,3
3119,0
8712,4
3122,3,3
3123,4
3125,0,1
3126,2
3130,1
3131,2,2
3132,4,3,4
3140,0
3143,2
3146,3
3150,3,4
4621,3,1,4
3153,0,1
3154,2
3155,3
3159,1
3161,2,2,2,3,3
527,4
3164,4,3
3166,2,4
3168,4,1,0,0,1
3169,4,3
3170,3
10086,3,0,4
3179,0,1,1,0
3182,3
3184,2
3185,0
3188,1
3189,3,4
3191,3,4
532,3,3
3194,1,0
3196,0,0,0,0
1898,4
3202,1,1,0,3,1
3205,4,3,4
3206,0
3207,1
3208,1
3209,3
3210,3,4,3,4,2
535,3
3216,3
3218,2,3,1
3220,1,0,1,0,0
1471,4,4,2,3
7441,1,4
3270,2
3238,1,1,1,1
1905,3,4,4
3241,0,1
3242,4
3243,2,4
3244,0,0,0,1,0,3
567,2
3247,2,4
8837,3,4,4
108,3
9296,3
3251,2,2
3254,0,0
3255,3,3
3256,4
3258,2,4
3259,3
3261,4,4,4,3,4
3265,4
8696,3
3268,3
11020,3,4
3271,4,4
3274,3,1,4
3279,3,3
3280,3
3282,0
8739,2
2837,4,4
3286,3,2,3,3
3287,3
3288,0,1
3291,4,2
3292,0
2204,3
549,2
3298,1
3299,3,3,3,3
3301,4,4,3
3302,3
3304,1,2,0
3305,0,1
8743,4,4
3309,4,4
3310,4
3314,1
3316,3,2,3,3
3318,0
3319,1
3320,0,3,3,2,3,3,2,1
3321,3
3323,4
3331,1,3
3334,1
3335,3,3,3
3337,3,3,2,3,3,3
2566,1
3340,4
3341,1,0,0
3342,1,1
557,0
3344,3
3346,2
3347,0,0
3348,0,0
3349,3,2,0
3351,4,4,4
1924,1,3
3356,1
3357,4,2
3360,0
3361,3,0,4
3362,1,3
7387,4,4
3364,4
1926,4
3367,3
3368,3,3,4
3371,2,3
3373,3
385,4,1
3377,0,1,0,0,3
3379,4
3382,3
3383,4,4
3384,3,3,3,3,3
8756,4,4,4
3387,1,3,0,0,3
3389,4,4
7392,2,3
3394,4,3,3
3395,0,1,0
5023,4
3397,2,2,2,2,2,2
3399,4
3401,3
3402,3,3
3403,4,3,2
3407,1
3409,2,4
3410,3,1,0
3411,0
3413,4,4
3414,3,4
8761,4
3416,3
3417,2
9188,3,3,3,1,2,3
3421,4,3,3,4,3,3
3423,3
3426,3
3429,1
10129,0,0,2
3433,3
3434,4
3435,0,0,0
3436,0
3438,0,3,3
3439,0
3441,1
3442,3
3444,3,3,3,3,2
3446,1,0,0,0
3447,0,0,0
2297,0,1,1
3454,0,0
3455,4,2,4
576,4
3458,0,0
10621,4,3
3465,1,3,4
3466,4
3470,3,4,3
6935,3
3474,3,3
8299,3
3476,2,4
3479,4,3
3480,3
3482,4,2
3483,1,0,3,3,3
8773,0,0,0,0,0,1
3491,0
3493,4
3494,1,1,1,1
3495,1,1
10140,4,4
3500,2,4,3
3503,1,2,0
3504,4,3
3507,1,2
3509,3,4,4
3510,2
3513,4
3514,3,3,4
3515,3,3
3516,3
586,0
3518,4
7061,3
3520,2,2,2
10210,4,3,0
3523,3
3524,4
3530,3,4
3532,3,4,3,2
3533,1,1
3539,0
8782,3,4
3544,0
1956,4,3
569,3
3547,3,4,2
3548,0,3
3549,0
3550,4,4,4,3,3
3551,4,4
3555,0,0,0
3556,4
10150,0
3558,4,3,4,4,2
3559,3,4,3
3561,4
2915,1
1959,2,4,4
594,3
1960,3
595,3
3572,4,4
3574,4,3,3
3577,2
3578,3,4,4,4,4
3579,2
3581,0,1,1,1
597,4,3,2
3585,1,2
3588,4,2
3589,3,2,2,2,4,3
3591,4,3,4
3592,0
3593,2
3594,0,3,3
3596,1
3597,2,4,3,3
9667,1,1
3599,0,1,0,0,1
3602,3
3605,4
3606,1,0
8793,4
3608,4,4,4,2,2
3610,4
602,3
624,0,0,0,4,1
3616,4
686,4
3621,3
3624,4,2
3625,2,2
3626,2,4,2,4
3627,4
1497,3
3629,2,3,1,1,3
3630,3,2
3633,3
3634,3,3
3635,3,3,3,1
3637,4
3640,4
3641,0
3642,3
9821,1
608,4
3650,4,4
3652,3,2,4,4,3,4
3655,4,4,4,2
3658,4
1975,4,4
3660,1
3661,2
3664,0
10168,2
3666,4,4,4
3671,4
3672,1
8804,4
3343,1,1,3
395,1,0
954,4
188,1,2,4,3,2,2
3681,3
3682,0
3684,4,3
3687,3
3688,3,4,4
3689,4
3690,3
8807,2
3693,3,0
3694,4
3695,4,0,3
3696,3,3
3698,4
3699,4
3700,3
3705,4,3
1983,1,0,1
8810,3
3712,3,2
3713,4
3714,2,0,1,1
3715,3
3716,3,4
1985,3,3,3,3,3
3722,1
3723,0,1,0,0,1
3725,2,2,4,3,3
2807,2,3,3,3
3727,0,0,0,1,0,0
3728,4,3
3729,0,0,0
3730,0
3731,3,2,3
3732,0
3733,3
3734,3,3
3735,1,1,0,1,1
3736,0,1,1,1,1,0,1
3737,3,4,3,4,3,4,2,3
3738,3
8815,4
3744,4,4,1,4,3
3745,0,1,0
3748,4
3750,2
3753,3
3757,2
3758,4,4,4
7453,4,4,4
3760,3,4,3,2
3762,2,4,4,1
3763,1
3765,3,3
1993,3,4,3
3768,0
3769,0,0,0
3770,3,3,3,3
3772,2
3773,4,4,4,4
3774,1
3775,4,3
3776,4
3777,2,3,3,4,4,4,3,1,2
3778,1,0,1,1,0
3781,4
3782,0,1
3783,3
3784,2
8823,4
3789,4,4
3790,1
3791,2
3793,3
3794,1
3363,0
3796,4
10492,2
3798,4,3,3,4,3,3
633,3,3
3800,2,3
3801,2,3
3808,3,3,4,1,4
635,4
3812,3
3813,1,0
3815,3
8828,0
8856,4,4
3819,3
3822,1,0,0
3823,1,0
3827,1,2,4
3829,3
3830,4,4
9402,3
2005,1,1,0
3842,4
3843,1
10198,2
3847,0,3
3849,2,4
3850,0
3854,0,0,0
3856,1,1,1,0
3857,3
3864,2
3866,1
3870,0
3871,2
3875,0,1
3876,2,2
10222,0
3883,3
10205,4,3
3888,3,3,2
7475,4
3892,4,4
3893,1,0,4,4
10768,3
3895,4,2,3
3898,1
3899,3,0,2,3
3901,1
3904,4,4,3
3906,1
3910,4
2017,0,3
3912,2,4
3914,3
3917,1
7391,4
3919,4
3920,2,4
3922,0,0
3923,4,4,4
8846,0,0,1
3926,1
3927,4
3929,4,2
3936,3
6300,2,4
3939,4,4
1495,4
3944,1,1,1,0,0
3946,3
10215,3
3950,0,3,3,3
3951,3
11043,1
3965,3
3968,3,3
4758,2
3974,4
3975,4,4
3980,3
3981,3,2
3982,2,2,3
3985,3,4
3986,3,0,1
3989,4,3,1
3990,4
3991,3,4,3,4,4,3,4,4
3992,3,3
3993,4
10223,3
3999,3,2,2
4000,4,3,2,1,4,3
4001,3
4002,4,2
4004,3,3
4005,1,2,3
4006,4,3
10225,3
4008,0,1,0
668,3
4012,4,4,3
4014,0,3,4,4
4016,3
4017,3,3
4018,4
4020,2,4
4023,0
4024,4,3
4026,2,4,2,3,3
4034,4
4036,4
4037,4,3,4
4038,1,1,0
673,1,1,0,0
9409,4
4044,4
4045,3,3
4046,3,4,4
4047,0,3
4051,3
4053,2,2
4056,4,2,3,3
4057,3
4058,1,1,2,2
4059,3
4060,4,4
4062,4,3,4,2,4,3,4
677,2,2
4067,0,0,0,1
4069,4,4
4071,4,4,3
4072,0,0
4074,3,4,2
4075,1
4077,3,1
4078,1,1,1,1
4079,4,3
4080,4
4082,3
4084,0
4087,1,0
4095,1
4097,1
4098,0,3,3
4099,2
4100,3,3,3,3,3,3
4102,3,2,4,2,2
4103,0,3,0,2,3
4107,0
4109,3
4110,4,4,4
4111,4
4112,4
1773,3
4114,0,0,0,0
4117,1
4119,4
2052,0
4124,3,4,3
4125,2,3,2,2,2
688,1
4132,2,3,4,4
8881,1,4
4139,3,4
4143,0
4145,4
4146,3,4,3
691,3
4148,3,3
4149,4,4
4150,3
4151,1
4152,3
4153,3,4
4156,0,1
4157,1
4158,4,3,3
4159,4
4162,3
4164,0
481,0
4167,1,3
4168,4,4,4
4169,3
4170,1,1,0
4173,2,4,3,2,2,3,4,4
4176,3
4177,2,2,2,2
4178,3
4181,4,4,4
4183,3
4186,3,4
4794,4,4
4190,4,4,4
4192,3,3,3
4193,4,4,4
4195,2
4197,2
9687,3
10448,3,4,3
4200,0,1
4202,3,4
4203,4
1231,0
4207,4,3,3
4208,4
4213,2
4215,4,1,3,4
4216,4
4217,2,4
4218,4,4
8051,0
10261,4,4
4224,1,1
4229,0,0,1,3
4231,2,2,3
4235,3
1762,1
4239,2
4240,1
4803,3
9651,3
4250,3,2,3
4251,3,4,2
4252,3
2074,4
4254,1
4255,4,4
4257,3,3,3
4258,4,3
4263,2,2
10268,2
4266,3,4
4269,4
2077,2
4275,1,3,3,3
4276,3,3,1,3
4283,0,0,0,0
4284,1,3,4
4285,4,3
4287,3,2,3,2
4290,2
4291,4
4292,4
9782,4,4
8908,4
4298,4,4,4
4300,4
4301,4,4
4304,3,0
4308,2
4309,1,3
4310,3,3
4311,3,4
2920,4,4,3
4314,3
4317,4,3
4319,4,3,3
4322,1,0
4326,4,2,1,1
4327,1,0,0,0,0,1
4328,4
4330,3,3
4331,2,3
2872,3
417,2
8915,3
4344,2
4347,3,2,3,3
3418,2,2,2,2,4
4352,2,3,4,3
4356,3,3,3
4357,2,3,2
4360,2,2,2,2
4362,2,3
4365,2,3,4,3,3,4,2,3
4367,4
4368,3
4369,2,2,2,3,3,2
4370,3,1
4371,3
4825,4
4377,4
4378,4,3,4,3,4
10287,0,0,0,0,0
4384,3
4385,3,4,4,4
4386,4,4,4
8923,1
4389,2
4391,2
4394,0,1
4398,2,2,4,4,4,4,0,1
902,3,3
10122,4,4
4402,4
10203,0
4408,0,1
4409,0,4
11058,3
4412,1
4413,4,3
4414,0
2101,2
4416,0
4417,4,2
4418,1
4419,4
4420,0,1
4422,4
4423,2,3,3,3
4429,2,3,4,4
4436,2,2,2
4440,4
4441,3
9968,4,4,4,3,3
4447,3,2,3
4450,3,2,4
4451,4
4452,0
742,3
2876,3,3
4457,4,4
4458,4,4
4460,3,4
4464,1
4465,3
4466,0
4469,1,3
4473,3
4479,4,3
4480,1,0
4481,0
4483,3
4485,1,0
4488,0,0,0,0,0,1,0,0
4489,1
4490,3
4493,1,1
4494,3
4498,0,0
4500,4,2,4,4,3
4504,1
4505,3
4506,1,1,1
4507,0,1,1,1
4508,4,4
4509,3,4
4511,3,3
4513,0,1,3,0
5333,2,2
4515,2,2
4517,1
4519,0
4523,3
4525,2
10312,4,3
4851,1
4533,3,4,4,4,3
4534,3,1
4535,3,4
4538,4
4541,2
4542,3
1515,3,4,3,3
4544,3
2123,4
4552,4
4556,3,2
4557,2,2
2125,3,3
4564,3
4566,4,2
4567,4,3,4,3,4,2
4569,2
4570,2,3,3,3
4573,1
4574,4,3
4576,0
4579,1,0,0
4583,4,2,4
4587,3,3,3
4588,3
2130,1
4590,2
4596,3
4598,4,4
4599,4,4,4,4,3,3
4600,3,4
4601,2,2,2,3,1
4603,3
4607,1,3,4
4609,1,4
4610,0,3,1,4
4612,4
4615,4
4619,3
11065,2
4623,4
4626,4,4,4,3,3,1,1,1
4627,3
4629,4
4634,2,2
4636,1,0,0
4639,3,0,3,0
8065,2,2,2
4643,3
10793,3,3,3
4646,4
4647,3,4
4650,4
4654,3,3
4657,1,1,1
4662,3,1,3,2,2
4663,4
4664,1,1,0,0,1
4666,3
4667,1,2,2,3,3,3
4669,0
4673,4
4677,3,3,3,4,3
4678,2,4
4679,2,3
10950,0,1,1,0,1,1,1,1
4683,3,2,2
9976,1,0,0
4687,3
4688,4
4690,3,2
4691,4
4693,3
4697,1,1
4699,0,0
4700,0
4707,3
4711,0,4
4712,3
4716,1,0
9524,3
7613,1,1,0,0
4722,0,1,0,0
4883,3,3
4725,4,3
4726,3
4730,2,2
4732,3
2443,3
3431,3,3
976,2,4,3,4
4741,3,4
4742,0,0
4744,3,3
4745,2
4747,3,4
6253,2,3
9797,2,3
4754,1,0,0,0,0,1
4755,3
4756,3
10524,2,2,3
4759,1
4762,1
4763,3,2,2,4,2,3
4765,3,4
4766,0,0,0,0
4767,2,4,4,4,2,4,4,3,4,4
4771,4,3
4774,4,4
4775,4,4,4,4
4777,4,4,3,3,3
4778,2,2
4780,1,0
4784,4,4,3
4786,3,2,2,2
4787,2,3
4788,3,2,4
4792,2,2,2,2
705,1
10798,3,3
4796,4,4,4
4797,2
4802,2,2,4
7627,4,4
4804,4,4,4,4
4809,4
4810,0
4812,2,0
4815,4,4
4816,0,0,3
4817,3,3,3
4818,3
4819,4
4820,1
4822,3
4823,3
804,2,2
2070,3
2487,1,3,0,1
4829,4
4830,0
4901,4,2,4
4833,4,3,3
3707,0
4839,1
4840,4
1525,3
7635,3
4852,4
4854,3
4855,1,1
4859,4
4860,3
4906,3,3
4862,2
796,0,0,0
4864,1
4865,3
4866,4,2
4868,1
4870,4,4,4,4
4873,1,1
4874,0,1
4875,2,2
4877,4
4879,0
4881,3
8925,3
4886,4,4,4,4
3545,3
4888,3
4889,0
7397,4,4
2345,3
4894,3
4898,0
4899,1
10374,4
4902,3
4913,3
4904,4,4,4
2891,1,0,0
4907,0,1,0
4908,0
818,3
4910,4
4911,3
9438,1,2
1032,1
4915,4,4,3
4919,3
4920,4,4,4
4921,0,1,1,0,0,1
4925,4,4
4926,0,1,1,0
4927,1
4931,4,3
4932,2,3
4933,3
4934,1,0,0,0
4935,0,0,1,0
4936,4,2,3
9089,3,3,3
4940,1,0,0
4941,4
4944,3
4947,2
10382,0,1,1
4950,4,3,3
4952,3,0
4953,1,0,0,0,0
4954,3,4
4955,2
826,3,4,1,4
4959,2
2192,4,3
4964,4
4966,3
4967,3
4968,0
4969,4
4970,2
4972,4
4975,0,0,0,0,1,1
4977,2,2
4978,2,4,4
4979,4,3
4982,1
4984,4,2
4985,4
4986,4,2,3
831,1
4988,4,4,2
4991,2,2,3
4992,4,0,0
4993,4
4994,4
4996,3
415,3
5000,4,4
5004,4
5006,1
5008,3,4,2
5012,4,4,3
5018,1
5019,4,2,3,3
837,0
5027,0
5029,1,1
5031,3,4,4,4,3
5033,0,0,1,0,0
5035,4
5036,1
5045,4
5049,3,3
842,2
5054,4
5059,0,0,0
5062,2,3
5063,1
5064,4,4,3
5066,1
5068,3,1
5069,0,1
5071,4
5073,4
5079,4,4,4
5081,4,1
5082,2
847,3
5084,4,3
5092,1,4
5095,3,3,3,3,4
5898,2
5101,2,2,2,2
5102,1
5104,4
5105,3,4
5106,4
5108,2,3,2,3
5110,4,0,2
5111,1,1,1
5112,4
5113,4,4,3,3
5115,0,1,1,0
5116,1,1,1,1,0,1,1
5119,4,4
5120,0,0
5122,4
5123,4,3,4
5124,3
5130,3
5133,2,3,1,1
5134,3
5135,3,2
5137,3
5141,4,3,1
5142,3
5145,2,4,4
5147,3,4
5151,4,3
5153,1
5156,1,0
5158,0
5159,3,4,3,4,3
9052,4
11000,4,4,4
2226,3,2
5172,0,1,0
5174,2,2,3
5176,3
5177,2,4,3,2,2,2,2
5179,2
5181,3,2,4,3
5182,4,4
5183,2,3,2,3,3,4
5184,1
5185,4
5190,4,4
5193,4,3
5194,3,4
5195,2
5083,4
5199,2
5201,3
5202,3,3,0
867,3,3
5205,1,0,0,0
5207,1,0,0
5208,3
5211,3
5213,3,2
5219,0,1,1,1
5220,0
5221,3,3
7697,3
5225,4
5227,0,0,0
5228,1,0
872,4,4,1
5234,2,3,2
5236,3
5237,4
5240,3,4
5241,2,2,3,0
5242,3
5244,0,0,0,1,1,1,0,0,0
5246,0,0,1
2811,3
5248,3,4,4,3
5249,3
8982,1
5252,4
5253,4,4,3
5254,3,3
5256,4
5258,4
5261,4,4,4,4
5264,4
5268,0,0,0,0,0,0
5270,2
5271,4,4
5272,4
5277,0
2490,3
1934,3
5283,0,0
5285,4
1267,1
5288,4
5290,4,4
5291,1
5292,0,0,0
5293,1
5297,3,3
10441,2
5305,4
5306,0,0,0
5315,3
5318,4
10444,3
5323,4,4,4
5324,0,1
5325,4,4,2
5327,0,1
5328,4
5329,2,3
9910,4
5334,1,1,1,0
5335,4,3,3,4,4,3
5337,3
5338,3
5339,3,3,3
5342,4
2360,1,3
5345,3,1,2,3
5346,3,3,4,2,3,4,3
5347,3
5349,2
9587,3
5351,4
5352,4,2
5354,4
5356,0
2258,3,2
5360,3,2,4
5361,3,3,3,3
5362,2
5363,4
5364,3
10452,0
5370,2,2,1
9087,4,4
5372,4,1
5374,1
2261,3
5376,2
5378,3,4
5380,3,3
2818,3,2,4
5382,4,4
5383,1
5386,3
5388,3,2,2,3
5389,4,3
5390,4,4,3
5391,2,3
5393,4
9091,4,3,0,0
5396,1,0,0
5397,4
6361,3
5401,4
5404,0,1
5405,4
5413,0
5414,3,3,2,4,3
9182,4
8383,4,3,3
9856,1,0,1,0,1,1,0,1
5421,4,4
5422,3
5423,3
5428,4,4,4
5429,4,4
5434,3,3
5435,3
5436,3
9098,1,0,1,1
2272,1
5442,1
5443,4
5444,4,4
2909,2,2,3,4,2
5449,4,4
5450,2,2,2,2,3
5451,4,4
5453,3,4,4,4
5455,1
5456,3,3
5458,3
5460,4
5461,3,3,4,2,3,3,3,1,1,1,1,1,3,1
5462,2,2
5464,1,4,4
5468,2,2
7738,1,1
5471,2
5472,3
6374,4
5478,1,3,0
9105,2,2
5480,2
5483,1,1,1
5484,1,0,0
5487,3,3
5488,2,4,4
5490,3,4
5492,3
5493,3,1,3
5497,4
5498,3,2
5500,3
10474,0,3,0,1,0
5502,4,1,0
5503,3,4,4
5506,3
5508,4,3,3
5509,3,1,1
5514,2,4,3,3
5520,4,2
5521,1,0
5523,1,2
5526,2
5528,2,2,3,2
5530,3
9114,1,0
5534,3,3,3,4,4
5536,2,2,3,2,3,2,2
5537,3,3,4
5540,0,0,0,0
5541,0
5542,3
5543,2,3
255,4
5549,1
5551,3
5552,4,3
5553,4,4,4
5554,1
5558,2
3583,0,0
5560,1,0
5563,3
5566,2,2
6389,4
5569,3
5570,3,3,3
5572,4,4
5575,1,1
5577,3
6391,4,4
2983,1
5582,2,3,3,3
5583,3
5585,3
37,3,0
5588,0
5591,4
5595,4,2,2,3,3,3
5597,0,1,1
5598,4
5599,1
5601,1
5602,0,0
2299,4,4
5604,4
5605,1,0
2096,3,4
5608,2
5609,2,2,2,3
5611,3
5613,2
5615,3,3,3,3,0
5617,3
5619,2,2,3,2
2302,0,3
5623,0
5624,4,4
5625,1,1,1
5627,2
10553,1,0,1,1,0,0,0
5631,4
5633,4,4
5634,4
5635,2,2,3
5636,3
5637,4,4,3
9132,2,3
5642,4,4
5649,0
5650,1,4
5651,1,2,4,2
5652,4,4,4
5655,2,2
5656,1,3,2
5657,4
461,2
5666,1,3,1
9736,2
5672,4,2,4
5673,0
5675,1,1
5676,4,4
946,2,2,2,2,2,2,2,3
5679,3,1,0
5684,4
5685,4,4
5686,2
5688,4
5689,3,4
5692,0,3
5693,0
949,0,0,1
5696,1,2
3680,0
5700,1
5704,4,3
951,4,4,3,2
1281,2,4
5711,0
5713,1
1554,4,4,4
5715,3
5717,2,3,4,1
770,0,0,1
5719,3,3,3,4
9858,3,4
736,1,2
5726,0,0,1
5728,4
9147,4
9749,3,2,2,4,3
5736,3,4
6803,0
5740,3,4
5742,3,3,3,3
957,3
5744,0
5750,1,1,0,1
1828,3,4,2
5752,2,3
5753,4
5754,3,1
5755,0,1,0
5756,2,2
8375,3,4,4,3,4
5759,1
5760,0,0
960,4
5762,0,1
5763,0,1,1
5764,0
5766,3
961,3
5772,3,3,3
5775,4
5777,3,3,4
5779,0,0,0,0,3
5781,3,3
2329,2,3,2,2,2,3
5785,3
3881,4
5787,2
2356,0
5791,2
5798,0
5799,0
5801,2,1,4
967,3
5807,4,4
5808,4,2,3
5809,0
5812,4,4,3,4,3,3
5817,3
5818,3
5820,0,0,1
4831,0
5823,0
971,4,2,1,2,4,4
5828,4
5830,2,2,2
5831,2,3
5832,3,3,3,4
972,3
5835,1,3
5836,4
5837,4
5838,0
5840,4,4,4
5842,2
5844,1,1,3
5845,3,1
5846,1
5847,1
5848,4
5849,2,2,3
5851,4,3,4
5852,4
5854,2,2,4
5856,1,1
5857,3,3
5858,4,3
5859,3,2
5861,4,4,4,3,3
5865,2,3,4
5866,1
5867,2
5869,2,4
5870,4,4
5871,4
5873,2,2,2,2,2
5875,1
5876,1
5878,4,1
5879,4,4,3
5882,3
5883,1,1,1
5884,4
5885,3
5887,4,3,4
5888,1
5890,3,4,3,3,3,4,3,3,3,4,3,3,3,3,3
5893,3
5894,4,4
5895,4
469,4,2
5900,3,3,3
10541,1
5907,1,1
5908,0
5912,3
5914,4,3
5916,4,4,3
5919,3
5921,3,1,3
5923,3
5924,4,3,3
5926,4,4,3
5927,4
5929,4
5930,2
5931,3
5932,3,3,3,4
5937,3
5938,1,4
5939,2,3
5941,4,4
5942,1,1
5945,3,4,3
5946,0,1
94,2
9184,4
5954,2,2,3
5956,2
5960,4,4,4
5964,3,2,2,3,1
5965,3,4
5969,4
5970,3
5972,3,3,4
5973,1,0
5974,0,0,1
5975,1,0,1,1,0,1,0,0,0
10019,0,0
5978,2
5981,3,3
5982,3
5983,1
5985,4
5987,4,4,4,4
5989,4
5992,3
5993,3,3
999,2
5997,0
5999,3,4
6002,2
6003,4
6004,3,1,3,3
6005,3
6006,4,4,4
6009,3,3
6013,1,1,0,0,1,0
6014,1
6016,1
6017,3
6020,3
6021,4,4,4
6022,3,3,4
6027,0,0,0,0,0,0,0
6029,4,3
6031,2
6032,3,3
6033,1,1
6039,4
6040,4,4
6041,4,3
6047,0,0,0,0,0,0,0
6048,3
6049,3,3
10133,0
6051,1,0,0
6052,4
6053,4
6054,3,4
6055,0,1
6060,3
6063,0,1
10568,1
6068,1,0
6070,4
2377,0,1,0,1,0,0,0
6075,1,3,3
6076,4,4,4
1013,4
6081,1,3,4
6082,3
2379,3
6084,2
6086,1
6087,3
6089,0,1,0
6090,2,4,4
6091,3,0
6093,2,3
6094,0,0
6096,2,2
6098,4
2382,3
6105,4
6107,3,4,4
6109,4,4
6111,4,4,3
2932,0
6114,0,4,0,0,1
6115,1
6118,3,3
9751,3,2,3,2
6121,4
6125,4
10024,4,4
6129,3
6130,4,3
6132,2,2
6133,2,2,1,2
6134,0
7849,3,3,3,4
6137,2,1
6138,4,3,3,3,4
6139,0,1
499,3,4
6142,0,4,2,3
128,4,2,4,3,2,4
6145,2,1
6149,4,4,4
6150,4
9970,1,2,3,2
6152,0,0,3
6155,4,3
6157,4,1,4,3,4
6159,3,2
2392,2,4
205,3
6163,4
6165,3,2,3
6166,3
6167,0,2,2
6172,4,1,4
6173,4,3
6175,3
6178,0,0,0,0
6179,2,3,3
6182,1
6186,4,4,4
6187,0,0
6191,1,3
6193,0
6194,4,2
2398,2
6200,0,0,0
1843,0
6202,3,1,4,3,3,4,2,0,4,2,4,3,4
6203,4
6207,1,0
6697,0,0,1,2
9754,3
6211,2,2
11118,2
19,4,4
6215,4
6217,4,4,4
6219,4,3,0
6220,3,1,1,1,0
6221,0,0
6224,4
6225,3,3,1
6227,2,1
6228,4,3
6230,1,0,0
1844,2
6232,1,0
6234,3,2
6235,2,4,2,3
6237,1
6238,4,3
6241,1
6249,1,3,3,1
6251,2,1
6252,4
9234,0,0,3
6254,0,0,3
6257,4,4,4,3,4,3,4,4
6258,3
6259,0,0,0,0,0
6260,1,1
6262,4,2
6265,3,2,2
6266,4,3
6267,0
10602,2
6270,0,0,0,0,1,0
6274,4
2411,2,4
6277,4
6280,3,4,4
209,2,2
6283,3
6285,3,3,3,3,3,4
6287,2
6293,0,0,0
6294,2,2,2,4,1,3,3,4
1049,2,2,3
6297,4
10607,1,0,1,1,1,1
751,0,1,0,3
6301,4
6303,2
6306,2,3,2,3,4,3,3
6307,2
6310,4,3,2,4
6311,4
6312,3,3,4
6313,4,4
6316,1,3
1133,4,4,4
6318,3,3
6319,4
6320,3
6321,0
3211,0
6327,4,3,1
6328,4,3
6329,4,4,3,3,3,3,3,4,3
6332,3
1056,0,4,2,3
7789,4
6340,3,4
6341,0,0
6342,1
6343,4
6345,4,3,3
6346,3
6347,3,4
6349,3,4
6350,3
6352,4,4,4,4
6353,2,3
6354,4
6355,3,2
6358,3
1060,1
6363,1,3
6367,4,3,4
6369,4
6370,2,3
6371,2
6372,2,4
783,0
6375,3,4
6376,3,2,4,4,0,1
6379,3
6381,2,4
6382,3
6383,4,3,2,2
6385,3,3
6387,3,4,3,4,4,4
10622,4
1065,1
6393,2,2
6395,4
6397,0
6399,1,1,1
10624,4
1067,2,1,1
6404,4
6405,1,3,3
6406,4,4
6407,4,4,4,3
6413,4,4,3,1
6414,4,4
1069,3,3,3
8397,0,0
6420,3,4
6421,3,2,2,3,3,4,3,3,3,3,4,3,3,4,4,4
6422,3,2
7897,0
6427,2,4,2,3,2,4,2
6430,3,3
6431,3,4
6433,3
6434,4
6437,3
6440,3
6441,1,4
6442,4
5670,2,2
6444,2
1074,0,0
303,1,0
6448,1,0,0,0
6451,4,4,4
6452,3
1306,4
6459,1
6460,3,3
6463,4,3
6464,0,1,0,1
6465,1,1,1,0,0,1,0,1
6467,4
6468,3,3
6469,0
6470,1,4
6471,3
6472,0
10636,3,3,3
6475,3
6478,4
6479,0,0,1,0,0
6480,3
6481,3,0
3811,3,3,3,3,4,4
6484,4
6493,1
11007,4,2
6498,0
6500,2
6502,0,1,1,1,0,1,1,1,1,1,0,1
6503,2,3,3
6504,1
1124,3,3
6507,3
6510,0
6511,3,3,4
6512,1,0,0,0
6513,2
6515,0,0
6517,4,4
6518,4,3
6519,4
8946,4,3
6522,2
6523,0
6525,4
6526,4,3,3,3,3,4
6527,3,3,2
9280,4
10583,4
1854,3,3,4,3,4,4
6532,1,0,1,1,0,1,1
6533,4
6534,1,0,0,0,0,0
6537,3
6538,4,3,3,1,0,3,1
6542,4
6543,3,2,1,2
8674,2
6547,2,2,4
6548,4,3,3,2,2,3
6550,2
6552,3,3
6553,2,3,3,4,3
6558,1
9285,3
6563,4,4,4
6564,4
6568,3,2,4
10652,1
6570,2
6572,1
6573,2,3
6575,4
6577,4,3,4,3
6579,4,3
2462,3,2,3,2,2,4
1583,4
6587,0
6588,1,1
1098,4,2,4,3,3
6592,1
2464,3,3,3
1099,4
6597,4
6598,1,1
2465,4
6600,0,1
6601,3,4
6602,1
9293,4,3
6611,4,3,3
6617,4,3,4,1,3
6620,4
6621,3
6622,1
10661,3,2
6625,1
6627,2,4,3
6629,2,2,0,1,2,4,4,3,4,1
9647,2
6631,1,3
1039,0
6633,3
6634,1,0,3,4,1,3
6635,0,0
6636,4
6637,3
6639,2
6641,2
6642,4
6643,0
9223,2,3,2
8574,1
6653,3,3,2
9301,3,3
6660,3
9769,3
6663,4,2,2
1111,4
6670,0,1
2477,1,0,1
6674,3,4
6676,2,4
6678,4
6680,3,4
9497,4
1114,0,0
3845,0
6688,4,3
6689,2
6690,1,0,0
6693,3
6695,0,0
10043,2
6698,4,4
6700,4,2,3
6703,3
6705,0
6706,1,3
6707,3
6708,3
6714,2
6715,2,2
6717,4
6718,2
6720,1
6723,0,0
6727,0
6729,1
6730,1
6731,4,3
6732,0,0,0
6733,4
6735,3
6737,3,4
497,2,2,2
6741,4
6743,0,0,0,0,1,1
6745,3,3,0,3,3
6746,0
7951,0,1
6749,2,3
6751,2,3
6752,4,4,3,4,3,2
6754,4
10683,3
6756,0,4,4,4,3,4
6757,0
6758,2,2,2,2
6762,4,3,4,4
6763,3,4
6765,3,4
6766,4,4,4,3
1136,3
6772,4
6774,3
6776,3,4
6779,3
8283,2,2
6789,3
6790,3,4
2497,3
226,3
6794,3
6798,0
6799,4
10691,3
6804,2
6809,4
6814,0
2501,0
6816,4,3,4
10047,1
6818,2
6820,4,4,4,4,4,4
6822,2,2,3,4
6823,4,4
6824,2,1
6599,2,3
6829,3
6830,4,3,2
6831,4,3,4,4
6835,2
6836,3
6837,4
6838,2,2,2
6839,4
6842,3,3,3
6843,1,3,1,3
6845,4,2,3
9333,3
6850,3
9334,4
6854,4
6855,3,3
6857,4
6858,0
501,0,0
6860,3,4,2,4
6862,4
6864,2,1,4
6865,4
6866,3
6867,3,3
6871,4,0,1
6872,1,0,0
6873,3,3
6874,4
6875,0
6880,3,4,2
2512,0,0
6883,4,2,4
6884,1
864,4
6890,3
6892,3,4,2,3
6893,3,4
6895,2
6896,4,4
6902,1,0,1,0
6903,0
6905,0,3
6908,3,2
6913,4,4,4
6915,0,1,0,0
6916,1,0,3,0,3
6922,2,2
6923,1,2
6924,1
6926,3,4,4,3
6929,3,4
6934,4,4,4,3,2
10713,0
3887,3
6941,3
6944,0,0,1,2,2,2,0
6945,3,4
6948,4
6949,3,3,2
6952,1,1
6953,3
6954,4,3
9351,3
6957,0,0
7684,3,0,0,0,1
2525,0,0
3891,1
6964,4
6965,0,1,1,0
6967,4
6968,2,2,2
6970,4,3
6973,2,2,2,2,2
6975,3
6976,3,3
6981,4,4
447,1
6984,3
9507,1
6988,3
6992,3,3,3
6993,3
6994,3,2,1,1,0
6996,3,4
6997,4,4,4,4,4,3
7000,0,0
7001,1
7002,3
7006,0,0,0
7009,4
7010,4
7012,2
6630,3,3
7018,4
10727,4
8690,3,4
7026,1
7029,1,0,0,0,0,0
7030,1,4
7031,3
7032,4,4
7033,3
7035,3,3,4,4,4,2
7036,3
10730,0,0
7038,3,4,2
7040,3,1,1,0,1,3
10731,4,4,3,3,4
7044,3,3
7045,2
7046,3,3,3
7050,0
7051,4
7054,1,1,3
8691,3
7060,4,4
2542,3,3
2690,3,4
7063,4
7064,4,3
7065,0,0,0,0,1,1,1
7067,1,0,0
7070,4
7073,1
7074,3,4,3
7077,4
7079,2
7086,4,4,4,3,1,3,4,3,1
1181,4
7089,0,3,0,1,0
7091,1
7093,2
7094,1,1,1
7095,4,4
7096,4
7099,3,2,2
7110,4,3
9377,1
10743,0
7116,2
7117,3,4
7118,4,3,2,3
7119,3
7120,0,0,0,1
6648,0
7123,1,3,3,3
7125,0,0
7126,1
7127,4,4,4,3,1
7128,4
7129,3,4,4,3,3,4
7130,0,0,0
7132,1,0,0,2,1,2,4
7136,0
8016,1,0,1,1,1
7138,4
7139,3,4,4,2
7140,3
7141,4
7144,0
2420,4,2
7146,0,1,1
7149,0,0,0,0,0
7150,3,4,4,4
7152,1,1,1,1
7153,3
7154,4
7156,1,3
7157,4
7158,4
7160,4,3,4
7161,2
7162,4
7163,3,4
7164,4
9386,1
7168,0,0
7169,1
7173,2,2,3,1,3
7174,3,2
7177,3,3
7178,4
7179,3
7181,2
7182,2,4
7183,2,4,4
7184,3,1
2563,3
7188,3,3,4,4
7189,4,3
7193,1
7194,2,2,4
7195,2,2,4
7197,3
7198,4,3
7199,0
7200,3,0
1200,1,2,2
7202,3,3
7204,4
7205,0,0,0,1,0,0,1,3
7206,0
7207,0,3
7209,4,2,3,3,2
7210,2
7215,4
7216,4,4,4,4,3
10760,4,4,4
7219,3
7220,3,3
7222,3,4,4
7224,2,3,2,4
7225,3,4,3,3
7226,1,0,1,0
7227,3,3
7228,2,0
7229,3
7230,4
7231,4,1,3
7232,0,0,1
1521,4,3
9398,3,3,2,1,3
7238,0
3937,3
7241,3,2
7242,3
7247,3,4
1208,3,2,3,2,2
2574,3
7256,1,0
7257,3
7258,1
7260,4
9789,0
7263,4,4
7265,2,4
7267,2
7268,3
7271,2,2,4,2
1212,3
7274,1,1
7277,3,3,3
7279,4
7282,0,0,0,0
7283,0,0
7286,4
7287,4
7289,3,3,4,4
7298,3
7299,4
7303,1
7307,3,3
7308,3,4
7309,4,4
7311,3,2
7315,4,3,3
7316,2,4
7319,2
485,4
8231,4
7325,1,0,0,1
7327,1
10037,3
2587,2,2
7332,4,4
7335,0,0
7337,2,2
7338,4,4,4,4,4
7339,4
1881,3
1224,3,4,0,3
7347,0,0,1
7350,3
7354,3
7355,0,1,1,1
7360,4,4
10784,4,3
7362,0,0,1,0,0,0,1
7368,2,1,1,4,3,3,2,2,4,4,2,4,3
1228,4,3
11150,4
1230,2
7383,0,1
8287,4
7389,2,2
10789,3,4,4
8975,3
9424,4,4,0
2598,2,3,3,4,4,4
7399,4
7400,1
7401,4,4,4
7402,3,4,3,3,3,3
7403,3,2
7405,3,4,4
7409,0
9427,1
7413,3
7415,0,0,0,0,0
7417,3,3,4,0,0,4
10794,4
7423,0
7425,0,1,0,0
7427,4,4
7431,3
7432,4,3
7433,3
7436,0,1
7438,4,3
1240,1,1
7442,0,1
7444,0,0
7445,4,3,1,4
7446,1
7448,1,0,3,4,3
7449,3,3,3,3,2,2,4,4,2,3
10799,4
1242,3,4,3,1,3,3,3,2
7455,2
7458,3,2,2,3
9250,0,0
7465,3,3
7466,3,1,1
7467,4,4,4,3
7468,0
5977,0
7472,1,1,0
2611,4
7476,3
7477,3,0
7478,3,3,3
7479,1
7482,3
5343,4
7485,4
7486,1
7488,2,4,4
10615,0
7495,4
795,4
7497,2
7498,2,3
7500,3,4
1250,2
7502,2,0,2
7504,3
7507,0
7508,1,4,3,3
7509,4
7510,3
7511,2,2,4,3,4
7513,4
7515,0,1,0
7517,4,2,3,2,3,3,1
3385,3
7523,2,4,2
7524,3
7526,1,2,3,1
7527,3,2,3
7531,4
7533,3
7535,2
7536,3,2
7538,1,0,0,0,0,1
9950,3,4
7541,0,1
7545,4,3
7555,2
2973,2,4
7562,2,3
7563,4,4,4
7565,1
9453,3
7569,3,4
7570,4,3,3
7571,2,2,2,2
2707,0,0
7573,3
7575,3
8090,4
7584,3
7586,4,3
7587,4
7588,3,3,2,3,2
7589,1,0,0,0,0
7590,4,4,4,4,4,4
7594,3
7595,4,4,1
7596,2
7597,1
7598,2,3
10687,2,4
7602,4
7603,2,0,0,3,3,0
7604,0,0,0,0,0,0,1,0,1,0
7605,3
7606,4
7609,1
7612,4,4
10826,2,3,3
7615,1
7618,1,3
10827,3
7623,1
7626,3,4,2
1271,0,0
7629,4,3
2637,3
7632,4,4,4
7633,2,4
7634,4,4,4
10580,4,2,3
1273,3,3,3,2,2,4,2,2
7640,4,2
7644,0
7646,3,4
7647,2,3,2
7648,2,3,2
7651,2
7653,3,3
7656,0
7657,4,2,2,3
7658,0
4007,2,3,3,4
7660,4,4,2
7661,3
7663,3,4,3
7665,0
7666,3
7669,4
7671,3,0,0,0,0,1
1279,0
7677,3,3
10837,3
7680,0,1,0,1,0,0
1280,0,0
7682,4
11167,3,2,4
8541,0,0
7686,0,0,0
7687,2
7688,2,3
7689,0
1347,4
7692,3
7693,2
7696,3,4,4,3,4,4
10840,4
7698,3,3,4,3,2
7699,3,3,0
7700,3,3,3,3,3
7703,4,4
7704,2,0,0
8111,1,3
5725,3,3
7709,3
7710,4,3
7711,1,1
7712,0,1
7714,3,3
2651,4,2
7716,1,1,1,1
7719,4
7720,4
7722,1,1
7726,4,4
7728,2,1,3,3,3
2985,4,2
7732,1
7733,1,3
1289,0,0,1
7737,2
10965,3,4
7739,3
7740,3,3
7741,0,0,0
10848,4
7749,3,3
7751,4,4,4
7754,2,1,1,1,0,1
7756,2,4
7757,4
7760,3,1
7761,1
7763,4
5714,3
7765,4
7766,4,2,4,4,3
7770,4
7772,4
7773,2
7774,3,2
7776,0
7777,4,4
7781,0,0
259,3,3,4,3
7785,4
7786,1,0,0
9261,3,1,3,3,4
7791,3,1,1,2,1
7792,3,3
7796,2
7798,1
7800,3,2,4
7801,1
7803,2,3,3,3
7804,3,4
7805,2,3
7807,2
7808,3,2,3,3,1,0,0
7811,4
7812,2,2,3
7817,4,3
9495,4
7820,3
7825,3
7827,3,3,3,2,4
7829,1,1,1,1,0,1,1,1,1
7831,3,2,2,3,4
7835,3
7836,2,4
9272,0,3
7838,3,3
7839,2
7840,4,4,3
7843,0
7844,3
7845,3
7848,1,1,0,1
9500,3
7850,1,1,1,1
7853,2,2,0,0,0,3,4,4,4,4
7854,3
7856,2
7857,4,2
1310,2,2
7865,3,1,3
7866,4
7867,4
7868,1
7870,3
7871,3,3
7872,3,3
7875,4
7876,3,3,2
7880,4
7881,3
7883,1,3
7886,0
7888,4
7890,1
7891,3,3
7893,1,0,0
10873,4,4,4
1316,4
7898,3,2,3,4
7900,2
7903,4
7906,0,0
10875,2,2
7908,3
7913,4
7915,1
7917,3
7921,2,3,3,4
7924,3
7926,4,4,3,3
9513,2
7929,3
7930,3
2760,0
7936,2
7938,3
7939,4,4
7940,4
7941,3
7944,3,1
7945,3
1530,1
7947,0,1,0
7949,4,2
9517,4
7955,4,4
7956,4
7958,1,0
7961,4
7963,4
7964,2,3,4
7965,3,4,4
1144,3,2
7968,3
7972,2,3,3,1
1902,1
7979,0
7980,4
1330,4
7984,0
7985,0,0,1,0,0
7987,4,4,4,4,4,4,4
7988,4,4
7989,0,3,3
7993,3
7995,4,4
7997,1
11128,0
435,3,3
8004,0,0
8007,4,3
8010,0
8011,3,4,2,4,2
8013,4
8014,1,1,3
2290,4,4,4,4
8019,4
8022,0,0,0,0,0,0,0
8024,0
8030,3
8040,2,3
8041,3
3541,4
8043,4,4,3,3
8044,3,4
8047,3
8049,3,3,4,2,4,3
8050,3
10899,2
1342,0
8054,4,4,3
9535,4,4
4909,3,3
8064,2,3
9536,3,3
8066,4
8067,1,1,1
8070,4
8073,0
8074,2
10903,0
8076,4,3,4,3
8078,3
8080,4,3,4
8082,3,3,4
8083,3
8084,4,4,4,2,4,3
10905,2
6655,0
8091,4
8094,3,3,3,4
8096,2,4,3,3,3
8099,3
8100,2,1,4
9542,1,1
2717,3,3,3,3
8113,3
8114,2,2
8116,3
10910,1,1,0
8119,3,3
9874,1
8122,1
8127,4
8454,3,4
8132,0
8133,4
8137,1
8138,1,4,4,4,3
8141,3,1,4
8292,0
1357,2,3
8144,3,3
8145,1
8148,2
8151,2
9551,0
8156,2
8157,4,4
8162,3
8163,2,4
8165,3,3,3,3,4
8167,2,1,3
8168,3
8169,4
8172,3,4
8173,2,2,2,2
8174,2,2
8177,3,4
8179,3
2729,3
8184,0
9556,0
8186,0
8187,3,0
8189,4,4
8191,2,4
