0,1
8193,2
8196,3
5,4,4
6,3,1,0
2732,2
11,4,2,3,3
8204,1
13,1,1
14,2
2733,4
8208,1,1,0,0,0,0,1
8209,1,1
8211,1
8212,1
8215,1
8216,4
8217,2,4
26,1,1
28,0
8222,3
33,2,2,2
8226,3,3
35,0
37,0
8230,2
42,3,3
43,4
45,4,2
46,1,1
8239,3,3,4
8241,2
51,3
52,2
55,0
8248,0
57,3
8251,0,0
8252,2
8254,4
2741,3,3,1
64,2
8257,4,4
66,3,3,3,3,3,2,2,3,4
69,2,2,2
70,2,2,2,2
8263,3
74,3,4,3
8267,3
8268,1
9277,1,0,1,0,0,0
78,4
84,2,2,2,2
8278,1,0
90,3,0,4
8283,4,0
2746,1
8288,3,3
101,2,3
102,2
103,2
105,0,1
8299,3
549,4,3
8302,2
10941,3
112,0,1,0
113,1,2
8310,4
120,4,4
122,4
8316,3,0,0,2
1386,4
126,3,3
128,4
131,1
8324,3
8325,0,1
136,0
137,3
138,3,4,4
140,1
10946,0,0,1
8335,0,2,0
145,2
146,3
8339,0,1,1
8340,2,3,0,1
1390,0,0
151,2,2,2,3
152,4
153,4
8218,3
8350,0,1
8352,3
162,1,0,0,1,1
163,3,0
8357,4
8359,0,3,0
8360,2,3,4
170,0,0
8363,3
8365,3,2
8366,4,3
176,4,2
178,4
8371,4,4
180,0,2,1,1
8373,3
182,3
8375,3,3
185,2
186,3,1
8379,2
8381,2,2,2,2,3
8382,3
191,2
8385,2
1398,0
8390,4,4
8391,3,3
200,4,4
2764,2,1
202,4
203,0,0,1
206,3,2,0,3,2
10957,1
208,2,4
8401,0,1
8227,3,2
212,3,4
8406,1
215,0
216,3,3
217,3
218,3,3,2
220,1
224,4
8417,1
8418,4,3,3
227,2
8422,1,0
8423,1,0
232,2,3,3
233,3
234,2,3
236,1
237,2,4,4,4,4
243,0
244,4
245,4,4
246,0,2,2
247,2
249,4
8442,4
8443,1,3,1,3
252,4
253,3
8449,0,0,0
8455,3
264,1
8457,4
8458,2,3,4,2,2
267,3,2,4,4
8460,1
8461,2
8463,0,0,0,0,1,0,0,0,0
272,1,0,1
10968,1,0,1,1,1
274,0,0,0,1,0
276,0,0
8475,3
284,4
8479,0,1,0
8480,4
8481,2,3
8483,2
292,3,2
293,2,1
8489,2
298,1,1
300,1
302,3
8495,3
8496,4
8498,4
8500,4,3,1
309,1
8502,0
8504,1,0,0,0
8505,2
8512,2,2
8513,1,1
8514,1,0
8515,1
325,2
8518,0,0,0,0,0
10977,1,1,1,0
328,2,3,2,4
330,4
332,4,4
8525,3
334,0,0,0,0
338,4
2739,1
342,4
343,4,1,1
8536,2
8539,1
348,1,0
350,0
6885,4,3
8544,0,1,1
353,1,2,1
9559,2
8548,3
357,3
358,0,1
8551,1,1,0,0,1,1
360,1
8553,4
362,3
8555,4,4
364,3
367,0,0
8560,4
371,4,4,4
374,0,3,0
8567,0
8569,0,0,0,1
8570,3,3,2
8571,3
8574,1
385,3
386,4,4
388,1
391,4
8584,4
10988,3
394,3,4
395,1
399,0
8593,1,2
404,4
405,1
409,3
8603,4,2,2
8604,3
8605,0,1
415,2
8610,4
420,0,1,3
8613,4
422,4
2469,4,3
8618,3,2
8619,3
8623,1
8624,0,0,1
8627,4,3
8628,3,3
9630,1
8630,3
8631,0,1
8633,0,0
8634,4,4
443,3,4,4
444,2
445,3,4
8638,4,3
447,0
8641,2,4,3
450,4,4
451,1,1
8644,0,1,1,1,1
453,3,3
454,4
455,3,3,3,1
15,1,1
76,2
2807,3,3
460,3,3,3
462,0
77,2
8657,3
468,4
470,0,1,0,0,0
8663,4,2,4,3
8664,4,4
473,1,1
476,1
477,2,2
478,1,3,3,4
480,0,1,0,0
482,3,3,3
483,4,4
484,0
485,2,2
488,2,4
489,3
8683,2,0,2,2,2
8684,4
8685,1,0,1
8690,3
499,4
500,2
11006,4
502,2,2
8695,4
8276,1
11008,4
515,3,3,2
8708,3,4,3,3
8710,0,0,3,1
522,4
8715,2
524,3
525,3
8721,3,3
530,3,3
11011,3,1
8724,4
9646,3,2,3
8728,4,3,3
8729,2,3,3
539,4,3
8733,3
8737,2
8738,4,4
548,3,2
8741,1
550,3
8743,4
291,1,2
554,4,3
8747,1
557,0,0,0,0,0
8750,2,2
559,3,3
8752,4,4,4,4,4,4
562,2,4
564,0
565,3,2
567,2,2
8762,1,4,4,4
571,4
8764,4,3,1
573,0,0
8766,0,0,0
575,4,2,4
8768,1,0
578,2
8771,4,3
580,2,2
581,3,3
8774,2
8775,3,0,0,0,0,0,0
8776,2
585,2,3
8778,0,0
588,2
592,2
593,3,2
594,0,2,2,2
8787,0,1,4
596,0
597,4
8791,1,3,0,0,0,1,1,0,1
8794,3
603,3,3
8796,1,1
8798,4
607,3
10113,2,4,2
2832,4
610,0
8803,0,1
8804,4,4
10315,1
8807,1
8808,3
8810,4,4
8812,4,2,2
621,3
8815,3
8817,3,2
8818,3
627,3
8821,2,3,4,3
8822,4
631,1
8824,3,3
9663,4,4,4
638,3
8831,1,3
640,4
641,1,0
8834,4,4
8835,3
644,2,2
645,0,0,0,1
8838,3,2,2
649,0
8844,0,0
653,3
8846,0,0,1
8847,3
8849,3,4
660,3,3,4
661,2,3
663,3
8857,3,4
8858,4
8859,1
668,4
8861,3
671,4
8865,0
8866,3
8867,0
8868,0,2
677,2
8872,4
681,3
8875,0
8878,4,3
688,1,0,1
8882,3
8883,3
692,2,1,2,3,2
693,3,4
694,1
696,1,1,4
697,2,3
700,1,1,3,3,3
701,3,3,1
8895,1
705,1,0,0,0
8898,4,2,4,3
710,3,0,4
712,4
714,2,2
8908,2,3
8914,1,0
11043,0
8920,0,0
729,3
8927,3
736,2,1
737,1
740,1,2,2
741,0
743,4,4
8936,3
745,2
746,4
8940,2,2
8941,4
8943,0
8944,2
8946,2
758,3,2,3,4
8952,3
8953,3,3,4
8955,1,0,0,0,1
8958,3
767,3,3
8960,4,0,4,3
769,3
771,3
772,4,4,4,3
1494,4,3,2,3
8966,0
779,2
780,0,1
781,3
782,1
8975,0,1
784,2
8977,1,1
8979,1
792,1,0,1,0
794,3
1663,4,2
796,0,1
572,3
800,3
2864,2,2
803,4,2
804,2,2,2,2
806,0,1,0,0,0,1
9000,4,3,3,3,3
2209,2,3
811,2,2
9004,4,4
9005,2,4,4,4
814,1,0
9008,1
819,2,2,2
9013,2
822,2,3,1,0,1,0,1,1,1
9018,0
827,2
4247,3
9022,3,2
832,4,3
9025,3
836,0,0
837,3
838,4
9031,3,4
9032,0
842,4
843,0,0,0,0,0,0
844,4
846,2,2
9039,2,3,3,4
848,0,0,0,0,1
9041,2,2,2
852,3
9046,4,3
9049,2,3
9050,4,3
9051,4,2,3
9052,4
2874,3
9054,3,2,2
863,3,0,0
9056,4
2456,3
867,2,4
9060,4,3,3
869,0,2,4
8337,0
1511,4,3
9068,1,4
878,4
879,3
9073,3
9074,1,1
9075,4
9076,4,3
9077,3,2
9080,1
9082,1
896,2
9090,2,2,2
899,4
903,3,4,2
9097,3,3,3,4,3
907,0,0,0,0,0,0,0,0
909,1,0,1,0
9103,1
912,3,4,3,3,3
9105,3,4,4,3,2
916,1,0
9110,4
9112,2,2
9113,3
9116,0
925,2,4,2
926,0
927,3
9122,2
932,1,0
9127,4
9131,1
940,3
9133,4,3,1,4,3,3
942,3
157,4,4
946,2
947,3,4,4
949,1,0
952,1,0,1,0,0
953,2,3
954,2,3
955,4
9148,2
957,3
959,1
9153,0
963,3,3,4,3
964,0,0
965,0
9158,3,4
968,3
9906,1
971,3,1,2,2
973,2,3,2,0,1
975,4,4,4
977,3,3
978,4
9171,2,2
981,2,3
982,2
983,4,4,1
9176,3
985,4
987,4
9181,4,2,2,4,4,4,2
990,0
992,0
993,1,1
995,0,0,0,0
9190,3,3,3
999,2,3,3,0,3
9192,4
9724,4,2,2,4,3
1003,4,4
9196,4
1007,0,0,0
9201,0,0,0
1010,0
11091,3,4
9204,3,3,2
9205,1,4
1014,4
9207,3,2
9209,0,0
1020,0,1,0
1021,4,4,4
9214,2,3
1023,2
1025,3
9219,3,2
9220,1
9222,3
1031,3,4
9036,4
9225,4,4
11095,3,2
9230,1
1039,0
9232,4,3
1041,2,2
9235,0,0,0,0
1046,3,3
1047,2
9240,2,2
1050,2,3,2,2,3
9244,3
9245,4,4
9733,4
9250,2
9251,4
9252,1
1062,4,4,3
9256,3
1065,0
1066,4
9259,3
1068,4
1069,3,3
9263,0,0
9264,3,3
1074,0
1080,4
1082,4
1127,2
1085,0
9278,1,2,3,1
9279,3,1,2,2
9281,4,1,3,3,3
9282,3
1093,3,3,4
1673,1,0,1
9289,2,4,3
9290,4
9291,4
9292,3
2914,3,2
9294,3
9296,0
1105,4
9298,2
9299,0
9302,1,0
1111,2
9304,3,2,2,2,3
9311,3
9313,2,4,2
9314,1
1123,2
9319,4
1128,4
1129,4,4
1132,4
9325,3,3,4
9326,1,1
9329,4
9331,4,2,4
1140,1,4,3,3,4
1141,2,3
9334,4,4,4
9335,1
1144,3,2
9337,3,3,4,3
1146,4,2
1148,0,1,0,0,1
1150,0,0,1,0,1
1156,3
9349,2
1158,3
193,1
9354,3,3,0
1163,2,4,2,3
9356,3,2,1
1560,3
1173,2,3
1174,2,2,4
9367,3,3
8745,2
1178,2,4
9371,3
9372,4
9374,1
9375,3
9377,0
1186,1
1187,4,3
1188,2,4,4,2
1189,1,0
1191,3
9387,3
9388,3,2,3
1200,2,4,3
9394,0,0,0
9395,4
1566,3,2
9398,4
4297,4
1208,4,2,4
9401,4,3
9402,0
1567,0,0,0
1212,3
9406,3
1216,3,3
9409,2,4,2
9410,3,2
9411,1
1221,2,4,3,4
9414,1
9415,3
1225,2,3,4
1226,4,3
1227,4,4
1228,4,4,4,4
9422,0,0,1
1231,1
1233,4
1236,0,0,0,0
9429,0
9430,4,4
9431,1
1241,1
9438,0
1248,4
9441,4,0
9442,3
1252,0
1253,4
9446,3,4,4
9447,1
9449,4,4
1258,0,2,1
1259,4,2
1260,4,2,3,3,3
9453,4,2,1
1262,3
9456,3
9458,3
9460,3,4
2942,0
1270,2,2,3
9463,2,2,2
1272,0,0
1273,4,2,4,2,2,2
9466,1
1276,4
1277,0,3,3
1278,2
9471,3,3
1280,0,1,3,0
9473,3,2,4,3
1283,2
1284,3,3
1288,2,2,4,2,4
9481,4
9482,2
1292,3
1293,2
1294,4,3,4
9487,2
1302,0,0,0
8409,4,2
1304,4
1305,4
9498,2,3,3,4
1308,3
8410,0
9502,1
9504,4
1313,4,0,1,3,0,2,1,1,1
9506,4,4
9507,1
9508,3
1318,4
9511,1,0
9513,2,3,4,4
1325,3,2
9518,1,1,0,1
9519,3,1
9520,3,1,4,3,4,1,3,4,1
1330,3
9523,2
9524,4
9526,0,1,0
1338,0,1,0
1339,4
1342,1
1344,0
1345,3,3
9542,1
9544,1
9545,3,4
1354,4
1356,2,1,1,1
9549,2,2,2,2,3,2,2
9551,0
1592,3,2
1362,0,1,0
1363,2,2
1364,0,1,0,1
1366,4,4,4
1367,3
1368,4,4
9561,3
9564,3,4
9566,4
7277,3
1380,1
9574,3
1385,1,1
9578,3
1388,3,3,3,3,2,4
9582,3,4,3
9587,3
1397,0
9590,1,3,1
1399,1,1,0
1400,0,0,1
9593,4
9594,1
9595,3
1404,4,4,4
9599,3,2
9600,0,0
1409,1,0,1
1410,3,4
1412,3,4
9606,3,1
1416,0,1
1417,4
1418,4,4,4,4,4,4
9611,3,3
9612,4
9613,3,3
9615,3
9616,2
11160,4
9620,4
9621,2,4,4
9622,3
9623,4
1433,4,4
1435,1
1436,1
1437,3,3
1438,3
1439,1
1440,4,3
9633,1,1
1442,1,2,4,2
9635,2,0,2,3
1444,2,4,3,2,2,2,4
1446,0,0,0,0,1
9640,3,3,1
1449,1
1450,0,0,0,0
1451,0,1
1453,0,1
1454,2,2
9647,3
1456,0
9650,1
9653,1,2,2
1462,2,4
8436,0,1,0,0
1466,1,1,1
9659,1,0
1469,1
1471,4,3,2
9667,1,0
1476,4
1477,4
1482,4
1483,2,0,0
9676,4
9677,3
1486,2
1487,4,3,4,4,4
9680,3
1492,3,4,2,3,3,2
1493,4,1
9686,4
9690,3,3
8466,2,2
9692,4
9694,0
1507,3,2
9702,4,4
9703,1,0,1,0
1513,4,4
1514,2,4,2
1618,0,0
9713,3,4,3,4
1526,4
1528,1,3,3
9721,2,2,3,3,2
1530,4,3
9723,3,2
1532,4,3
1533,0
9727,0,1
1536,4
1537,2,3
1541,3
9735,3,3
9737,1
9739,1,1
9740,1
1550,3
9743,3
9744,2
9745,3,4,4
9746,2,3
1556,3
1557,0,1,1
9750,3,3
9752,0
9753,0,1,1
9755,4
9756,2,2,3,2,4
9757,4,4
9758,3,2
9759,0,0,0,1
1570,0
1572,0
1577,3
9770,3,4
1579,0
9772,4
1581,0
1583,4
9777,3,2,2
9780,2,3,4,4
9781,4,4
1591,0
9784,2
9785,3
1594,3
1596,4
1597,4,4,4,2,2,2
9791,2,4
1601,1,0,0,0
1602,4
9798,1,3
1609,1,2,2
1610,3,2
1611,1
9804,3,2,0,0
9805,3,3
9806,4
1616,2
9809,4
9810,1,3,3
1620,3,4,0,1,3,3
9813,4,2
9814,4,4
9815,2,2
9816,3,3
1626,2,2,3
1628,2,2
1629,4
9824,2
9825,4
9826,0
1635,0,0,0
9828,1
9829,4
9830,4
1642,4,3
9835,3
1645,3
9839,3
9842,2,2,2,2
9844,0,0
1653,2
1655,0,0
9848,3
1658,0
1659,3
9852,1,0
9855,3,4,3,4
611,2,2
1665,1
1666,0
1668,0,1
1670,3
9863,3,1,0
9865,0,0,0,0,0
9866,4
1676,0,0
9871,3,3
1684,2,1,0,0
1685,0,4,4
1686,0
1688,3
9881,3
9882,2
1692,4
9885,2,4
1695,3
9889,1,1
9892,2,4
9893,4,2,3,4,4
9894,2,3
9895,3,3
9896,4
1705,1,0
9899,4,3
1708,1,1,1,2
9904,2,2,2,1
1714,4
9907,0,0,1,0
1716,3,0,1,2,0,0
9909,0,0
9910,3,2,2,3,2,1,3
9911,4
1720,4
9913,3
9914,4
1723,1,0
1725,3
9919,2
288,3,3
9922,3,2
1731,0
1733,2
1734,4,4
1735,3,2,2,2
1738,3
9847,4
1740,4
9934,1,1,3,3
9935,4
9936,3
9939,1
9941,4,4,4
5753,2,3
1755,3
9949,0
1758,4
1759,2
1760,4
9953,4,3,4,3
9954,4,4
9955,4
1764,3,3
9958,2,3
1769,3,3,2,4,3,3
1770,0,1
1771,3
1772,3,2,2,2
1774,0,0
1775,3,3
9969,2
1778,2,2,3,3
1779,1
1782,0
1783,3
9979,0
9982,3
1791,3
1792,3,3
9856,1
9988,1,1
1799,0,0
1801,1
1802,0,0
9995,1
1804,1
1805,4
9998,2
60,3
1809,2,3,3
10002,1,3
1811,0,0
10004,1,3,3
1814,0,0
10007,2,3,3
10009,4
10010,1,1,1,1
10011,1,3,1
10014,3,3
10015,2,3
1824,4
1826,4,0
10019,1
1830,3,3,4,2,2,4,4
1831,3
1832,4
10025,1,1,0
1836,1
10029,1
10030,2
1839,1,0,0
10032,3,0,0,0,0
2789,3
10037,3
1847,3,1,0
10042,3,3,1,1
1853,2
10046,2,3
10047,0
1857,4
1858,3
10051,4,3
1862,3,2,1,3,3
1864,4,2,2,4,2
10057,1,0
1867,0
1868,2
10062,1
1873,3,1,3
10066,0,0,0
1875,1
1876,3
10069,4,4
10070,2,3,2
10071,0,0,0,0
1880,1,1,0,0
10076,3
10077,4
10081,4
1890,0,0,0
9877,0,3
10084,0,0,0
1898,1
1900,2,2
1901,1
1902,3
1904,3
1908,0
1909,3,2
3395,0,1
10104,0,0
9876,2,2,3,2,3,3
10106,3
1915,3,3,3,2,2
10109,1
10110,2
10111,2,2,1,2,4
320,3
1923,3
9878,4
1928,3
10121,2
1930,3
10123,0,0
1933,4
10126,2
10127,2,0
10128,2,2,4,2
10129,1
1939,1,4,0,0
10132,4,3,2,3
1942,1,3,3,3,3,3,3
10135,3,3
10136,1,3
1945,3
1946,4
1948,0
1950,4
10145,3
1954,4
10148,4
10149,4
10151,2,2,4
1960,3
9884,2,2,3
1962,2,4
10324,0
10158,0,0,0,0
1967,2,2,2
1971,4,4,3
10165,4
10167,4
10169,1
10171,2,3,3
8522,0,0,0,0,0,0,0,1,0,1,0,0,3,0
1982,2,3
10175,1
10178,1,2
10179,1,0
1988,3,4
1990,1
1991,3
1992,2,2
10190,1
333,1,0
10192,3
10196,1
10197,3,4
10198,3,2
10199,3
2008,1
2010,2,3
2011,1,1
10205,4,4
2014,4
2016,3
10209,4
10211,4,4
2020,2,2,2,2
10214,3
10215,3,3
10216,0,0,0
10217,3
2027,4,3,3
2028,3
2030,4,3,4,3,4
10224,0,1
1704,1
2035,1,1,0
10228,2,2
10230,4,2
10232,2,2,2,0
10233,4,4
10234,2,3,2,3,2,2,2
10235,1,1
10236,0
2046,2,4,4,4
2048,3
2049,0,0,0,0,0,0,0,0,0
10242,1,0,4
2052,0
10245,3,3
2055,1,4
2056,4
8535,2
3074,3
10254,0,0,0
2064,3
2065,1
10258,1
2067,2
10260,1
10263,4,2,3,2,1
10265,3
5807,3,4
2079,2
2080,4
2081,2,3
10274,4,2
2083,2,2,2,2,3
2084,3
10277,2,1
2086,1
2087,0,1
10280,0,0
8540,3,3,2,4,3
10282,1,1
10283,1
1979,3,4
2095,2
10288,2,4
2098,0,0
10291,3,4,1,3,2
2101,3
10296,4
2107,0,1
2108,4,2
10305,0,0,0,0
2116,4
2117,0,0
2118,0,1
2122,4,4
1719,4
8546,2,2
2126,3,3,3
2127,4
2128,2,3,2,2,2,2,1,3
2132,0,1,1,2,1,3
2134,0
1721,0
10328,0
2137,4
2138,4,4
10331,3
2141,4,3,0,3
2142,4,3,3
10335,1
2144,2,3
10337,3
10338,3,3,3
9915,4,4,3,4
10340,0,0
10341,1
2150,1,0
2151,2,2
2152,1,0
2154,0,0,0
10349,2,3
2159,0,3,2
2161,4
2162,3,3,2,2
2163,3
2168,1
2169,4
2171,4,4,4
10364,4
2173,3
10366,0,1
10367,1,1
10369,0
10370,1
2181,3,2,3
2182,2,2
9921,1,1,4,3,3,1
2184,0,3,1,1
10377,4
2187,4,4,4
2191,2,2
10384,3
9923,4
10390,3,3
2201,4
2202,4
10395,2,4,2,4
2205,1,0
10400,0
10401,3,3,4
2211,3
10405,0
10406,3,3,3
10409,1,1,0,0,1
10410,2,2
9927,3,3
2221,3
2222,4
2225,0
10420,3
10421,2
2232,2
10425,4,4
10427,4
2237,4,4,2
10430,0,1
10432,2,2,2
10433,2
2244,4,4,4,4,4
2247,0
2249,4,4
2252,1
2255,3
2256,3,2,0
10449,0
2258,3
2259,3
2261,0
10454,1
10455,2,3,3,1
4167,3
1743,0
10460,0
2270,3
10464,2,2,2,2,2,2,3
2276,4,4,2
10469,3
2278,3
10471,3,1
2280,1
2281,2,3
723,3
2286,3
2287,3,3
10482,3,3
2291,0
2294,1,3
10487,2
10488,4
2297,0,1,0
10491,3,3
2303,3,2
2305,3
2306,3
2307,4
10507,2,2
2318,2
10511,2,3
10516,4,4,4,4,4,4,4,4,4,4,4,4,4,4
10517,0
10518,3
2331,2
10525,3
10529,3,2,2,3
10530,4,3,4
9947,2,2
2340,3
10533,0,0
2342,4
2344,1,1
10537,4,2,2,3
2347,2
10540,4,4,4,2,3
2349,0,0,0,0
2350,4
2352,2,2
2353,2
2355,1
10551,3,1,2,3,3
2361,2,3
10554,3,2,3
2363,4
2364,4
2365,4
2366,4
10559,1,0,0
2369,1,4,4,4,4,3
10562,0
8587,3
10564,3
1761,3,0
10568,1
10569,4
2378,3,4,3
2379,2
10572,0,0,0,0,2
10573,4
2382,4,3
10576,3
2385,3
10578,2,3,4,3,2
10579,3,2
10580,3
10584,3,3,4,4
2394,3
2397,0
10590,1
2402,4,3
1766,0,0
10599,2
10600,0
2412,4
2415,3
10608,2
10611,1
10612,4
2421,3
2423,0,4,0
10616,1
2426,0
2427,2,3
10620,4,3
2429,2
2430,0,0,0,0,1,1
8597,4,4
10625,3,3
10626,2,3,2,4
10630,3,2
2440,3,0,0,0
10633,3
2442,3
10635,3,3,3
10636,4
2445,3
10639,0
10640,1,0,1,0,1
2453,3
10646,2
9629,3
10649,3
10652,0
2462,2
10656,3
10657,1
2467,2,3
10660,2,4,4
10661,2,3
1777,4
10664,3,3
2473,3
2474,1,0
10667,3
2476,4,2
10669,3,2
10674,0,3,3
10678,4
2488,4,3
2491,3,1
2492,1
10688,1,0
2498,0,0
2499,3,2,3,4
10692,2
10693,3,4,3
10695,4,4
2505,2,1,2,4
2508,3
2509,4
2510,1,0
10705,0,0,2,0,1
10706,1,2
8691,4,2
10709,2,3,4
2518,4,4
10711,2,2
10713,0
2522,1
10719,4
2529,2
2530,2,2,2,2
10723,4
8614,4
10727,4,2
2536,1,3,2,3
10731,2,3,3
10733,3,3
2542,4
2543,3
2545,0,0,0,1
2547,2,3
10740,1,0,0,0
10743,1
10745,4
2555,4
2557,3
10750,0,0
10751,1,0,0,1
10756,1,2
10758,0
10759,4
2568,3
2572,1
2573,1,1,0
10766,0,0,1,1
2575,0,0,0
2576,1,0,0,0
2472,3
2579,2,4,4,2
2582,3
2583,0,0
10776,4,4
2585,3
10778,1
6291,4,3
10780,0,0,0
10782,4
2592,4
2593,4,4,4,4,4
10788,4,4
2597,3,3
2598,2,2,3
10791,4,1
10794,3
10797,2
2606,3
10800,0,0
2609,4
2611,2
2613,4,4,2,3
2615,1
2617,3,0,0,2
10810,0
2619,3
10812,4,4
10813,4
10818,3
10819,1,0
2628,3
10821,4
10822,4
2631,2,2
2632,3,3
2633,2,3
10826,2,4,3,4
439,1
10829,1,0
2638,2,2
2639,0,1
10834,2
10835,2,2
10836,3,3
2646,0
441,4
2648,3,4
10842,2
2651,3
442,0
10848,3
2909,2,2,4
10850,1,1
10851,4
2660,4
10853,2
2662,4
2663,1,2
2664,0,1,3,4
10857,0
2666,1
10859,0,0
10860,0,1
10861,3
2670,0
8637,2
2673,3,2
10866,2,4
10867,4,4,3,3
2677,4
10871,3,4
2680,1
10873,4
2682,4
8639,4,4
7601,3
2686,0
10879,4
2688,3
10881,3,2,4
10882,3
2693,4,3
2694,4,2,4
2695,0,0
2698,3
10891,1
10892,2,2
2702,3
2703,0
2704,3
2707,0,0,0
10901,3
2711,3,3
452,4,3
10907,4
10909,2
10910,1
3184,4
2722,3,4,4
1819,3
10916,3,4,4
10918,3,3,3
10919,4,4
10922,2,3,2
10924,0,3,4,2
10925,2,2
2735,0,1,0,0,0
10928,0,0,0
8648,2,2,3,2,0
10930,1
10931,4
10932,4
10933,2,2
2742,0
10935,2,2
2744,2
2745,0
10938,2
10940,2,4
2749,3
10945,0,1,1,0
2754,2
459,4
10948,2
10952,1,1,1
10956,2,2,4
2765,4,2
10958,0,0,1
2767,2,3
10962,2,3
2771,2,3,0
2773,3
2775,3,2
2776,4,4,3
2781,3
10974,2
2783,4
2785,3
10978,1,0,0,1,1
10980,3
10022,2
2793,1
2796,1,3
2800,2,2,2
10994,2
10996,4,4,3,3
2805,3
10999,3
2809,2,3,2,2
11002,3,2
2812,3,3
2813,2
2814,1
2816,3
2818,4
2819,2
11012,4
11014,0
11015,0
10028,3
11019,3
11020,3
2829,2,4,3,2
1458,4,3,0
11024,2
472,3
11026,1
11027,2
2836,3,3,0,1
1838,1
11031,3
2843,4
2845,4,4,4
2847,4,2,2
11040,3,4,4
2851,0,0,1,1
11044,2
2854,3,0
2857,4,2
2858,3,3
11051,3,3,3
11052,3
2862,4,4,3,4,4
2863,1
11056,3
11057,4,4
2866,4,4,3
2867,3,0,0
2868,2,2,3
2869,4,3
2870,4
11063,2,2,2
2872,3,1
11065,2,2,2
11066,3
2876,3
11069,2,1,2,1,4,4,3
11070,3,3
11071,3
2881,2,2
11074,4
2883,0,1
2884,4
11077,3
11079,1,0,1,0
2889,0
2890,2,4,2,2,2,3,2,3
11083,2,3
2892,3
11085,4
2894,4
11087,3
2899,0
11092,1,3,3
2903,2,2,2,3,2
11096,1,1
2905,4,1
11098,4
2907,3
11101,3,3,4
2910,3
2911,2,2,2,2
11104,3,2,3
2913,3
11106,2,4
11107,3,3,2,2,1
2916,3
11110,3,0,1,0,1
11112,3,3
2921,2
2922,2
2924,2
10045,1
11120,0
2929,3,3
2932,3
11126,3
2935,0,0
2936,0
11130,3
11131,0
11134,3
2943,4,4
11137,2
11138,4,3,4
2951,4,3,2
2952,1
492,4
11146,2,3,3
11147,4
493,0,0
2960,3
11153,4
2963,1
8282,2
2965,2
2968,0
11161,2
2970,2
11163,1,0,0,0
11166,0,0,0,0,0,0,0,0,1,1
11168,4,3,4
11170,4,2
11173,3
2983,3,1
2984,4
2986,2,4
11181,4
2992,3,4,3
2995,3,1
11188,3,3
11189,1,0
1865,2,1
3002,1,1
3004,2,3
501,0,1,0
3009,3,4
3010,4,3
3012,2,4
3014,4
3015,3,3,2
3016,3
3017,0,0,1,2,3
3021,3
3023,2
3025,1,0,2,3,0
3028,2
3031,3
3034,2
3037,2
3039,0,1,1
3043,1
3045,3
3049,2
3050,3,3
3052,4
3053,2,2,2
2748,1,0,0
3062,0,1
3065,2,4,2,3,4,4
4607,4
3068,0,0
3070,1,1
3073,2,2
9104,4
3085,1
3086,0
3087,2,2,4,2
3088,1,0,0,0
3095,2,1,2,1,3,2,3,2
516,2
3098,2,4,4
3104,3,3,3
3107,0
3108,2,2,2
3109,3
3112,4
3114,4,4
3115,1
3119,0,1,1
3121,4
3131,3,3,4
3132,2
3133,3
3134,4
3135,0
523,3,1
3142,4,3,1
3143,3
3148,4
3150,2
3151,4,4
3154,1
3156,2
3157,4,4
6379,3,2,0
1892,3
3165,4,3
3166,1
3176,2,2,2,2
10714,3
3180,4
9926,2
3186,3,2
531,0
3189,4
3190,1
532,1,3
3198,3,2
3199,1,3
3206,1
3210,2,4,3,2
4631,4
3215,0,0,1
3219,2
3223,3,3,3
3225,0,0
3228,4
3233,2,2
3243,1,1,1,1,0,3,0
3245,4
3247,3,2
3249,2
3252,3
3254,0,1
10100,3
3258,4,4
3260,4,4
3262,0
3263,0,1,1,0
3264,1,2,4,4,3,1
3272,4,3
3274,2
3277,3,0
3281,2
3282,1
1913,0,1
3289,4
3290,3
3292,0,0
3295,3
9657,4
3299,2
2235,0
3305,0,1,1,2,0,0
3310,4
1917,3,3
3312,4
3317,4,4,2,4,4
553,0
3320,3
3321,4
3322,2,3,3,3,4,3
3328,1,4
3329,3,4,4,4
3333,0
3335,3,4,3,4,4,4,2,4,3,4,4
3287,2,3,3
3341,1
8749,3
3344,3,3
3346,1
3353,2,3,1,4
3358,2,3
3361,0,2,3
3363,1,0,0
3364,4
3367,4
3371,2,3,3
1749,2
3384,1
3388,0
3391,2
3394,2,2
1931,4,4
3397,2
3399,4
3403,3,4
3406,3
3407,0,1
3413,4
3417,0
3419,2
3421,3
3422,0,2
3423,1,3,3
1936,3
3426,2,2,2
3428,1,0,0,1,0
3429,3
3430,0,0,3
3431,3
3433,1
3435,0,2
3437,4,3
3439,1
3443,0,1,0,0
3446,1
3447,1
3451,3
3459,0,1,0
3460,4,4
10134,0,0,2
3462,4
3465,1,1,2
3467,2,1,2,2
8770,3,3
3470,4,4,4,2
3472,2,2
3474,1,0
3480,3
8772,4
3482,4
3483,3,3,1
3486,1
10140,4
3498,1
3499,2
3500,2,4
3501,3
3502,0,0,1
3504,3
3505,0
10142,4,3
3510,3
3512,4
787,3
3516,3
586,1,0
3519,1,0,1,0,1,0
3521,0
3523,4
3525,3
3526,2,1,1,3
3527,4
3529,4,4
3531,1
3532,3,4,4,4
3534,4,3,3,1
3539,0,0
3540,0
3541,0
3542,0
3543,2
3544,1,0
3545,3
3546,1
3547,1,0,3,3,4,4,4,3,4
3549,0,0
3551,4,4,4
3552,3
3562,4
8786,3,4,3
3566,1
3569,3,3,2,2,3
595,2,2,2,2,2,2,2,2
3573,4
3574,4,4,1
1961,0
8788,4
3580,3
3581,1,1,0,0
3583,1
3585,1
3586,2,2
3589,3,2
3590,2
3591,3
3594,2
3595,1,2,2,2,2,2,0,2,0,1,0,1,0
3598,0
3599,2
3602,4,2
3603,4
1966,3
3609,4
3614,3
2848,4
3616,4
8795,2
3622,4,4
6065,4,3,3,3
3624,3
3625,4
3626,4
3629,1
3630,2,2
3635,3,3,3,3,3,3,1
3636,1
8262,3
3639,1
3642,1
3643,2
3646,2
3650,2,4
3651,3,3
3652,3
3653,3,1
3658,2
3659,3
8802,4,4,4,4
3663,1
3665,3
3666,3
3667,3,2
3668,0,3
3669,2,3
3672,3
612,1
3676,0
3682,0,0,0
3683,2
3687,4
3688,4
3690,3,3,3
3691,3
3693,1
3695,4
3696,3
3698,3,3
3700,3,4
3704,4
618,3
3711,0,1,4
3712,3,4,3
3715,3
3720,1
620,3
3722,1,0,1,3,3,4,4,3,3
3730,1
3731,4
3736,0
3737,4
3738,4
3739,2
3743,4
3744,3
3745,3
3748,3
3750,3,3
3752,1
3754,2,1,2,2,1
3758,4,4
3766,0,0,0,0
3767,0,0,0
3768,0,0
3770,3,3,3
3772,2,2,2
3774,0
3776,4
3777,3,3,3,0,2
6091,0,0
4726,2
3784,4,4
3785,0
3787,1,2
8855,2
3790,3
3796,3,3
3799,1
10191,3
3805,4
3806,1,1
3811,2
3812,2,3
3818,3,3,2
3822,0
3826,3
3827,2,3
3829,3
3831,3
2004,0,0,0,0
3836,0,0
3837,3
2005,1
3841,3
3845,1
3849,3,3
2007,2,2,2
3853,1,3
3855,4
401,2,2
3858,3
3859,1
3864,2
3865,3,2,3,2
3866,1
1107,2
3873,4
646,2,2
3879,0,0
3881,2,2
3886,0
3889,3
3890,1,0,1,1,1
675,2
3894,0,1,1,0,0
8841,2,2
3897,3
3899,2
3904,3
3906,3
3911,0
3914,3,3,2
3919,4,2
3921,4
3923,4,2
3928,4,3,0,3,1
3931,3,2
3941,4
3944,0,0
2859,0
3946,3,4
3948,1,0
3949,2
3952,2,2,2,2
3953,4
3956,0
3959,0,0,1,0
3960,1
3965,3,2
3967,0
3971,0
3972,0
3979,0,0
3981,2
3982,3
3983,4,4,3,3
3985,3
3986,0,0
3987,3
3989,3,3
3992,3,3,2
3995,2,4,4
3996,2
3997,4
3998,3
4000,3,1,1
4001,4
4002,2
4009,0
4013,4,3
4016,1
4021,1
4023,0,1
4033,0,1
4034,2,2
4041,3
4043,4,4,3
4046,2,3
4047,2,0
4050,2
11046,1,0
4053,2,2,2
2041,4
4056,2,1,2,2
1499,1,0
4063,3,4,3
4067,0
4069,4,2,3
4071,3
2044,3
4074,1
680,1
4085,2
4087,3
4088,3
4089,1,1
4090,0
4091,3,4,3
4094,0
4103,0,2,3,0,0
4104,4
4106,1
4109,2
4110,3,2,2,0,2,0,4,2,3
4111,2,3
4117,0,0,0,1
4118,3
4120,4
4121,2,2,4,4
4124,3
4125,3,2,2,3
4126,4
4128,0
8880,3
4131,3
4132,2
4133,2
4135,2
4140,3
4142,4
4143,0
4145,1
4146,4,4
4149,2
4150,3,3
4154,0
4156,1
4159,3,3,2
4160,3,3
4162,4
4165,0
3425,2
4169,2
4171,4
4172,1
4177,2,2
4179,4
4182,2
8889,4,4,3,2
4185,3,2,2,3,3
4186,3
4188,2
4194,4
10257,3
4204,3
4205,0,1,1
4206,3
4207,4
4211,4,3
4212,3,3
4214,0,1
4216,4,4,4
703,2,4
4224,0,0,0
4226,0
4227,0
4234,4
4239,2
4245,3
2073,1
4248,3,2,2,2,2
4249,3
4251,3,3,4
4252,3
4253,2,2
4255,3
4257,4
4263,3,4
4276,3
4282,4
4283,0
4284,1,2,3
8906,4
4287,4
4288,4,0,3,4,3,2
4289,3,4
4290,2
10273,3,3
716,4,4
4298,4
2082,2
4303,3,1
4304,0,3,1,0
4305,3,1
10275,4,2
4311,1
4315,2
10153,2
4318,1,1,0
4325,4
4327,0,0
4331,3,3
4333,4,4
4334,1,3
7549,3,4
8915,3
4344,3,1
4346,1
4348,0
4357,1,0
4359,1
4364,3
4365,3,3,3,3
4366,0,0
4371,3
4373,4
8921,2
4376,4
4378,3,2,4,3,4
10287,0,0
4381,0,0,1,0,0
4382,4
4385,4,3,4,2
4394,0
4395,3
4396,2,1,3,0,1,3,0,2
4399,4
4408,4,2,4
4410,1
4411,2,3,2
4415,2,2,3
4417,3
4420,0
4422,4
4426,3
4428,3,2
4429,2
2104,3,2
4434,0
4435,2,2,2
4438,3,4
4439,2
4442,4
4445,2
2539,2,1
4447,3,4
4448,4,3,3,3
4454,4,3
4457,2
4458,4,3,3,2,4
8935,3
4460,3
4462,4
4466,0
4467,2,4
4472,4,4
8938,4,4,3
4478,4,3,1
4479,4
4480,0
4483,1,0,0
4485,0,0,0,1
4492,2,2
4493,3,2,1,2
8333,4
4498,1
4504,3
4506,1,1,0,2
4507,1
4509,4
752,1,0
4517,2,1
4519,3,3
4532,3
4534,1,3,1,0,3
4537,3
4538,3,2
4539,3
2123,4,4
4552,4,3
4558,4
2125,3
4566,4,4
4567,3,3,4
4571,4,2,3,2,2
4572,3
4573,2
4574,4
4575,3
4576,0,0
4577,2,2,1,0
763,4,2,4
4580,4
4584,2,2,4
4588,3,3
4590,2
11064,4,2,3
4597,0,0,0,3
4598,4,4
4601,3,4,3,1,0,2,0,3,2,4,3,3,3
4603,3
4606,3,2
426,1
4608,3,0,0
768,0,0
7595,2,4,3,4
4612,2,2
4613,4,3,4
4616,0
4617,3
10327,1
4624,2
4626,4,1,3
4627,1,3,3
10329,3
4633,3
4636,0,0,0,0,0
4642,1
4644,0
4647,4,3
4649,3
4656,0,1
4657,3
4658,0
4662,3,2,2,2
4663,3,3
4665,2,3
9157,0,0,0
4667,3,1,2,2,2,3
4668,2
4670,1
4671,4
4673,2,2
4674,1,0
4675,2
4678,4,4,4
4680,2,2,2,2,2
4682,3
2338,2
4686,3,4
4688,3,2
8885,4
4691,2
8974,1
4695,3
4696,4
4701,1,0,0
4705,3
4706,4,2,2,4
4707,2,2,2
4712,4,3
4716,3,4
4718,3,3,2,2
4722,0
4723,1,1
4725,4,3
2885,3
4727,4,3
4728,0,1
4730,2
10346,2
4742,0
4746,2,3,2,2,2,2,2,2
4755,3,3
4756,2,3
4757,4,4,0
4758,1
4759,0
4763,4,4,3
4771,3,2,2
4777,4,4,4,4
4778,2,3
8888,4,3
4780,1,3,0
4787,2,4,4,1
4788,2,2
4789,1,1,1,0,1
4794,4,3,2,2,2,2
4796,3
4797,2
4798,0,0
4800,2,2,3,4
8992,4
4805,3,4
4806,0,1,1
4809,4,4
4810,2
4815,2,2,0,3,3
4818,3,2
4819,4,2
4820,1,1,1,1
4822,2,3
4824,1
8996,4,4
4828,3
4829,3,4
4839,1
4843,3,3
4845,4,4
4847,1,1,0,0,1,0
4849,0
4852,2
4853,4
4854,3
4856,0,1,4
4857,1,1
4859,4,4
4861,3
4863,1,1
6163,3
4865,0
4866,2,3
4867,0,0
2177,2,0,2
4873,4
4874,0,3
4876,0,4
4877,4
4878,3
813,3,3
4880,1
4885,4,4
4888,3
4890,1
4893,4
4894,3
4895,1
4897,2,2,1,2,2,2,2,2,1
4898,0,0
4899,2
4900,4
4902,1
4904,4
10375,4,4,3,2
4909,2
4911,2,4
4913,3
4915,4
4918,4,4
4920,4,4
4925,1,3,4,4,4
4928,1
4930,2
10379,3,3
4932,3,2
4933,4,3
4939,4
4946,3
4954,3
4955,2,2,2
4956,2
4965,4,4,2,2,3
4970,4,4
4972,2,2,4
4973,4,2
4976,0
4979,3
2348,0,1
4984,2
4985,4,4,4,4
4987,2
4988,4
4989,0
4990,0,0
4993,0
4995,3
4996,3
4998,4,4
5000,3
5003,3
5005,1
5007,2
5010,4,4,2
5014,4,4,4
5016,3
9030,3
5030,3
5032,2,2,3
5035,4,4,4,4,4
5036,0
5038,2
5041,2,3,2
5045,4
5046,4,4
5050,2
5052,3
9035,4
5061,4,4,4
5063,1
5064,3,3,3
5065,3
5066,0
5067,2,2,2
5068,4,2,1
5077,1
5078,2,2,2
5085,3,0,1
5089,1,0,1,1,0
5093,3,1
5094,2
5096,0,0
5099,2
5102,1,1
5105,4
5114,4,3,2,4,2
5116,1,1,3,1,1
5121,4,3
5124,4
5127,1,1
5128,0
5135,4,2
5137,3,4
5138,3,3
5140,3,3
5375,4
5146,1,1,1
1889,4,3,4
5150,0,0,0
5153,1
5156,1
5158,1
5160,4,4
9053,0
5168,2,2,2,2
862,3,3,2,3,1
5174,2
5175,0
2900,2,0,0
5181,2
9147,4
5187,0,0,0,1,1,0
5189,2
5190,3,3
5191,4,4
5192,1,3
5194,0
5195,1,3
5199,4
10424,0,1,1
5202,1
5204,1
5209,2
5210,3
5211,3,4
5213,2
5214,2,2
5219,1,1,0
5221,3
9063,3
5229,1
5230,3,2,4,4
5231,1
5232,4
7699,2,1,1,1,4
5237,3,3,2,3
5241,3,2,3,1,0,0,1,1,1
5242,4,3,4,3,2
5244,0,1,0,0
5249,3
5250,0,1
5251,2,4,4
5254,2
2241,3,4
5262,3,3
1617,3
5265,2,2
5266,2,3,4,4,2,3,2
5269,0,0,0
5270,2
5276,0,0
5280,3
5281,3
5283,0,0
881,0
10439,2
882,0,1,0
5298,2
884,2,2
5306,0,1
5308,3
5309,1,0
5310,3,3
5314,3,4
6347,3
5318,4
5319,1,2
5322,2
5325,2
5330,0,0,2,2
5332,2
5333,2,2,2
5334,0,0
5338,4,1
10447,2,3,4
5342,4
5345,1
5346,2,2,3,4
5349,4
10271,3
5353,0,0
5354,4
5355,3,1
2906,1,0,0,1,0,0
5357,2
5359,2,4,4
5362,3
5363,2,4
5371,0,0,1,2,2,0,0,0
5372,3
5373,3,4
10453,4
5376,3,3,3,3
5377,0,1
5378,3
5379,4
5382,4,4
5385,3,3
898,3,4,3,4,4,4
5390,3
5391,2,2
5395,4
5397,2
5398,0,0,0
5399,4
5401,4
5409,1,0,0,0
5411,3,2
5416,0,2
5419,1,1,3,3
5421,0
5425,4
7731,2
5434,2,2
2272,1,1,0
5445,4
5446,4
1818,0
5458,3,3,3,3,3,3,3,3,3
5461,1,1
5462,3,3
5464,2,2
5467,4,4
5473,0,0,1
5475,3,4
5478,0,0
5481,0,0,0,1,0
5484,1,0
5486,3
5487,4,4
5492,4
6377,3
5496,3
5498,2
5499,2
5500,2
5501,2
5505,1
5507,4
5508,2,4,3
5510,4,3,4
5514,2
5517,3
5519,3,2
5521,3
5524,3
5525,0,3
5528,2,3,2
5531,3,3
2912,4
5538,1,1,1
5541,1,1
5543,3
2290,4,1,0,4,3
9966,3
5552,3,3
5553,4,3,2
5554,3
5557,3
5559,3,4,4,4,3
5564,4,4,4,0,3,3,3
5568,4,4,3
1822,3,3
5571,4,3,3
5572,4
10486,4
5576,3
5577,4,4
5580,4
5582,3
5587,1,1,1
5589,3,4
5592,1,0
10279,4
5594,0,0
5595,3,4
5598,4
5599,1,3,2
5607,0
5608,2
5616,3
5618,3,0
5620,2,3
5623,1,0,1
5629,2
1183,3
5633,3,3
5634,2
5636,3
5637,4
5640,4
9132,4,4
5643,0
5646,3,2,3
5647,4
5651,3
5652,4
5654,2
5656,1,0
5657,3
5658,1,1,0,3
5660,3,3
5669,1,1,1
5671,0
5672,4,4
5679,1
5683,2
5684,1
5685,3,4,2
5687,3
5689,2
5690,2
5694,3,3,2
9141,3
5696,3
5704,4,1
190,0,3
5713,3,4
5714,3,3
5715,4,3
5717,3
5718,0
5719,4
5720,2,2,2
5722,1,3
9146,4,3
5726,1,0,0,1,0,0
5727,1,0,0,0,0
5728,4
5730,1,1,0,1,1
5731,2
5732,0,1
5734,2
5742,0
9149,3,4
5744,1
5749,2
5750,1
2324,4
5760,0,1
5769,4
5770,1
5771,4,2
5772,4
5775,3,1,0,0
5059,0
5785,3,4
5789,3,2,4,2
5791,1,0,1,1
5796,4,0
5797,4
2333,4
5808,4
5812,3,1
5819,4,4
5823,4,4
5824,0,0
5825,3
5826,4,4,3
9163,3,4
5830,2,2,2
5831,4,2,2
9095,2
5838,0
5843,3,2,4,4
5844,1
5845,1,0,0,0,1
5846,1,1
5847,2
5848,2
5850,4,3
5851,4
5852,3
5855,4,3
5856,4,1,1,3
5859,0,0
5862,2,2
5863,4
5868,4
5869,4
5871,2,2
5873,3
5874,0,0
5875,1
5876,1,0
5878,3,4
5879,3,3,3
5882,3
5883,1
5884,3
5886,0,0,1
10016,0,2
5891,3
5895,3,3,2
5897,2
5905,0,0,0
5914,3,4
5919,2
10544,4
5925,0
5926,3
5927,4
5928,4
5930,3
5931,0
5933,0
5937,3,4
5938,2,4
5939,3
5940,4
9182,1
3721,3
5945,2,2
5946,1,0
10018,3,3,4
5953,4
5954,4
5955,0,0
5956,3
5957,3,2,2,3,4
5960,4
5963,3,4
5966,4,3,4
5970,2
5971,0,0,0,0
5972,1
10553,0
5978,2,0
5980,4
5982,3
5987,4
5989,4,4
5992,2,3
5993,2,3,2
5997,0,0,0,0
6003,3
6004,3
6008,3,4,4
6009,2,4
6014,3
6019,4,2,4
6024,3
6026,3
6027,0,0,0,0
6030,2,3
6033,3
6035,3
6036,3
6041,1
6046,2,4
6047,4
6049,3,0,4,3
6051,0,0,1,1
6052,4
6053,4,3
6055,0,0,0
6059,4
6061,2
6063,0,2
2376,0
6068,0
2377,1,0,0,0,0,1
6072,0,0
6073,0,0
6075,3
6076,0
10571,3,4
6084,4,2,3,1,1
6087,3,3,3,0
1015,4
6092,3
6096,3,3
6098,2
6099,3,4,3
6100,4
6101,4,4
1017,3,3,1,2
6104,2
1038,3
6114,4,4
6117,0
6120,4
6124,2,3,2,3
6126,3,3,3,3
2387,4
6134,3
6138,3
6145,3
6148,2
6151,3,4,0,3
6152,0,1
6156,3,3
6160,4
1027,4,4,4,4
6165,1
6167,2,2,2,1,1,2,1
6170,4
6172,2,2,2,2
10586,1,1
6185,0
6187,4
6189,4,4
10589,0,0
6194,2,3
2398,3,3
6200,0
6203,3,4
6209,1,1,0,1
6211,0,0,3
6213,3,3
6214,1,3,1
6218,3,3
6219,1
6220,0,0,0
10594,4
6224,1
6225,4
6227,1
6229,3,1,1
6230,1,2,2
6231,4
6233,4,4,3,4,4
6237,1,0,4
6239,0,0,1
6241,3
6243,2,2
6244,3,1
6248,4
6251,1,3,2,1
6253,3,4
6258,2
6260,1
6263,1,0
6266,3,4
6267,4,1,0,4
6274,3,2,3
6277,2,3
6279,3
10604,2
6285,2
6286,3,3
6289,3
6290,3
3779,1
6292,2,3,3
6297,2,4
6299,0,3,0,0
9242,4,1
3781,4
2416,3
6307,2,2
6308,2,2
6311,4
6313,4
6320,0,0
6321,1,3
6322,3,2,3
2419,0
6326,3,4
6327,3,1
2420,3,3
6331,3
6332,3,3,3,3
6337,1
6341,0,0
6342,1,0,0
6343,2,4
6346,0
10615,1
6350,2
6353,2
6355,2,2,2
6361,4,3
8668,4
6365,3,3
6369,4,4,3
6372,1
6375,2,4
2428,1
6378,1
10003,3
6381,2,2,4
6383,2
6385,3,3,2,3,2,3
6387,3,4
6389,2
6390,4,3,2
6391,2
6393,3,4
6394,3,2,2,2,2
6395,4
6396,4
6398,4,2,4,4
6408,0
1850,1
6412,0,0,0
6413,2,3,4
6414,4,3,2,1,3
6416,4,4,4,4
6417,2
6419,4
6421,3,3,3,3,3,3,4,3,3,3,3
6423,2,2
6428,3
6430,1
6438,4
6440,3
6441,3
6444,4,3,3
6445,0,0
6447,3
6448,0,1,0
6450,0,1
6451,3,3
6455,2
6465,1,0,1,0,0,0,0
6468,3,3
6469,0,0
6471,4,2,4,3
6475,3
6477,3
6479,1,0,0
9272,0,1,0
11127,2
6484,4
6487,4,4,2
6491,3
6492,4
6497,4
6498,1
6499,1
6500,3
6501,1
6502,1
6505,0,1,1,0,1
6506,1,0
6507,4,4,4
8400,4
6510,1
6511,3,4
1035,4
6513,3
6516,1
6518,4
6519,3
6522,2
6523,1
6525,4,4
6528,3,4,3
6532,0,1,0
6541,3
6544,3
6545,4
6550,4,2,3,4,4
6552,3
6554,2,2,2
9285,2,2
6561,3,3
6562,4
6563,4,3
6567,0
6568,3
6569,1
6573,4
6574,3
6576,0,1
10654,1,2
6582,0,3
1097,3,3,2,2,2
9591,0,0,1,4,3
6590,4
6592,1,1
1099,3
6597,3
6598,1
2465,4
6601,3
6602,4
6603,3,4
6605,1
6612,3,3,4
3833,2
2468,2,2,0,2,2
6621,2
6623,4,4
6625,0
6626,3
6629,3
6632,1
6634,3
8677,1
11029,3
6637,4
6640,0,0,0,0,0
6641,1
6643,1,1,0
6646,2,1,2
6650,0,0,0
6651,4
6655,3
6657,2,2,2
1110,2,4,4
6662,1,2,3
10668,4,4
6666,3,3,3
6670,0,0,0,0
6672,4
6674,3,3,3
6679,2,0,3
6682,3
6684,1,2,2
6685,2
6690,1
6692,0
6695,1,0,0,0,1,1,1
6696,4,4,4,2,4,4,4
6698,3,4
6702,0
6706,4
6707,4,3
6708,2,3,3,3
6709,3
6710,4
6713,2
6581,3
6720,1,0
6722,3
6724,1,0
1121,2
6728,2
6729,0
6730,0
6737,3
6739,4
6787,2,2
6748,1,1,0
6749,4
10683,4
6763,4
6764,3
6766,4,4
6769,4,3
6771,3,3
6776,3,3,4
2135,2
6781,2
6783,2,1
6784,4
6785,3
5227,0
6789,3,1,1,1
6795,3
6800,0
6806,4
6807,3,2,0,0,0,0
6808,3
6810,4
6811,0
6816,2,2,3,2,2,3
6817,4
6818,2,2
6822,4
6824,0,0,1
6826,1
2503,0
6828,4,4
6829,3
6831,3
6838,3
6839,3
6840,4
6843,1,3
6844,3
6847,3,4
6848,2
9589,3,3
6854,1
1143,4
6861,1,1,3,4,3,3,3
6862,4,4
6864,4
6865,2
6867,2,4
6868,4
6869,0
6870,3,1,3,1,0,1
6873,3
6877,4
6878,4
4301,4
1593,2
6887,3
6888,3,4
6889,4,4
6891,1
2514,0
6894,1,4
6900,3
6906,3
6908,2
6912,2
6913,4
6915,3
6916,3,4
6920,2,4
6923,4,4,1
6924,3,4,3
6939,2,2,2,2,2,3,3
6941,2,4
6942,3
6944,1,3,3
6945,4,3
6947,4
6949,2
6950,1
6951,3,3,3
6953,4
6954,3
6956,0
6961,3
6963,3,3
10222,3
6968,2
6970,3
6971,1,1,1,0,0
6972,3
6973,4
505,4
6980,0,4,2,2,2,3,4,3,2,3
6981,4
2665,4
6984,2
6985,0
6987,3,4
6989,2
6996,3
7000,0
1328,3
7002,1,3
3839,1,1
7006,0,1,2
7007,0,1
7013,1
7014,1
7016,3,0
7017,0,0,0,0
11176,3,3
2535,2
7021,2,1,3
7023,2
7028,3
7029,0,0,0,0,0,0,1,0
7031,1
7032,2,2,4
7038,4
9365,4,4,4,4,4,2
7040,1
7043,3
7045,4,2
7046,4
7049,1
1175,0,0,1,0,0
7053,4
7054,3
7055,3
7057,1
7058,4
7059,1,1,1
7064,1
10735,3
7074,3,4,0
7080,1,1,1
1180,0,3
7084,3,3
7086,0
7088,0
7089,1,1,1,1,0
7091,1,1
7093,2
7099,4,3,3,4
7104,3,2,2,2,2
7107,2
7111,4,1
2551,1,0,1
7119,2,4
7120,1,0,0,1
7124,1,1,1
9380,3,3
7130,0,0,0,0
7138,4
2147,2
7141,2
5287,3
7149,1,1
7151,4,3
7152,0,3
7154,3,4,4
2558,3,3,1,0,3,1
7162,3
7164,3
7167,3
7168,1
7170,3,3
1195,0,0
7172,2
7176,4
7180,3,3,3
7183,4
7194,3
7196,4
7200,0
7201,1,4,4
7203,4,4,3
7204,4,3,3
7205,1
7206,0
7207,2,2,2
7209,2,2,4
7210,2
7212,0,1
1202,3
7214,1
7216,2,2,2,2,2
7218,4
9868,4
7224,4
7227,2,3
7229,3
7232,1
7233,1
7237,4
7238,1
7242,2
7243,2,4
7248,3
7249,4,3
7250,2
1209,4,4
7256,1
1210,3
7265,4,2,3,2,2
7266,0,1
7268,0,1,0
7269,3,3
7270,3,3
7275,3,2
10770,0
7278,0,0,0
7279,4
7282,3,1,0,1,1,0
7285,0,1
7288,4,4,3
7295,1
7296,0,0
7299,4,3
7307,4
7309,4
7310,4,2
2584,3
7314,2
7315,1,3,0,1
7316,4,4,4
7318,2
7319,2,4
7325,2,3,0,0,3,2
7328,2,2
7329,3
7332,4
7333,0
7334,0,1,1,0,1
7336,4,3,3
7337,0,1
7338,2,3
7342,3,3
7353,2
7357,1,1,0,0,0,1
7358,2,2
9419,3
7365,3
7368,2,3,3
7369,0
7370,4
7380,3
1230,3,2
7383,0,1,0,0
7384,2,2
2596,3
9423,4,4,4
7391,4
7394,4
7395,3
7396,3
7397,4
7398,3,4
7399,3,1
7401,4,4
7402,3,3,1,3,1
7403,1,1,1
7404,3
7405,3,1
7413,3
7417,2
7418,1,0,1
7421,4
7422,0
7427,4
7432,4,3,4
7435,2,2
7436,0
7437,0,0,1
7438,3
7439,4
7445,4,4
7447,0,0
7449,3,2
7451,4
7455,4
7458,3,1,4,3,3
7463,1
7466,0,0,0,0,0,0
8071,1
7469,1
7471,2,1,2,0,2,2,2,3
7477,1,1
7482,2,4,4,4,4,4,3
7483,1,3
7486,2
7488,3,4
7491,3
7493,3,2
7494,3
7502,2
7504,3,3,4
7506,0
7507,0,0
7509,4,3
7510,2
7512,4,4,3,3
2618,2,2,2
7523,4
7524,0,0
7525,1,1
7529,1
7531,4
7532,4
7535,2,3
7537,3,4,4,3
7539,3,2
7540,1,0,0
7541,0
7542,4,4
7543,2,2
7545,4
7546,0,0
9450,3,4
7550,1
7553,3
7554,0
7555,4,4
7556,3
7562,4
7565,1,1
1261,3,3,4,3,3
7569,3,3
7570,1
7571,2
7575,4,3,3
7577,3,2
2629,1
7586,4
7588,3,3,4
7591,4,3
7593,3
7594,3,3,2
6727,1
7596,4,4,3,3,3
7598,2
10824,3
7603,3,4,0,0,3
7606,4
7609,3
2634,1
7617,1,0
7618,3,0,3
7619,0,0,0,0
7620,3,4
7621,0
7622,0
7623,3
7627,4
7628,2
7629,3,4,3
7631,2,2
9464,4
7634,4
10830,3
9465,3
7642,3,2
7643,3,3
7649,2
7651,4,3,4,3,3,3
7652,0,0,0,0
7657,4,4,4,2,3
7660,2,2
7661,2
7662,2
7664,2,2
7668,3
9257,4,3
7672,2,1
8398,4,4
5711,1,1
7675,4
7678,4
7681,4,4
7682,4
7683,2,2
7684,3,4
1281,4,4,3
2647,3
7692,2
7697,2,0,2
7698,1,0,0
9475,2
7702,2,2,2,2
7708,3
7711,0
7715,4,4
7716,1,1,0
7718,0
7721,0
7722,0
7728,1,1,3
7729,3,3,3
10623,3
7737,0,1,1
7739,2,1
7740,3
7741,0,0,0
7742,3,3
7744,1,2
7745,1,1
8714,3,3
7750,1,3,0,0
7754,2
7757,4
7769,4,4
7774,2,2,2
2661,0
7780,0
10854,1,0
7784,4,3
1623,0,0
7797,4
7798,1
7799,4
7800,2,4
7803,3
7804,3
7805,2
7806,3,2
7811,3
7813,4,2
7814,4
7819,0,1,0
7822,2,4,4,4,3
7826,1
7827,3
8444,2,3
7832,2
8132,0
7836,2
7839,3
7842,4,2
7843,0,0,0,1,0
7844,4
7850,0,1,0,0
7853,3,4
7854,2
7855,0
7865,2,2
7876,0,2,3,3,3
7877,4
7878,0,0,1
7880,4
2679,2,3,2
7888,3,3
7892,3
2681,3,2
1316,2
7898,4,4
7899,4
6778,0,0,0
7904,4
7906,0,1,0
10875,3
7913,3
7915,0,1,2,0
7924,3,4
10878,3
7927,4,4
7928,3,2,3,2,3
7931,4
7938,3
7940,3
7947,0
7948,0,0,0
2174,4
7951,3,3
7953,3
7955,4,4
7961,4
7962,2,4
7965,3
7967,3,3
7969,4
7970,3
7972,2,2,2
7973,3
7976,3
7977,0,0,0,0,0,1
7982,2,3
7983,3,2
7985,0
7987,3,3
7989,0,0,1
5176,2
8995,0
7995,3
7996,1
7997,0,0,0,0
8002,3,1,0,1
8009,2,2,2,2
8010,0,0
8011,4,3
8014,3
8015,3
8019,3
8022,0,0
8023,0,0,1
8027,3
8031,0
8039,4
8044,2,3
8047,2,4,3
7633,4
8051,0,1,3,1
268,0
8056,2,3,3
8057,4
8058,2
8059,3,1
541,0
2709,0
8064,3
8067,0,1
2178,3
9537,1
8072,3,4
8074,2
8078,4
8080,4,3
8083,0,1
8084,4
8085,3,3
8086,4
8089,2
8094,4
8097,0,2
8099,3
8100,3
8105,4
8107,3
8109,0
8110,3,2,1,2
8114,1,3
2718,3
8120,4,4,3
8125,0,1,1,0
8126,2
8131,0
9818,2
8136,4
8137,3,3
8141,3
8143,3
8146,2,3,1
8148,4,2,3
8155,1,0,0,0,1
8157,4
8674,3
8160,2,3,3,3,2
8167,1
8168,3,3
8169,2
2727,3,4
8174,2,2
8176,4
8178,3
8179,4,3
9556,1
8188,3
