1 0 9
2 6
8195 4 2
8198 9
7 3
8200 1 2
8201 1
8202 8 8 8 8 4 6 8 4
8203 9 9
6547 6 7
13 1 3 3 1
14 8 8 8 8
8208 1 3 2
3001 6 8 8 6 7
8210 2
8212 3
8213 6
8217 0
26 2 6
8220 9 6
29 3 1
30 9
8226 2
35 3
36 1 3
37 1
38 6 6
39 9
40 2
41 3
42 7 9
8235 6
8236 0
47 4
8242 1
8243 0 9
52 0
53 9
54 3 0
55 0
56 7 6
8249 6 0 4
8250 0 4 3
8252 7
61 4
63 9
8257 6
66 4 0 8 8 6 6 0 6
8259 6
68 2
8262 0 0
71 9
72 2
73 1 1
8268 9 4 6 6 6
78 0 9 9
8271 6 6 6
10641 0
81 4
8274 9
8275 4
84 8
8206 9 9
8278 3
87 9 6 6 9 9
2185 3 3 3 3
8282 0 4 6
91 8
92 2 2
8285 7
8287 7 9
16 8 4 4
8290 1
99 4
8292 1
101 0 9
102 0
8297 3 3
8298 9
8299 9
18 4 8
8302 4 4
111 6 0 2
112 1
8306 0 6 0
115 6
117 4 4 7 7
8313 7
122 9
10943 0
124 2
8318 1 3
127 4 3
128 6 9
8323 1
8325 1 1 3
8327 2
136 1
137 4
138 0
141 0 6 0
8334 6
143 9
146 9
151 4 6
8344 7 2
154 2 2
8348 9
8349 0 6 6 6
159 6
8352 9 7
161 0 9
162 3 1
166 6 0 9
8359 9 0
8360 9
171 6
8365 4 2 8 4 8
8366 0 0
176 6
177 3
8370 2
8372 9 6
8373 9
8374 6 6
183 2
184 0 7
185 7
186 0 0 0
187 6
8380 6 4
8381 6
190 1 1
191 0
8385 2
194 1 3 1 1
195 7
8389 2 3
8391 9 0 2
200 4 9
202 9
8395 6 6 6 2
8396 4 4
8400 9
8401 1
8402 2
211 2
212 9
8405 1
217 6
8410 1 3 3
8412 1 1 3
8413 4 9 9 4
8415 6
225 1
8418 6 0 7
228 8 8 8 8
229 3
8422 3 3 3 3 3 3 3 3
8423 1
8424 6
233 0
8426 9 7 6 2 9 4
8427 0
238 1
1405 2
240 6
8232 0
8434 6
243 1
244 8 4
8442 6
1407 2 6
8444 0 6
8445 0
8446 1
255 6
8449 3
8451 9 9
260 2
262 3
8455 0 6 9
8456 1 3
265 3 1
8459 4
9602 4
271 0 0 0
273 9
8466 6 9
275 6
276 2 3
8471 4
8472 2 7 4
281 6 0
282 9 0
8475 0
8476 2
285 6
288 4 7 6
289 6 6
8483 0 4 4
293 9 4
294 6
8488 2
8489 6 6
8490 7 0
299 3
8492 1
302 0
6877 4 6 4
304 9
8497 9
8498 9 6
51 1 1
308 9
8501 4
312 7
8505 7
8508 9
2659 2
320 4
8513 1
322 6
8515 2
326 4 4
327 0
328 6
329 6
8522 1 3 1 6 0
8523 0 0
332 6
8528 9
8529 0 6
8533 0 0 2
344 9 7 0 2
8539 9
8540 0
8546 0
8547 3 1 3 3 8 2 6
10923 9
8551 1 1 1 1 2
360 9 6
8553 4 9
8554 0 6
363 9
1426 6
12 9 0
368 6
8561 9
370 2
371 9 6
8569 1 1 3 3
379 0
381 0
9621 9
384 2 2
385 6
388 3 1
1430 3 3
8584 7
8585 6
396 2 0 0 1 2
8258 6 0 0 9
8590 4 0 0 4
399 3 9
8593 4 8 8 4
8594 1
8595 0
404 9 9
405 4 4 1 2 7 2
8599 1
408 0 0
410 3
8603 9
412 4
8605 3
414 9 0 9
415 4 4 0
416 3
417 4
418 0
8611 0
8615 6
424 0 9
426 9
427 3
8621 6 0 0
9629 9 7
432 2
8626 7
435 9
8628 9
9630 2
439 6
440 3 1 3
441 6 0
442 1
444 9 9 6 9 9 9 9
8638 0 9 9
8640 7 0 0 6 0
453 0
8646 6
455 1
457 6 9
459 2 6 0 0 0
8652 0
461 6 0
8654 0
8655 3 1 2
464 2 0 9
467 2 6
8660 1 2
8661 0
470 3 8
8664 9
8665 6
474 3
8668 0
2810 2
478 9
1445 1
480 3
8673 6 0
8674 4 6
483 7 2 2 6
8676 0
8677 9 9
8679 0
488 0 0
489 0
491 9 0
492 9
82 0 0 6
8686 7
8688 1
8689 6 6 6 6
8690 0 6 6 0
8691 9
8692 1 1
11006 3
8694 6 0
8695 2
8696 1 2
8698 2 7 0 7
8699 0 0 0 0
8700 0
8701 1
510 0 2 0
511 6
512 9
513 0 7
515 2
8708 0 6 7
8709 0
520 3
8713 6 6 0
522 0 7 7 0
8715 2 0
8716 3 3
8718 3
8719 4
529 0
8722 9
9565 2 6 6
539 2 3 4
540 0 9 0
90 0
8734 3
543 9
8736 0
545 9 9
8738 9
8787 1
8740 9
11014 3
8742 6 6 6 9 6 8 8 0
8744 1
8745 0 0 7
554 9 9 4
556 8
558 0 0
560 7 0 0
8753 2 0 6 9
8754 0 6 6
565 9
567 8 9 4 4 6 4 8 8
568 6
8761 0
570 8 8 8
571 6 6 6
572 6 6 0 0
8765 4 0
575 7
8768 3
8769 4
11019 9 0 9 6 9 6
8772 0
8774 2
584 4
8777 0
8780 0
8781 0
8782 7 8 4 2
591 9 9 9
8784 9
593 0 6
8291 9 0
8789 0
599 2 2 4
8793 0 0
602 6 9
603 6
8798 9
10113 4
610 9
611 8
8804 9 9 9
618 0
620 9
622 9
8815 9
624 6 4 2 1
625 4
8733 0
8822 6 0 6
631 0
8824 6 6
8826 6 4
635 0 4 9
636 2 7 2
639 3 1
640 9
8833 0 7
642 1 1
107 0
644 4 4
8837 6 2 6
8838 2 4 2 1 4 8 4 8 8 8
1473 7
648 7
651 3 3
8844 1
653 9 0
8847 0 7
656 7 8 8
8849 0
660 7
662 2
663 1 1 2
664 0 6
8857 6 6 0
8858 0
8859 9
8860 6
8861 0
8866 4
8867 1 3
8870 9 3
8871 0
8872 0
8873 4
683 0 0 0
8876 3 3
685 2 4 1 4
686 4
8879 6
8881 9
8882 2
691 2
692 6
693 4
694 8
8752 2
8889 0 0
8891 0
701 0 0
702 1
8309 0 9
8896 1 1 1
705 3 3
8899 2
708 4 9 6
709 6 0
8903 9
712 2
8907 7
8908 9
717 3
719 9 6
8913 4
8914 3 1
723 0 0 7
725 2 1 3
727 6
728 8 4 6
729 0
8923 2
8924 8 8 4
8925 0 9
734 0
735 9 9
8928 4 0 7
8929 0 0 6 4 0
8930 2 2 4
8932 6 0
8933 7
742 6
8936 9
8937 2 3
746 4
8939 2 0
8942 9 9
8944 6
8945 9 9
8946 7 0 0
8947 0
25 4
8949 3
758 6 6 0
759 0
760 6 4 0
762 6
8955 1 2 1
8956 2
8958 2
767 2 1 1 4
8960 6
8963 1 3 3 3
8967 0
8968 0 1
778 3 3 3 3
779 0 9
8972 4 4
8974 1 3
783 9
784 4 2 2
131 7
8980 0 0
791 2
8985 1
8988 6 0
133 4 2 9 6
800 0 9 2
8994 9 7
803 2
8996 6
8997 0
9002 0 0 0
811 6
812 1 1
814 2
8328 6
818 6 0
2867 1
821 9 0 0 4
9014 9
300 3
9016 0 6
9019 9 0
829 9
830 1
9024 4 6
9026 0
9575 2
11062 6
9030 9 6 0
839 7
9034 0 0
9035 9
9037 3
9039 0 4 4 2 6 0
9043 2
9045 3
855 1 1 3 3 3 3 1
858 0
9051 6 0
9053 3
862 0 1 0 6
9056 2 0 0
9057 2
2875 0
9702 6 9
9064 2 6 0 6 0 9 9 4 0 6
9066 2
9067 1 3
9068 0
878 0
9071 2 4 0
2757 1 3 1 2 3 3
883 3 3 1 2
9076 8 4 0
887 4 2 6 1
9080 3 2
9083 8 8 8 8
893 7
897 9 9
898 2 9
899 0
904 9 0
9097 0 9
1517 6 0
914 0
915 3 2 1
9110 9
1519 4
924 6
9117 1
9119 0
9120 4 4 4 8
1520 6
930 2 4
8244 1 1
9128 1
9129 1
938 0
940 0
941 0 0
943 0
945 6
948 4 2
9141 2
9142 0 0 4
951 2 9
9145 2 0 3
9146 0 0
955 0 0
9148 9
957 2 4
960 9
1261 0 6
962 1
9156 2
9158 0 0
9159 0
968 6
11084 1
971 7
9164 0
976 6
977 0 0
978 1
11086 0
982 4
1529 6
9177 2
987 9
988 6
9181 9 9 9 0
990 2 2 2
9853 4 4 4 7
992 2 3
993 3
994 3 1 3
9723 4
9188 4 4
9191 9 0
1000 4 0 7 8 8 6
9195 2
1004 3 1
9197 2 0 0
1006 9
9201 3 3
1010 1 3 3
1011 9 9 1 9 0
1012 7
9208 1
10945 1
9212 0
1024 0 0 9
9218 9
8363 7
1028 8
9221 6
9222 0
1031 6
1032 3 3 3 2
1033 1 3
9226 7 6
9227 1 1 1
1037 9 6 6
1038 0 9
9232 4
9234 3 1 3 3 3 3 3
1043 9 9
1044 1
9237 6 2
9238 9 2
1047 9 8
9243 7 2
1052 2
9245 9
9246 9 6
9249 0
9253 1
9254 1
9256 0
1065 1
9258 0
9260 9 9
2909 6
1544 4 8 8 0 2
9269 2 2
1078 6 6 2
1079 0
1080 6 6 9 6 9 9 7 9
9273 3 3
1082 6
9275 2 2
1084 0
1085 1
9278 2 2 0
9280 7
2912 4
1090 6
1091 6 4 0
1093 0
9286 3 1
1095 3 3
1096 1 2 3
1097 0
1098 9 4
1099 4
1100 1 2
1101 0
1102 1
9297 9 9 0
1106 9 9 9
9299 3
1109 2
9303 9 6 0 6
1112 7
9305 9 9 9
1116 6
8378 9
9310 6
9311 0
1121 0
9315 6 2 6
1127 6 4 8 2
1128 6 0
9321 0
1130 3 6
1132 7 7
9327 7 0 6
1136 9
1140 0 3 3 0 9
1141 0 6
9334 9 9
9335 0 9
1144 0
1146 4
1147 0
9341 6
9342 9
1151 3
1152 6 0
9346 0
11115 9
9349 9 0
1158 0 9
9351 0
1162 6
1163 8 4 8
1164 1 3 3
9357 9 4 9
1166 2
1170 0 7
1171 0 4
9364 9 9
9365 9
9368 4 7
1178 4 0
1179 4
1181 0
1184 0 0
1186 2
9755 6
9382 6 8 6
1191 7
9384 0
9385 3
9386 3 3 3
9387 0
1196 6
1197 0
9390 9
9392 0
9395 0 9
9397 9 6 6
1208 0 6 0
1210 9 2 6
1211 9
1212 0
1214 9 6 9 9
9409 6 0 6
1219 9 9
1222 6 6 0
1224 2 0
1225 4 1
1226 2
9419 9 0
1228 6 6 0
9421 9
1230 6
9423 0
9861 4 3
2936 1
9426 7
9763 0
9429 3 3
9430 9 0
9432 4
9433 9 6 9 4
9434 6 6 0
1243 2
1244 0
11130 0
9438 2 3 1 2
1248 7 9
9441 7 6 4
9442 6
1251 9
1253 9
9446 7
209 0
1256 3 1 1
2940 6
9450 4
1259 0 4
210 0 1
1262 2
1263 9
1264 4
9457 6
1267 1 3 3
1268 8 8 4 8 4
1269 0
1270 4 9
9463 4
9464 9
1273 4
9467 9
9468 0
1578 2 1
1278 2 0
9471 2
1280 1
1281 9
1283 6 4 8 8
1285 7
1286 7 0 4 2 0 0 2
2945 4
1288 1
1293 4
9773 0
1296 0 0 4
9489 3
9491 9
1300 6
9494 7
1303 0 0
9496 6 4 9
1305 6
1307 0
1308 6 6
1310 7
1312 6
1314 9 9 0
9508 9
1317 6 4 4 4
9511 3 3 3
9513 6
1324 1 3
9517 6 6
9519 0
9520 9 4 0
9524 0
1337 3
9530 9 9
9531 4
1340 9
9533 1 3 3 1
1343 6
1344 2
1700 0
9538 3 3 1
1347 6 2
9540 7
9782 6 2
9542 3 1
1351 2
9544 2
1353 2 4
2573 7
9555 6 9
9556 1 1 4
1365 6
1366 4
9559 9
1369 9
1370 6 4
1372 6 0
1373 9
9569 6 6 4 6 6
9572 2 1 1
9573 4 4
1383 4 0 2
1384 7 7 9
9577 9
1386 0 9 2 6
9579 1
9582 0
9584 4
1393 9
1394 1 2 2 0 0
1395 0 6 9 9 9
9590 1
8425 9
9592 2
1401 9
9595 2
9597 6 0 6
9599 0 4 4 0
1408 4
1409 1
1410 9 0 9
1415 1 1 2
1417 0
1418 9
9611 0 6
1420 0
9613 6 4
9614 9
9615 4
9616 4 4
1425 1
9618 9
1427 9
9620 9
1429 0
9622 0 2 9 9 9 0
9624 9
1433 9
239 0 0
9628 0
1437 7
1438 0
1440 4
9635 4
1444 9
9637 9
1448 1
1449 1
1452 9
9646 4 0
7069 4 0
1919 6
1458 9
9651 0
1460 9 7 9
9653 9 6 9
9654 0 9
9655 0 2 0
9656 2
9657 6 9
9658 6 6 0
1470 0 9
9663 0 9 9 9
9869 8
9665 6 4 9
1474 7 3 1
9667 1 3
1476 9 9 9
1478 0 4 8
9671 7 9
1480 4 6 0
9674 2
1485 0 9 9
1487 0 9 0
9682 1
11171 9
1492 2 0
1493 0
1494 0 2 2
1496 9
1499 6
1500 1
1501 9
1504 6 6 0
9697 1
1506 6
251 4 4
1509 1 3 3 3
1510 1 3 3
1511 4
9704 9
1513 9
9709 2 4 0 9 0
1518 4 0
9711 0
9712 9 4
9713 6 6 6 6
9811 0
1524 9 9 9
1525 4
1526 9 6
1528 4
9812 4 4
1531 7 6
9724 8 8
1533 9
1534 7 6 0
9727 9 2
9728 6
9729 1
9732 9
1541 2 0 6
1542 3
9736 4
1545 3
1546 4 4 4
1547 6
1550 6 0
9743 0
9744 0
9745 2
9746 9
259 0
1557 1
9751 4 4
1560 9
1563 7
9756 6
9758 6
9759 0
9760 2
1569 6
1570 2
1571 2 3 1 1
9764 9
1573 6 6 6
1577 0
9770 7
174 0
1581 3 3
9774 7
1583 9 9
1584 9
9777 6 9
9778 6 0 9
11187 9 9 9
1590 2
9784 4 1 8 2
1593 6
9787 9
9788 6 0
1597 4
9790 6 9
9791 4
1600 2 6 0
1602 0 0
9795 9 9
9797 2
1606 1
9799 6 0
1608 0
9801 6 4
9802 6
1611 2
9805 9 9 0 0 0 9 0 6
9806 9 9
1616 2 4 2
9810 6
1619 6 4
1620 6 9 4 6 9 6 4
1621 4
9814 9
1623 1 3
1624 9 9
1625 7 0 7 7
1626 7
1627 3
1628 9
1629 9 2 6 0 6 0 9 6
1631 9
9824 9
1633 6
1635 1
9828 2
1637 2 2 6
9830 6
9831 0
1640 9 9 9
9833 3 3
9834 2 1 3 3 3
9836 9 6
1645 6
9838 9
9839 2
4692 9
1649 0
1650 1 1
1651 6 9
1654 6 6 0
9847 4 6 9
1657 0 0
1658 0
1661 3 2
9855 9 0
9857 6 4 4 2 2 6 6 6
1692 6
1669 7 6 2
9862 3 1 3
9863 6
9864 0
1673 2
9866 0 0 6
1677 9
1678 8 8 8 8 8 8 8 8
1679 1 3 3 1
1680 2
280 6 6
1683 4 4
1685 9 0 9 9 9 9 9 9 9 9
9878 0 0
9879 9
9881 9 0
9882 4 8
9883 9
9884 4 6
8474 9 9 9
1693 6 6
8631 1
9892 9 9 9 0
9893 2
9894 7
1704 0
1706 9
9899 4
1710 0
1712 1
9905 0
9906 1 3 3 3 3
1715 6
1717 7 6 0
1723 3
1724 0
1725 9 9 6 6 6 6 4 0
1727 9
1728 3 1 3 3 1 1 1 1 3
1729 6
9922 6
1732 6
9846 0
9926 0 6
1737 6
9930 0 4 1 6 9
1741 0 4 9
1743 3
1744 9
1746 4 0 4 6
9939 3 3
1748 0 9
9941 9
1750 1 3 3 3 3 3 2
9945 9
331 4
9947 2
9948 4 4 4 0
1757 9 6
1758 0
1759 9
9952 2 1 1
1761 0
9954 6
9955 6 6 6
9958 0
1767 4
1768 9 9 6 6 6
9962 0
1771 6
1773 0
9966 0
1775 6 2
1776 6
9972 7 4
9973 0
9977 6
1787 4
1788 0
9981 4 0 9
1791 6 9 6
1792 6 6
9986 2
9987 3 1 3 3
9989 7
9990 6 4 4 7
9992 0 9
9993 3 1 4
9995 3
1805 9
1806 2
1809 4
10002 3
10003 2
4398 0 2
1815 6
1816 9
10009 6 6 9
10010 2
8495 0
10014 9
10015 4
8496 6 9 0 0 6
1826 4
10021 7 7
1830 4 6 7 7
10023 1
1832 6
10025 3
1835 6 0
306 4
10030 8
10031 9
8499 6 6
10038 7
8500 7 9
10042 0
10043 8
1856 0 9 0
10049 6 6
10050 1 1 3
1860 4
10053 0
10056 9 9
1865 9
10060 0 9
10061 8 8 7 8
10063 6 4
1874 0
1876 1
1877 0 3 3 3
1878 8
1879 9
1880 4 3 3
10073 1
10075 8 6
10076 0
1887 9 6
10080 3 2 0 4
10081 6
10082 8
4411 2
10085 7
1894 0 4 7 4
10088 9
1897 3 3
1898 1
1901 1
10094 2
1903 3 1 1
1904 9 9 0 0
10099 0
10100 0 0
1909 4
10102 0 9 9 9
10103 6 2
10104 2
1913 1
10106 0
1915 0
10110 6 8 6 8 6
9877 8
1921 6
10115 6 6 4
10116 9
1686 1 2
10118 6 6
10119 3
1929 4 8
10122 9
1687 0
1932 9 2 9
10126 0
1936 2 6
1937 6 9
10131 2
10133 2
10134 4
10135 0
10136 6 0
1945 9 6
1946 0
1947 0
10141 6
10142 6 9
10144 6 0
1954 7
10148 0 0
10150 6 2
10151 6 9
1960 4
1961 0 6 0 4 0 2
10156 8 3 4
10158 4 3 3 3
1702 0 6
1968 9
1970 2
1971 9 6
10166 9
1975 0 0 0 2
10168 0 2
10169 3 3 3
10173 4 4
10174 3 3
1986 6 9 2
10179 1 3 3 3
10180 0 6
10183 0
1993 4 4 6 9
1994 0 2
10188 9
1998 6 0
2000 9
10193 0 6 8
10195 8
10198 6 4
2007 8
10200 6
10201 1 0
2012 3 0
2013 6 0 4 0
10206 0
10207 3 1 3
2016 6
336 2
2018 1
10160 9
10212 8 8 8
2021 6 1 4
337 9 0 9
2024 2 3
10217 0
2027 9
10220 2 4 0
2029 2 3 2
2030 4 9
2031 9
10224 7 0 2 0 6 0 9 9 0 0
2033 1 3
10227 7 9 6 6
10228 4
2038 1
10231 0 4 7
10233 6
10234 0 6 7 2 3
2043 1
2044 6
9898 6
2046 7
2047 2
2048 2
2049 3 3
2055 4
2057 2
10250 3 1
10251 3
10252 6
10253 4 8 4 8 8 8 8
10254 3
2063 7 6 4
10257 9 9
2066 0 6 0
2069 7
2070 7 7 2
2071 0
10265 9 4 0
10266 9
10268 9
2078 6 0
2081 0
10274 0 6
2085 3 3
10278 1
10279 4 4
2089 6 0
2090 1 0
10283 1 1 3 3
10284 3
10286 9
10288 8 8 7
9907 2
2100 0
2101 9 9
10294 3 3
2103 9
10296 6 0 9
2105 1
10298 0
2109 3 3
2111 0 4 6
2113 2
2116 9
10310 6 6
2119 3 2
10312 6 0 0 7
2121 2 9
2122 0 0
10316 0 9
10318 6
2127 0 7 6
2129 7 7
355 1
10324 2 1
2133 3 3
10326 6 1
2135 6 6 4 4 6
2136 9
10329 7
2138 9
2141 9
2142 6
2143 0
10341 6
2150 1
10343 9
10346 6 6 6 9
10347 1
2156 6 6 6 9
2158 4
2160 2
2161 4
2162 4
10356 3
10359 6 4
2168 0
10361 1 0 0
10362 6
2172 1 1 1 3 3 3 3
10365 6 0
10366 3 1
10367 3 1 1
2178 0
10371 3
2180 6 6
2182 1 6 7 1 6 8 8 4
2183 0 7
10377 0
10379 3
2188 4 4
2189 0 0 9
10382 1
2191 7
10385 2 2
10387 9
2196 6 4 6 6 4 0 7
10389 6
2198 6 9 9
10391 3
2200 3
9459 6
2203 3 3
10396 1 3
2205 0 9 6
2206 4 2 8
2207 0
2210 6 0
2213 4 6
2214 6
2215 9 4 8 2 9
2219 9
2220 4
2221 0
2222 0
10415 1 1 1 1 1
10419 2
2229 0 0
10422 9
2231 9
10424 1
10425 9
10426 6 0
10427 9
1738 2
2240 3 3
2241 6
2242 9
10435 0
2245 4 1 3 1 3 2 2
2247 3
10441 7
10442 7
2251 3
2252 6
2253 3
10446 9
9933 1
10448 0
2259 0
10452 4
10453 7
2262 1 1 1 3 1
2263 6
10458 6
10459 6 6 9
2268 6
10462 7
10464 1 4
2273 0
10470 1
2905 7
2281 0 9 4
9235 3
2283 0 4 4 9
2284 9
9938 3 1 3
10479 6
2288 9
10481 2
2290 9 6 9 3 3 3
10483 9
2293 6 6 0 6 8
2294 2 2
2296 9
2297 1 1 1 3
10490 3 3 3 3 1 3
2299 6
2300 3 2
2301 1 3 1
2303 0 0
10496 0 4 2 2
8576 2
10499 6
2309 0 0 0
10502 9 6 6
10503 0
2313 9
10508 6
2319 0 9
2320 0
2321 6 8 8 6
2322 9
10515 4
10518 0 4 4
2328 9
2329 6 6
10523 6 0
2333 9
2334 6 0
9625 9 7
10530 0
10531 1 1
10532 3 1
2342 0 9
2343 9
2344 1
2345 2 2
10541 1
10543 2 0
10544 6
2353 2 0
2354 6 0
10547 4 0
10548 4 7 7
2357 3
2358 6
10552 2
10554 0 0 6
10555 2
2364 0 0 0
2365 9
10558 9 0 2
10559 3
2368 2 4 2
2369 0 9 9 0 6 9
10563 4 9 9
10564 4 4
10566 4 4 4
2377 1 1 1
2379 4
2380 9
1443 6
10575 2 7 0 7
10576 4 4 8
2385 4
10578 0 0 6 6 6 0
2387 9 6 6 6
2388 9 9
10581 0 9 9
10582 9 0
10584 4 9 6
2393 6
2394 6
10587 6 4
2396 3 3
10589 3 3
10591 6 0
10592 9 9 6 9 9 9
2401 4
2402 9 1 4
2404 4
2405 1
2406 9 0
401 6
2408 3
2410 9
9959 6
10604 0
10606 4 0
2415 0
10608 4 7
10609 2 6 6 6 0
10610 9 4
403 2
2421 7 6 0
10616 2
10617 2
10618 4
10620 9 6 9 6 2
2429 0
10622 0
8597 6
10624 1
10627 3 2
2436 9
2438 7
2439 9 0 0
2440 1 3 3 1 3
10633 4 0
10636 6
2447 6
2449 7 7
2450 3 4 4 2 4 8
10647 0 6
2457 4
10653 9
1173 2
2465 0 9 9
10658 0
411 7 4
2468 4
2469 1
10662 6 4
2471 0
2472 0
8604 9
2474 3
10667 9
2476 9
10670 9
10671 6
10672 6
2481 2
2484 2 4
10678 9 9 9 0 0
10679 6 4
2488 6 0
10682 6
10683 6 2 0 8
10685 9
10686 3 3 3 7 3 1
10687 0
10689 0
10690 6
10692 7 9 6
10693 6
2502 0 9
2503 2
10698 3 3 3 3
2507 2 4 9
2509 9 6 9 9
2510 1
10704 8 8 4 8 6
2513 4 9 9
10706 2 6 4
10707 8 8 8 8 6
2518 0 0 0 9
2519 9
2521 6 9 0 9 6
2525 3 1
2526 6 9 9
10719 7 0 0 0 0
10720 6
10722 2
2535 2 7 0
2536 4 0 0
10729 0 4
2538 6 9 6 9 9
423 6
2540 4
2541 3
2542 9
2543 9
2545 2
2546 2 1 1 1
10740 3
2549 9
2550 4
2553 1 1 3
10746 4 4 4
10747 4 9 2
10748 9 0 6
8618 8 9 6
2558 6 1 3 3
10754 6
2564 2
10759 0
10760 9
2569 9
10763 6
10764 0
10765 3 3 3
1795 6
10772 0
10774 3
10776 9 0 4
2585 0
2587 6
2588 4
2590 9
2592 9
2593 0
10786 9
2595 4 0 9
10788 6
2598 7 0 8
2603 3
2606 0 6 0 6 9
10799 0
2609 0
2610 2
2611 9 6 0 6
2613 4
10806 6 6
2615 3
2616 1
436 2
10812 9 9 6
2621 1
8629 9
2625 9
10818 9 9 0
10820 3 1
10821 9
2631 0 4 4
10825 0
10826 4
10827 6 7 0
10830 1
9997 4
2641 0
2642 1 7
10836 7
9998 4
2646 6 0
8633 1 2
10843 3
10845 9
2654 6 6
10847 0
10851 0
10853 0 0
10854 1
10855 2 4
10856 6
2666 3
2668 9 0
10861 6 0
10862 4 0 9 9 9
2671 9 9 6
10864 7 4
2675 9 9
2676 0 6 6 6
446 2 4 4 8
10871 4
10872 3 3 3 3 3 3 3 3
2681 3 3 3 3 3 1 4
2682 0
2683 2
2684 2 0
362 0
10878 9
448 4
2690 4 7 8 4 4
2692 6 0
10885 6 6
2694 0 9 6
2695 2
10889 0
10007 2
10892 2
2701 4 0
10895 4 2 2
10896 2
10008 3 8 1 8
10899 9
10901 9 7
2710 4
10903 3
10904 3 1
10905 9
10906 8
10907 0
1818 3 3 1
2718 1 2
10912 1
2721 6 9 0 9 7 6
2723 0 6 0 9
10916 0 7 6 6
454 9 2
2726 0 4
10920 2 0 0
10922 6 6 0
2731 3
10924 0
2734 9
10929 0 9 9
2741 6 6
10934 4
2743 3 3 9
10938 9
1823 9
2748 1
10941 0
2750 4 6 0
2751 9
2753 9 9
2754 4
10949 7
2759 1 4
10952 2
460 7
2762 9
10955 9 0
2764 0
10958 1 1
10959 0
2769 4 0
10962 4
10963 4 6
10964 6 9 9
2773 3 7
10966 9 0 9
2777 2
10971 9
2782 1 1
2783 9
10976 6 9 0
8656 6 6
2786 7 9
2787 9
911 2 0 2
10981 6 4
10984 7
10987 3 3
2797 9 2
2801 3 3
10994 9
8659 9
2804 6 6 9
2805 0 9
2806 6
1833 4
11002 0
11004 2
11005 7
8277 0 0
11007 0
11008 2
9184 6
11012 6
2821 2
2822 9
2823 6 9 4
2825 0 9
2827 0 4 6
2828 1
11021 0 2
11022 6
2831 7
11024 0
11025 0
11028 6
11029 0 9
2838 8
11031 0
2840 9 9
2431 4
2842 0
11036 9 6
11037 1
2846 7
2847 9 6
11040 2 0 9
11043 3
2855 4 4 4
2856 9
11049 4 2
95 9 0
11051 8
2862 0 2 0
2865 9 6 9
11059 6
2870 0 0
11065 6
11067 9 0
2876 6
11070 2
11072 0
11073 2
11074 0 0 9
2883 3 2 3
11076 9 6
2885 2
2892 6
11085 6
2894 9 7 6
2895 0
11088 4
11089 2
2901 0 0
11094 6 6 9
2904 4
11097 4
2907 9 0
11100 0 0 4
1850 3
11104 0 6 0 9
11105 6
2914 7 0
11107 1
11108 9
2921 0
2923 9
2925 7
11118 9
2638 4 6 2
11120 3
2929 7
11123 7 4
2932 9
2933 1
2935 3 3
11128 2
2938 2 6 2
11132 8 8 8
11133 0
2942 1 3
11135 3 3 3 1
2944 2
11137 8
11146 0 4 7 7
11149 6
11150 4
2959 2 0 6
11152 0
2961 2 0
11154 4 0 4
11158 1
11160 1 6
2969 6 9
8555 4
11164 9
2973 6 4 6 6 4
2975 6
2802 2
8828 1
11170 6 0
2979 0 7
2980 1 3 1
2982 6
2983 3 3
2984 9 9 9
11177 2 4
2986 6 6
2988 9
2989 0 1
2990 6
2992 2
2995 2
2997 0 4
11190 0
3000 0 0
500 4
3003 0
3006 6 6 6
3009 0
3012 6 4
3013 3 3
3016 6
3022 9
3024 2 9
3026 1
3027 6
7332 0 0 9 0
9921 2
1871 6 9 9 0
3036 6 4
3040 4 0
3042 9 4
507 0
3044 2
3045 6 6 2
3046 9 4
10066 3 3 3
3057 3
3059 6
3060 0
3062 3 3
3064 4
3067 0
3068 1 2
3069 0
3070 2
10069 4
8704 7 0 0
3074 6 6
3076 0
3079 0 6
3080 9
3082 9
3084 1
3085 7
3087 0
3091 3
3092 6
1881 2
3096 2
3097 4 0 2 2
3098 6
3099 6
3103 0
3104 6
3107 2
3109 7
3112 6
3113 6
3114 4 6 6 4 0 0
3118 4 0
3119 3 3
3120 9 6
8712 9
3122 3 1
3127 3 1
3129 0 6 0
3130 0 6
10079 2
3132 0 9
3133 9
3134 9
3136 2 0 2 9
3139 0
3140 9
1889 9 9
3144 9 0
3147 0 0 0 0 7 0 7 2
3149 0
3150 2
3152 0
3154 8
3157 4
3162 3
3165 9
3166 7
3167 2
3169 6 9 4
3170 7 6
3259 0
3173 2 6
3175 9 9
3178 0 2
1003 0
3183 6 6
3186 0 0 7
3188 0
3189 7 2 0 0
3192 9 0 9
3195 6
3196 3 3 1
3197 2
3199 4
10745 9
3204 9 6
534 9
3208 4
3210 6
2289 1
3214 2
3219 4 4
3221 0 2
3224 4 8 8
3225 2 1
10095 6
3229 9 9
3233 6
3234 9
3236 9
3237 0
3239 9 9 6
3240 3
3241 2
3242 6
3243 0 4 0 0
3245 9
3246 1 3 2
541 0 0
3251 7
3252 9
3254 3 1
8735 6 6
3260 9
3262 1 1
3265 6
3266 9 0
3267 6
3269 0 9
3270 6 6 6
3273 0 9
9929 6
1911 2
3279 2
1912 0
3283 0 9 9
2837 0
3292 1
3293 2
3294 1
3296 9
3298 0
9617 3
3300 9
3301 7
3302 9 0
3304 0 0
3307 0
3308 0
3312 0 0
383 6
3316 2
3317 0
3319 1 1
3322 0 2 4
3323 9
3327 2 4 4 9 3
3328 0
3329 9 9
3331 0
3334 2 2
6017 9
3337 2 0 0
3338 0
3340 0
3341 3 3
3343 4 4
3346 7
3351 7
4655 1
10117 3
11023 6
3361 0 0
3367 7
3368 0 9
562 9
3375 4
1749 6
3380 0
3382 6
3384 0
3385 0
3386 6 9
3391 4
3393 9
1931 9
3396 3
3398 9
3400 9
3401 0
3403 6
3407 1
3409 6
4387 0
3412 1
3413 6 9
3415 1
3416 2 9
3418 0 0
3420 9 9
3421 9 0
3422 9 1
1205 6 4 0
3426 4
8763 0 6
8843 2
3432 6 9
3433 7 2 6 9
3434 9
3436 2
3440 6
3441 2
3449 2
3452 2 9 0
9935 9
3455 6
3466 6 6 9 6
3468 2 9
3470 6 0 9 0 7 9 6
3474 8
3476 2 9
3478 1
9936 2
3486 3 1
3487 0 0 9
3490 0
3498 1 1
3503 3
3505 1
3506 9 9
3315 9 9 9 6
3508 0
3517 3 3 3
10210 9
3522 6 4 7 7
3523 0
3524 0 9
3531 4
589 0 0
3536 0
3537 1
3538 6
3539 1
3542 2 1
3547 9 0 2 6
3548 2 9
3553 6
3559 0
3560 6 7
3561 9 9 0
3563 3 3 3
3564 6
937 9
3570 9 6 7 4 4 6 6
595 4 4
3572 4 9
3573 6
3574 7
3575 9 0
3577 9 9
3580 0 6
3582 0 0
597 6 0 0 0 9 9 6
3587 4 0
321 2
3589 4 4
3591 0
3592 3 1
3593 6
3594 6 4
3597 7
8480 9
3607 8 6 4 4
3609 9 6 9 9 0
8794 6 0 0
3617 6
8795 4
3622 9
3623 9
3626 6
3629 4
3630 6
3631 4 4
3632 1 4 0
3633 2 9
3634 6
3636 1 2
3638 6 0
3639 1 2
3643 7
3646 2 4
3647 0 9 9
3648 1 4 4
3652 0 9 6
3653 1 3 3
3654 0
4705 4 0
3658 0 0
3662 4 4
3663 4
3664 6
3665 9 0
3667 0
3672 7
3673 3
3678 9
3680 1
3683 6 6
3684 6
3686 9
3688 6 9
3690 0 2
3692 6 0
1981 6
3698 0
3700 0 0 0 4
1982 0
3705 9
3709 2
3712 0 9
3713 7
3714 1
3716 9
3717 9
3731 6 6 2
3732 3
3733 4
3735 2 1
3739 0 7
6085 3 3 1
3744 0
3746 1 6
3747 0
3748 0
8817 7
3754 2
3755 3 3
3756 9
3758 9 9
3759 0 0 9 0 9 4
3762 6
3763 3
9400 6 6 9
10186 1
3774 3
3776 4
3778 1
3780 6
3783 9 6
3784 2
3789 0 6
3790 4
3792 4
3793 0 0
7459 6 9 6 6 6 9
10190 0
3804 0
3805 9 6 9 6
3806 7
3807 9
3808 0 6
3809 9 9 9
8827 3
3812 0 6 4 7 0 8 4
3813 1
3815 0
3816 1
8536 0 0
8856 0
3820 9 6
3821 2
3823 1
3826 4 4
3827 2 0
3830 4 4
3833 4 6
3844 6 6
3846 7
641 1
10199 9 6
3852 4 4 8
3854 1 3
3855 9
3856 2
2008 2
3858 9 9
3864 0 0
3870 3
3871 0
3873 9
3875 1 3 3
3882 4 9
3885 1 2
6136 1
1766 6
3894 3 3 1
2015 9
3904 0 0
3907 9
3909 9
2017 9
3913 9 7
3916 6
3917 0
3919 6 9 0
3920 6 6
3923 6
3924 3 9
3930 4 3 6
3931 0
3932 3 3 1 3 1 3
3934 2
10213 1
3938 3
3939 9 6 7
3941 0 9
3945 0 4
3947 0
3949 2
10216 3
3962 9 9
3963 6 0 2 0 4
3965 4
3968 0
3970 0 9
3971 9
3974 6
3976 0
3977 9
8855 0
3981 0 7
3982 0 4 2 4
10221 9
10771 0
3985 0 6 0 4
3989 9
3994 2
3997 9
3998 0
3999 6
4000 0 0
4001 9
4004 9 6
10225 1
4009 2 1 1
4012 6
4016 2
4017 9
4018 9
2035 2
4020 2
4023 1
4024 9
2036 3
4026 9 0 0
4029 6
4032 0
4034 4 8
4036 9 0
4038 1
674 0 9
4046 4
4049 6
4051 9
4053 8 4
4054 0 0
2041 0
4057 9
4063 6
4064 9 0
10235 1 3
4070 6 6 6
4071 0
4073 2
4079 0 9 9 0 0
4080 9
4081 9 9 9
4082 4
4083 0 0
9738 2
4085 8 2
4089 3 3
4090 3
4091 6
4094 1
8875 0 0
4100 4 0 6
4101 0 0 4 0 9
10241 3 3 3
4104 7 7
4107 3
8877 0 6
4115 6
8878 0
4119 2
4125 3 4 4
4128 2
4130 9
4131 9
4134 2
4135 9 2
4137 9 9 9
4140 0
4144 4 4
4149 9 6
4151 0
8884 0
4154 3 3
4155 6
4159 4 8
4160 7
4161 9
2059 6
4164 9
4168 0 0 0 9 9
4169 3 2
4171 7 2
4173 0
4174 0
2061 0
4177 8 4 4 8 8
4179 0
4180 0 1
4181 9
11048 1
4186 6
4190 4 6 0 0 9
4194 9
4196 6 4
4200 1 3
4201 6 4 7
4205 1 2
4208 0
4212 0 9 9
4213 4 6 7 4
4214 1
4215 9
4216 9
4217 9
4222 0
4223 9 9 9
4224 1
4229 2
4232 2 4
4234 6 9 9 0 6
4238 0 9
4241 3
4243 9 0 6 0 7 4 6
4247 9
4251 9 0
4252 4
4256 2
4260 7 0 6
4263 0
4264 6
2076 9
4266 0
2155 6
4274 3 3 1
4279 9
4286 6
4287 7 2 6 9 8
4288 1
4289 9
4291 0 2 0 0
4295 9
4296 6
4298 9 9
4301 7
1507 4
4305 6 2
4306 6
4307 4 6 8
4309 7 2
4315 0
4316 2 2
4317 9 9 9
4319 6 6
4321 0 9 2 9
2326 6
4325 6 8 6 6 6
4327 3 1
4331 0
722 9
4334 0
4335 7
4336 6
4339 8 3 4
4340 8 8 4
4343 0
4346 7 1
4347 2 2
10282 2
4360 0 4
4361 9 9
4363 0 2
4364 9 2 0
4365 7 2
4367 9
4369 4 6
7555 0 0 0
9420 3 3
4377 6
4378 7 4 8
4380 9 9
1154 2
4384 0
4385 6 2 7 6 0 6 0 2 4
4386 6
731 0
4388 1 3
4389 4
4390 3 3
4391 9
10613 6 0
4399 9 9
4402 6
4405 0
8330 2 1
4408 6
8927 9
4413 9 9
4414 1 3 1 1
4417 9
4419 9
4423 0
4430 0 2
2104 9
4435 8 4 8 6
4437 6 9 7
4438 6 7
4440 6 0
4442 6 9
4443 6 9
4445 2
4447 6
4449 4 6 6 2 3 4 1 1 0
4451 6
4453 9
4456 1 2 2 1 1 3
4457 6 6 0
4458 9
4459 8 8 8 3 3 4 2
4465 9 9
4466 7
4469 3 3 1
4471 9 9 9 0
4473 9
4475 3 2
4476 1
8938 0
4478 4
4479 0 0
4482 3
4483 4 0
4484 0 0
10305 1
4667 6
4496 7
4500 6 0
4505 0
4506 1
4507 6
4509 7 0
4514 0
4515 4
4516 9
4520 4 0
4521 1 1 3
4523 0 2
4526 0 4
4531 9
4534 9
4535 9
4537 0
4539 6
4540 9
4542 0 9
4544 2 4
4546 0
4547 6 9
8950 9
4552 0
4554 7 6 8
8239 4 9 6
4561 7
8608 6
4564 0
4565 4
4567 4 9
4568 4 6 9
10319 6 2
4573 9 2
4575 0 0 6
9154 4 0
763 0 9 6
4583 9 0
4584 2
4587 2 9
4588 0
4590 8 4 8 8
4592 2
4594 7
4596 9
4597 3 3 1 3
4600 7 9
4601 2 4 2
4602 6
4603 6 4
4605 9 0
4606 4 4 4
4610 6
4611 2 1 2
4619 0 6
10328 3
4626 0
4627 2 0
4628 6
4631 1
4643 0 9
4644 1
4645 3 3
4648 0
4650 9
9963 3 3
4653 9
10333 4 6
4657 9
4658 3
4660 0
4662 6
4663 2 9
4664 1
4666 4 6 0
10335 9
4668 4
4670 2
4671 0 0
4673 3 4 4
4675 0
2977 1
4686 6
4688 9
10249 0
782 3
4695 7
8975 1
4700 2 1
4703 6
4704 2 0
8976 0
4706 8 4 8 8 8 8 8 8 8
4707 6 4 2
4708 2 1 1 1
4715 2
4716 4 0
4717 2
4722 1
787 6
4724 6
4725 6 6 4
4727 6
4728 1
4729 9 6 9
4730 4 4 4 8
2154 1
4736 0
4737 3 0
4739 4 3 2 1
4740 2
4742 3 3
4743 9
4744 3
4745 2
4746 4
4748 9
86 1 1
4750 0
4753 0
4754 1 3 3 3
431 9
4759 3
4761 4
4762 0 9
4763 0 6 7 9 0 9
4765 9
7621 1 1 1 1 1
4769 2 2
4772 9 0
4774 9
10353 0
4776 9 9
4779 2
4780 3
4781 3 3 3 1
4783 0 0
4787 0
4788 4 2 9 6
4789 2
4795 0
4797 6
4799 9
8992 7
4803 6
4804 6
4806 1
4808 2
4809 9
4815 6
4817 4 0 2
4819 6
4821 9
4822 9 4 4 4 4 9
4824 6
4828 9 6 0
4835 3 4
4836 0 6 6 9 9 9 9
4838 1
4843 0
4844 0 0
4845 7
2173 7 6 0 0
4849 0
4851 6 2
4852 4
707 4
4857 1
2175 9
2254 9
4866 0 6
9003 2
4869 1
10657 1 1 1
9004 6 9
4874 1
4875 6
4879 1
4885 9
4886 0 0
4887 2 1 4 3 1
4888 0 2
4890 1
4894 7
4897 8 8 8
4900 4 6 0 9
4902 2
9009 4
4907 1
4909 2 4
4912 7
4915 2
4919 6 0
4922 9 9
4925 4 0 6
9013 0
4930 4 6
4933 0 0 0
4935 3
4936 0
10380 0 9 4 6 9
4938 9
4939 9
4941 9
7651 2 3 0 4 0 6 7 0 9 4 4
4950 0 4
4951 9 9
4952 0 0
4954 1
4956 6 6 0 4
4964 0 6 6
4968 2
4971 3
4973 6 6
4974 6
9021 6 9
4976 1
4978 4
4979 9 0
4980 2 9
4981 9
4982 4 1
4985 6
4986 9 9
4987 0
4988 9
4989 1 1
4993 9
4996 0
4998 6
5003 6
5004 9 0
834 0
9532 9
5011 2
5012 6
5013 0
5014 9 6 0 2
5018 1
5023 0 6 0 4
5029 1 1
5030 9
5034 4
5035 9 7 9 9
5036 2
5037 4
5043 2 1 1 1
5046 0
5047 4 6
5050 9 9 9
5051 9 9 9
842 9
5056 4 0 4 4
5057 3 1 1 3
5059 3
5061 6 9
5065 7
5067 6 0
5068 0
5070 2
5071 6 6
5073 9
5074 3 3
5077 1 1
5081 6 0
847 9
5086 9
5088 1
5090 3
10406 9
10808 1
5097 3
5099 6
5100 0
5101 2
5104 0
5105 0
851 9
5114 4
5115 1 3 1
5122 9
5124 9
5128 3 3
5132 4 4
5133 2
5136 8 4 6
5138 4
5142 9
5143 6 2 9
5144 3 3
5145 6
2223 2
10537 0 6 0 6 4 2 6 4
5151 0
5154 6
5158 1
5159 9 6 6
5165 0 7
5168 4
5170 6 0
9054 0
5174 4 4
5176 7 4 4
5178 1
5180 7 4 4
5181 6
10421 4 8
864 4
5186 9
5188 1
2230 9
5192 6 2 1 4
5198 4 4 7 4 2
5199 6 6 0
2232 4 2
5202 1 3 3
5203 0 0
5211 0 2
5212 6
6330 6 6 6 4 4
5214 4
5216 3 3 3
5219 1 2 2 1
5224 1 4 7
5225 0 6
5226 7 9
2237 2
5232 0
10661 7
5244 3 3 2
5245 4
5246 1 1 1 3
5253 0 6
5254 9
5260 7
5263 0
5266 8 6
8382 6 4 0
5270 0 4 6 4 9
5272 2
5273 9
5274 1 3 3
879 6 6
5276 1 1
5278 4
5283 3
5288 4
5289 3 3 3
10439 8 2
5293 9
5299 1
5302 2
5303 4 0 0 9
5305 6 9
5308 0
5310 4
5311 0 9 0
2763 7
5314 6 6 0
5315 9
5316 0
5318 6
5320 3
5321 0 4
5325 0 9
9179 9
5329 9 9 9
5330 8 8
5331 1
5333 4 8 4 4 4 0 4 4
5340 3 1
5343 4 6 9
5344 4
5348 0
5349 6
5350 3
5351 9
5353 3 1
5355 1
5357 9
5360 0
5363 9
5364 9 2
5366 3 3 1 3 3
5367 9
3073 8 8
5370 6
5375 0
5381 8 8 8 6 4
5383 4 8 8 8
10455 0 0
5389 9
6637 0
5391 2
5393 9
5394 4 4
5395 0
5397 0
5398 3 1
5399 9 9 6 0
745 0
5401 9
5403 3
5404 1 1
5407 1 1 3
5409 3 3
5411 9
5413 1
5414 6 7
2908 7
5417 3
5420 8 0 0
5429 9 0
905 3
5432 3 3 3 3
5434 6
5436 7
5439 4 0
5442 1
5443 6 6
5446 4 4 6
5448 6
5449 6 6
5450 8 8 4
5451 9
5458 0 9 0 0 0 0 0 0 0
5462 9 6 4 8 6
5464 4 4
5467 6 4
5468 8 8 4
5470 2 0
182 3 3
5473 1
5474 2
2278 0
5481 2 3 1 1
5486 6 7
5488 9
5490 9
5492 6 0 9 0 9 9
5496 0
5497 2 4 0
5500 1 0
5501 6 6 6
5506 0 0 8 8
10475 6
5509 3
5510 2
5515 0
5517 3 1 3 1
5518 0
5522 2 0
5523 1 2 8 8 8 4 8 4
5525 7 7 7 4 4
5526 2 0
5532 0
5533 0
5537 6 2 9
5539 0
5542 4
5543 4
5546 6
5547 6
5551 2 7
5552 9
5554 0
5558 9
5565 2 0 2
5567 2 2 9
5568 4 0
1822 4 6
5571 7
5573 3
5574 3 3 2
5576 7
5577 6 6 0
5582 9 9 2
5583 1
5584 4
5585 8 3 8
5588 3
5591 0 9
5592 2
5594 1
5598 9 6
5599 1 9
10491 9 9 0 4
5604 9
5605 3
5607 2
5608 2 0 0
5610 0 6 0 9
5611 2 0
5613 9 9 9 9
5614 3
5615 1 3
5616 6
5619 0
5623 1 3
5624 6
5627 4
5629 0
5630 0
5632 2
5633 0
5634 4
5637 9
5639 6
5640 9
5641 6
5642 0
5645 4
5647 0
5650 0
188 9 9
4007 0 0
5656 2
5659 0 0 0
1825 0
5669 7
5671 2
5677 4 0
5680 6
5681 3
5684 0
5686 7
9140 6
5691 2 0 9 6 6 6
949 3 3
5701 0
5702 2
5703 2
5714 0
5718 2
5719 7
5720 2 4 1 8
5721 6 0 2
5724 2
5728 6
5730 1
5731 9
8647 0 0
5735 6
5736 9 9 2
5737 4 7 4
8420 4
5741 6
5747 9
5751 9 9
5752 9 6
5753 9 9
5754 9 0
5756 1 6
5757 2
5761 4 4
5765 1 1
5766 4
5773 2 1
5774 4 4 7
5775 2
5778 0 6 6
5779 3 3 1
5781 0 4
10521 4 6
5784 6
5787 0 0
5790 0 0 0
5792 0
5793 2
2331 6 0
5796 3
5797 9
5799 2
5803 9 9 4
5804 4
5807 6 6
5808 7 4 0 0 9
10526 3 3
5814 4
8377 0
5823 0
5826 7 9
9163 6 0
5831 0 0
5834 8 8
5835 2
2338 9
5838 3 3
5840 0
1831 6 2
5842 0 0 9
5843 6 0
5844 6
5845 3
5851 6
5852 9 4 4 4 6 6 2
5853 4 4 4
5854 2
5856 9
10534 0
5862 3
5863 7
5864 9
5868 9 6
9170 9
5873 6
5877 6
5878 0
5879 0 9 0 6 6 4 6
5880 0
5882 9
5884 0
5889 0 0
5890 0 9 9 0
5893 8 8 8
5894 7
5895 0 8 4 7 0
5898 9 6
5903 9
5905 3 3 3 1
5906 0 4
5908 1
5909 1 1 3 3
5911 9 7 0 4
5914 0
5916 6 4
5917 4
5920 9 9 0
5923 4
5927 4
5928 6
5929 0
5932 9 9
5933 1
5934 4 7 4 4
5935 4
5941 8 6 9
7817 0 9 9 9
5944 2
5945 6 4
5947 0 7
5950 0
5952 0
5953 0
5954 4
5959 6 6 9
5960 0 6 0
5962 2
5964 7 7
5965 0 9 9
5966 4 8 8 8 4
5967 0 2 1
5968 1 2
5977 3 1
199 4
5983 1
5984 9
5985 9
5988 0
5989 9 4 7
5991 0
5994 1
999 8 8 8
5996 6
6006 9 0
6009 4 6
6013 1 3 3 2 1
10560 0 6
6018 1
6019 0 6
6022 7
6024 0
9196 7
6026 6 9
6027 1 3
1005 6
6034 9
6042 0
6044 0
6046 2
6047 6 1
6049 0 9
1838 3
6052 9 0 0
6055 3 1
6063 3 3
6065 3 2 0 9 6 7 0 6
6070 7 6
6071 9 6
6074 0
6076 0 6 6
6077 0
6078 1 1
6082 9 0
10571 9 6 9 6
6084 9 6 4
204 6 0
6086 6 0
10572 3 1
6090 0
6091 1 3
6094 3
6095 2 2 2 0 2 6
6096 6
6100 4 0 9 6
6101 9 0
6103 0
6104 0
6105 4
2931 3 3
6109 9
6112 1 1
6113 3 3 1
6114 1
6117 1 3
6121 0
6122 3 0
6128 3
6129 4
6131 9 6
6132 4 4
6134 1
1568 9
601 6
6138 4 0 9 0 0 9
6139 0
6140 6
6142 2
6145 6
6147 3
6148 2 4
2390 9 0 0
6155 0 9 9 6 6 9 6
6156 6
1026 0
6159 8 8 8
1027 6 4 0
6164 2
6166 6 0 4
9220 2
6170 0
6773 0 7 0
6172 6 6
6175 6 1
6179 6 9
6183 9
6184 7
10588 9 0 0
6187 0
2397 1 3
6194 4
6195 2 2 0
6196 0
6197 6 0
6198 4
9225 4
6200 7
1843 3
6202 2 9 1
2399 4
6209 8 1 1 3
6210 4
6211 6
6212 4
6213 0
6217 4
6221 2
9229 3 3 1
6224 7 0 4 9
6228 6
6231 9
6236 9
6237 6 0 7 9
6238 9 0 9
11119 0
6246 6 4 3
6251 8 8 8 4
6253 4 1 0
1572 9 1
6256 1 3
6259 1 3 3
6262 4
9236 1
6268 3 3 3
10602 6
6270 3
6271 0
6274 6 9 0
6276 6 9
2412 0 9
6284 0
6287 2 1
6289 2 6
6290 6
6299 1
6302 9
6304 9
6306 6 0
6307 4
6308 4
6313 6 6
6315 1 1
6317 6
6318 9 9
6319 0
6327 7
6328 6 6
6329 0 0 0 0
3484 3
6331 9
6333 0 6 4
6335 0 0
8280 6 7 0
6339 9 9 9
6342 3 3
6343 9
6345 7
6346 2
6348 9 9 9
6349 6
6352 0
2424 1
6357 2
6370 3
6371 0
6372 0 0
6374 6
6377 0 6
6378 6
6379 1
6381 9 9
6383 6
6384 0
6387 6 6
6389 0 6 8
6391 6 6
6393 6
6394 0
6395 0
6398 4 6
6400 0
6401 2
6402 0
6404 9 9
6406 6
6407 4
6411 6
8521 9
6414 9
6415 7
6418 6 6 0 8 8
2435 2 0 7
6421 7 0 0 6 6 6 0 2 0 6 6
6424 0 4
6427 4 6
6428 2 0
6431 0 7
6433 9 0
6434 9 9 9
6446 2
6451 9 0
9640 0 0
6453 2
10035 0
6461 6 6
6463 6
6465 3 2
9270 9
6473 0 0
6474 3 2 4 1
6475 4
6478 6
6480 9 6 9
6481 9
3811 0 6 9 6 4
6484 6 9 9
8672 6 9 9
6488 7 2 0 6 6
6491 0
6493 3 1
6497 9 0
6498 3 2 2
1083 6
6501 3
6502 0
6503 0
6506 1 3
6510 3 3 3 1 3 3
6512 3 1 3
6514 1 3
6515 2
6517 9
6518 6
3817 9 1
6520 9
6526 9
6528 9
6529 1
6530 9 7
6531 3
6532 1
6533 0
6535 6
6537 6
6539 4
6540 9 9
6542 9
6545 4 0
9283 1 1
6548 0 4 6 9 2
6550 6 0 9
6551 9 9
6558 3 8 2 4
6561 7
6562 9
6567 1 3
6570 6
9287 0
6573 0
6576 0
6577 9
6580 3 3 3
6583 2
6585 2 9
9290 6
6590 4
6592 1
6594 0
9291 6
6596 1 1 3
6597 6
6598 2 1
6599 9
6601 0 0
6602 2
9562 1
6607 3
6609 1
6610 6 6
6611 6 9
6617 9
6619 9 4 9
6620 2
6621 9
6623 6 0 6
6624 7
6628 0 9 9
6629 4
6630 4 8 8 8
1105 9
6634 6 1 1
9298 4
6639 4 8 4 4
10664 6
1107 9 6 0
6645 0 0
6653 4
6657 4 0
6661 3 1 3 3 1 1
6663 6 9 9 0 6
1111 8
6668 2
9304 2
6675 0
6676 0 2
2478 3 3
6679 2 1 2 3 2
6685 2
6690 2
6692 3
11134 2 7
6694 2 0
9308 8 8 4
6698 0
2498 3
223 0
6712 2 1 9
6713 6 9 6
6714 0
6716 3
6718 9 4
6719 4
6721 2
6722 0 0
6725 4 6
6730 3
6733 6 6 0
6734 4 4 8 8 8 4 6
6735 0
6737 9
6738 0
6741 2
6742 1
6745 7 4 7
6746 3 3 3 1 1 1 1 1 3 3
6749 9
6755 4 0
8954 3
6762 0
9319 9 9
6767 1
6772 0
2494 9
6774 0
6776 6 0 9
9322 4 0
6782 6 0
6785 0
6788 2
6790 6 4
6791 0 0 4 7
6792 2
6797 6 4
6798 3 1
499 4 4
6800 5 3
6803 3
6804 6
6806 6 4
6808 0
473 6
6811 1 3 3
2501 2 3
6816 6 9
6818 4
6819 2
6820 0 9 7 9 0
6821 9
6826 1 3
10695 9
6830 0
6831 6
6834 0 6 6 7
6840 0
6841 0
6842 9
6844 7 0 0
6847 0
6848 7
6852 9
6855 6
6856 0 2
6604 7
1143 6
6860 0
10594 9 7 7
6863 7
6867 0
6869 3
6871 6
6873 0
6875 3
6876 3
9338 6 9 0 9 9
6884 9 1 6 9
6885 4 6
6886 3
6889 9
6891 1 1
6894 9 7
6896 9
6898 9
6900 9
6901 9
6903 4
6906 9
9343 6 9
6912 0
230 1
6915 3 3 2
10710 0
6919 9
6920 7
6921 0
6922 9 7
6925 4
6931 9
9600 3
6937 1 1 1
6944 3 4 9 9
6949 9
6951 0 9 0 6
6952 6 0 0 0 0
6954 4
6955 1
6957 3 3 3 1 3 3 3
10717 6
6962 8 8 8
6968 8 8 0 9 9 9 9
6969 9
6972 7
9354 4
6979 3
6980 4 7 6 2
6982 0
6983 6 6 9
6986 6 9
1165 0 0 0
6999 0 9
7008 4
7017 0
7018 6 0 9
7021 9
7022 0
7023 6
7031 2
7034 2
7039 0
7040 1
7043 0
7050 9
7055 4
7056 2 6
7060 9
7064 4
7065 1 1
7068 2 0 4 9 6 0
9370 0
7071 2
7072 0
7075 2
7077 7
7078 6 9
7080 2
7081 1 1 3 3
7086 6
7087 0 6
7090 0
7092 4 0 7
7093 0 2
4055 0
7095 6
7096 9 0 6 0 0 9
7097 2
7100 4
7109 0 9
7111 0
7116 8 8 4
7119 2
7121 1
7122 0
7127 9
7131 9
7132 3 2
7133 9 7 0
7136 3
7138 6
2555 9 7 4
1190 2
7147 0
7148 9
7149 1
7150 0 0
7151 9
10795 1
7154 9 8 4 9
7155 9
7158 2
7160 6 6
7166 2 9 9
7167 9 4
7168 3 3 1
1195 3 1
7172 4 1 1 2 4
7175 6
7176 9
9388 7
7179 1
7180 3 3
7181 0
7190 6
7191 8 8 4 8 4 7 0 4 0 4
5695 0
7196 0
7198 6 6
7203 6
7204 0 0
7206 2 1
7208 9 7
7209 6 6 6
7212 0
7216 6
2968 6
1203 6 1 6
7220 4
7222 2 0
7230 9
7231 9 2 6
7232 1 1
7234 0 4
7237 2
7238 1
2572 0 0 2
7242 6
7244 7
7246 0
7247 0 0
7248 4 6 9
7249 9 9 0 0 6 0 9
7250 0
7251 7 0
9516 3
7257 0
7263 0
11153 4
7265 4
9050 6
6673 0 0
7272 6 6
9404 6
7275 2
7279 4
7282 3 3
2579 9 6 0
788 9
7287 0
7288 2 4
10001 1 3
1646 1 3 3
7297 6 9 6
7299 0 9 0
7303 3 3
7304 2
7306 4
7309 6 6 6
7311 9
7314 4
7316 6 9
7320 1 3 7 2
7321 3 3 3
7326 0 1 3
7327 8 4 8 8 0
7328 2 3 6 6
7331 7 0 4
2699 9
7333 1
7334 3
7335 1 1
7338 0
7341 1 1 3 3
7343 4
7344 2 1
7345 6 1
1559 6 2
7348 9
10782 6
7350 3 9 9
7352 9 9
7354 2 2
7355 3 3
7364 7
7368 0 6 4
7369 4
7370 6 6 4
7372 2 3 3
7376 0
7377 6
10884 9
10787 0
7381 1 6
7383 1 1
7384 6
7386 4
7388 2 0 2 1
7389 2 6 6
7392 0 0
9424 4
7399 6 6
7401 9 0 9 6 9 9 9 9 6
7402 1
7405 0
7406 0
7408 1
8430 6
7410 4
9427 7 1 3
7412 6
7417 6 4 4
7419 3
7421 9 6
7427 9 9 9
7428 6
7430 4 2 4 2 6
7431 0 7
7433 2
7435 6
7438 0
7440 6
7441 6
7446 0
7447 3 3
7449 9 9 0 0
2607 0 0 6 9
2703 3 1 3
7458 9
9435 6 9
9436 9 6 9
7467 0
7468 3
7470 0
7471 6 6
7472 3 2 1
7475 0
7476 1
7478 0
7481 0
7483 2
7484 4
7486 6 0
7489 0
7490 9 9 7 6 6 8
7491 0
7492 2
7493 6
7494 0
1249 1
7496 4
7498 9
1461 2
7502 4 0
9488 2
7505 9 0 6
7519 0 9 9
7522 2
7523 6 9 4
7524 3 2
7529 0
7531 0 9
7532 9 6
7536 0
7537 9 9
7541 2 3
7542 4 4
1257 0 0
7554 3 1 3 3 1
9451 2
7557 4 0 4 4
7558 1 3
10817 6
7560 2
7561 7
7562 0
7563 9 9
7567 3
7569 7
7570 6
252 6
7575 2
2628 0 0
7586 6 8 4 7 4 6
7590 9 9 9 9 9
7591 6 6 7 0
7595 6 0 6
7596 6 4
7598 4 6
7603 4 0
7605 9
7608 9
9460 0
9619 3 3
1890 7
7616 2
2635 6
2195 9 9
6255 2
7629 4 2
7631 9
7633 8 0
7636 0
7637 1 3
7639 4
8616 6
7641 2
7642 7 0 0
7645 0
7648 2 6
7649 1 8 8 8 4 8 8 8
1275 8 8
7652 4 4
843 3 3 1
7656 0
1276 9
7658 2
7659 6
7661 6 6
7662 6 0
7669 2 4 4 4 7
7671 2 1 1 0
7672 0
2644 4
7676 2
7678 4
7679 9
7682 0 0 9
7684 9 0
10838 9 4
7687 6 9
7688 1 6 9
7689 1
7691 0
7692 0
7694 9
7700 0
7703 9
7704 3
7709 4
7710 9 9
9477 2
7716 2
7718 3 3 3
7719 9 9
7723 2
7729 2
7730 0
7732 2
7735 9
7737 0
2655 3 3
7741 3 3 3 3 3
7743 0
7746 4 4 8 8 4
7749 6
1088 2 6
7758 0 4
7759 0
7760 3
7763 6 7 6
7768 9
7772 9
7777 0
7778 9
7780 3 1 1 1 1
7781 4
7782 1 3 1 2
7783 0
7785 9 9 0 0 9
7787 0
7788 4
7789 6 9
7790 7 6
7795 4
7796 9 0
7799 0
7800 0 0 0 6 9 9 6
7803 8 8
7805 0
7808 4
7811 6 0
1302 7
10860 1 1
7820 0
7821 6
7823 0 9
7827 6
7830 9
7833 3
7834 0
7835 3 3
7836 6
7837 9 6
7839 4 4
7840 0
7841 1
7842 4
7844 9 9
7846 1
7849 2
7855 1
7858 6 0 0 6
7860 6
7862 2 6
7865 6
7866 6 6
7869 6
7627 9 9
7871 2
7873 0
7876 8 4 3 4 1 8
7880 6
7881 6
7886 3
7887 0
7888 4 2 4 6 0
7891 0 6 0 6
7892 6 0
7893 1 1
7894 6 9
7895 4 0
7896 0
7899 7
9509 8 0 4 4
7904 9
7908 0
7911 6
7918 9
2685 2 7
7921 6 4
7923 4
7924 0 4
7927 9
7929 2
7934 0
7936 4
7938 0 0
7940 9
7942 1 1
7944 6 9
7945 9
7946 8 3
7947 1 1
7952 4 4 0
7953 0
7955 0 9 0
8721 6 1
7957 9 9 6
7958 3
8153 0 6
7961 6 0
7962 0
7965 2 9
7966 0
7967 9
7968 0 0
1328 0
7972 4
7976 2 0 4 0 0
7980 9
7985 3 3
1035 7
7987 0
7990 0 0
7992 3
7994 9
7996 1 1
7997 3
8002 1
8003 4 9
8005 9 0
8006 0 9
8012 2 6 9 2
8014 6
10893 6
817 4
8021 9
8026 0 0
6799 9 9 0
8030 2
8031 9 0 0 0
8033 0
8037 6
8038 1 2 1
2705 4
8040 9 9
8041 7
8044 4
8046 0
1341 0
8050 0
8052 9 9
8053 3 1
8054 9
8346 4
8057 6 9 9 9 9 9 9
8063 1
8064 7 6 4
9536 0 0
8067 3
10902 0 1 1
8072 0
9219 9
8076 6
8080 9
9539 0
8084 9 0
2713 9
8092 4
8094 6 9 0 6
2715 0
8104 9
8105 0
8106 3 3
8107 4
8114 8
8118 9
1636 4
8120 7 4
6815 9
8124 0
2720 7 0
8130 7
8134 3
8136 0
10660 4
8145 2 9
10915 4
8148 7
8150 2
2400 0 2 2
2724 2 3
8154 0 6
8155 1
8157 7 2
8166 0 0
8167 4
8168 0
8171 6
8173 9 6 9
8174 2
2728 1
8179 0 0
8181 6 9 6
8183 9
8184 9 0
1364 1 3
8186 9 9
