8195 2 0
8 7 7 7 7
8201 2
8203 0 9
8204 1 3
3 0 0
8215 2
26 2 0
8226 0 2
8228 9 0
8231 0
41 3
8239 4 9 2 0
8240 9
8243 9 9
53 0
55 0
58 3
8251 2
60 9
8253 9
63 2
64 9
1376 1
66 4 4
69 4
71 9
8264 9 9
12 7
74 0
76 6
77 0
8271 7 9
8272 0 0
8273 9 6 7 0 9 9
86 1
90 9
8286 2 4 7
8287 2
8288 0
101 0 0
8298 2
8299 9
8301 3 1
110 0
111 9
8306 0 0
8308 9
117 2 8 8
118 9 6 7
122 9
8316 7 9 7 0 2
8317 0
128 9 0
129 1 3
133 4
8326 9 7
8329 2
139 9 9 9
141 9
143 7
8336 7
145 8 4 4 4
8338 9
8339 2
149 0
8344 2
8345 7
8346 0
8348 9 7
8218 7
8356 1
8358 4 9 7
8359 3
8361 3 3 3 3
8364 9 0
176 9 7 9 9
8370 3 2
8371 9 6 4 9 0
8372 9 9 9 9 9 9 9 9 6 9 6
2761 0 4 6 6
8378 9 9
187 2
8380 0 7
8383 0
194 3
8388 3
200 9
8393 0 2 0
8395 9
8399 0 0 0 0
208 1 9 9
8401 1 1
8405 1
8406 3
215 3
8408 0
8410 3 3
8413 0 7 7 7
8414 4
8415 6
226 4
229 3
237 4 8 6 4
243 3 3
244 0 6
248 6 9
249 9
251 9 9
8444 9
8445 9
8446 1
10965 0
8450 9 9
260 3 1
2774 9 6
8455 9 9 9 4
264 2 9
267 4
1410 3
8462 1 3 3
275 6
278 6 9
8471 4
280 9 0 9
283 3
284 2
285 9
8485 7 0 6 9 0 0
8486 9 2
296 9
8489 6
300 2 3
8496 2 0
1416 3 3
310 0
8503 7 0 2 2 0
8505 4
315 6 2
316 1
318 9 0
8513 2
8514 1
8515 1
8517 3
327 0
329 6
8247 1 3
332 6
8527 4 0
336 3 1 2
8529 6 6 6
2739 3
8534 7
343 0
8536 0 0
8537 9
8538 9
347 7 0
8550 3 1
8553 0
370 1
374 4
8567 1
8569 2 1 3 2 7
8255 9 0
8573 9 0
382 9 0
385 9
8578 9
8580 8 9
390 9 6 6
8587 9
8594 3
404 2 9
8597 9 9 9
8600 2 2
411 9
412 7
418 0
8614 9 7
423 6 0
424 6
8617 1
8618 0 9
427 3
429 9
8623 3
10995 3 3
436 3 3
8633 1
442 2
9631 0
8636 2
445 7 4
8640 0
450 0
452 0
8645 0
8651 3 3
460 0 4 7 9
461 4 6 4
8654 4
464 0
8657 0
8658 7
467 6 2 9
8670 7
480 1
482 0
483 6
486 9 4 8
81 2
488 7
493 1
494 7 0 0
496 1
8689 6
8691 9 0
8693 7 7 2
8695 0 6
8696 1 1 1 3
8697 0
8698 7
507 6 7
508 4
8701 2
8702 2 0 7
8703 2
512 9 2
513 9 9
514 8 0
520 3 1
8713 0
522 0
8716 1 3
8718 3 3 3 1 3 3
9645 9
529 6
8722 9
534 9
8727 9
539 6
540 9
8733 0
8735 0 0
547 2
548 9
550 3
554 6 9 6
8747 1
556 0
1458 9
560 7
561 1
8754 7
8756 0 9
565 6 9
568 9 0
569 3 2
8762 2
95 0
8764 1 1
8765 1 1
8767 1
577 9 0
8771 0
8773 3
582 3 1 1 3
584 4
8781 9
8782 7
592 0 4
8786 2
8788 4
8792 0
602 0
605 9 4 0 0
607 0
11024 7 9
293 9
616 6
620 7
2834 7
8815 0
632 7 0
8835 0 2
8836 3
11031 3 2
8844 3 3 3
653 9
8848 0
657 9 0
8302 0
663 1
8857 4 4 0
666 9
8861 0
670 0 9
8865 3 3 3
674 9
8867 1
8868 9 2
8872 6 4
681 7
684 0
8879 0
692 0 4 0 4 8 8 7 9 4 9 4
8885 0
8889 9 7
8891 2
701 2 0
703 0
710 2
714 7
716 9 6
717 3
719 9 9 7
720 9 9 6
8913 0
8915 0 7
8922 7
731 4
732 3 3
734 2
8928 7
737 2
8934 1 2
8936 0 6
8938 9
747 4 4 4
8940 2
8941 7 3 9
8943 2
8946 9 0 6 0 2
8947 7 2
8960 9 9
769 6 0
773 4
8966 3
778 3
781 9
784 4
8977 1
786 0 9
8980 2
791 0
8984 9
8985 3
8988 0
797 9
798 1
8325 3 3
800 0
8993 3 1
802 1
8995 0
8996 6 7
806 3 3
8999 3
9004 9
813 7 7 7 7
9008 0 6 4
9010 3
9012 7
9013 9 0
824 6
9017 1 1
9018 9
9021 0 0
9024 9 7 7 0 9 0 7 9
11062 0
838 0 9 6
9032 9
843 2
9036 6
9037 3 1
8333 9
9046 0 9
9048 0
9050 0 7 0
859 9
860 4
862 4 7 4 4 7 4
9057 3
867 0
9060 9
870 9 0
873 9 9 7 7 7 7 0
9069 7
878 9 9
9075 6
9076 4
9077 9 9 9
9080 1 3
889 9 9 0
891 3
9086 2
9087 0
9089 4 0 4
898 9
9097 7
906 9
9104 9
914 0 4
915 7
916 2 3
9110 3
927 2
9122 7 7 7 0
9127 0
937 6
9132 7
941 9 0
944 0
9138 4
9140 8
9142 2
9145 0
9146 0
9147 6 6
9149 9
9152 9
9155 0 0 0
965 1
9158 0
9162 3
971 9
9164 0
9165 0
9167 0
9168 9 6
9178 9
987 0 6
988 4 0 4
9181 9 0 7 9 6
9182 9
9184 9 9
9185 0 9
9186 6 7
9190 0
11089 2
9192 6
9195 1
9196 7 9
9197 0 0
1006 9 9
1008 0 6
1010 3
1014 6 9
169 7
1018 3 1
9212 9
1022 3
9216 3 3 3 3 3 3
9217 4 8
9218 0 9
1027 7 6
1028 2 7 3
1031 6
9224 2
1033 1 3 1 2
9226 0 6
1037 9
1038 6 4
1040 9 4
9235 3 2
9236 1
9237 9
1046 2
1049 4 4 4
9242 6
1055 2
9248 6
1057 9 4 7
1059 0
1061 0 4
1062 9 1 0
1063 3 1 1
9259 0
9260 0 7 9 9
1070 9
1072 9
9266 9 0 9
854 0 2
1079 9
9272 3 1 1
1081 7
1082 9
1083 0
1085 2 7 2 2
9278 1 3
9280 9
1089 2
9284 4
1093 0
9287 9
1097 7
1098 9 0
1099 6
1101 6 6 4
9303 0
1113 3
1122 3
9315 4 0 0
1124 7
1125 4
1126 9 7 9
1127 4 7
1128 9
1129 9
9322 6 0 0
1131 4
1136 0
9330 0
1142 9 2
1143 7 2
9338 9 9
191 0
11114 0 4
1151 1 3
9344 7 0 0 0
1156 6 6
9349 9
1158 2
9352 1
1161 6 6 0
9354 1
1163 9
1164 3 3
1166 1
9360 2
9365 9
9367 0 7 9 0
1176 7
1177 2
9371 9 4
9373 1
9379 7 6 6 6 2 0 6
1191 2 9 2
1192 0 3
1193 0
9387 1
9389 0 7 0
9390 7
1201 2
9398 9
1212 9 2 9 9
9406 0
1217 7 7 7
1219 0 0
9412 9 9 9 7 2 0
1222 0
1223 2 3
1224 9
9418 0 9
9419 6 9
9420 2 1 3
9421 9 9 9
9422 3 3 3
9423 0 9 9
2936 2
9426 4
9428 9
9429 1 3
9433 0 0
9435 9 0 6
9436 0 0 6 0
9438 1
9440 9 4 8 0 4
9441 9
9443 7
9445 3 3
9446 0 9 9
9447 2
9449 2 6 0
1258 2
9767 3 1
1260 9 0
1261 0
1263 6 0 9
9459 2 4
1269 2 6 0
9463 0
9464 0
9465 9
9466 0
1275 6 6 4 7
1276 9
1278 0 2
213 0
1280 2 3
9474 7 0
1284 2 7 9
1286 2 2 2 1 2 1
1287 1 1 1 1
1288 9 0 9
1290 1
9484 0
1294 0
1301 4
9494 7 9
1303 4
1304 6
9497 9 0
9499 1 1
9502 1
1312 1
9506 6 9 6 9 0
1316 0
1317 7 2 0
1319 1
1320 9 9
1321 0 0
9518 1
9519 0 0
1328 7
9521 3
1332 3 3
1333 2 0 2
9531 0 7 6 4
9532 9
1341 1
9534 9
9535 9 6 7
9536 8 4 4
1346 0
11148 0 0
9548 9
1357 7 0
9784 8
1363 1 3
9556 3 4
9558 9
9560 7 9
9563 9
9564 9 9
9565 9
9568 1
9569 0 0 0
1380 1 1
9574 0
1383 0
9578 9
9585 2 0 1
1396 7 6
1397 1 2
1399 3
2964 0
9594 7
1405 0 1 4
9599 7 6 0 4 4 7 7 7
1409 1
9602 6
1412 0
9606 1 2
9608 6
9611 9
1421 7 6
9614 6
9618 2
9619 3
9622 3 1 1 9 0 7 3
9625 6
1434 9
1436 1
1437 0 7
1439 1
1442 4 7
1444 4 4
1445 3 3 3
1446 1
1447 4
1448 3 3
9641 9 7 0 6 9
1452 6 9 6
1453 3 3
1454 0
9649 6
9650 1
9651 0 2
1460 9
1465 8 8 4
9658 9
1467 9
9660 9
1610 0 0
9665 9 4
1476 0 0 0
1477 0
9674 7 7
9675 2 3
1484 2
1492 6
1494 0
1496 1 7
1615 9 9
1500 3
1501 9 9
9694 1 1 1
9696 2
1511 0
1517 6 0
9713 9 9
1525 6
1526 9
1527 9
1529 2
9725 9 2
1536 0 9 0
9734 0 6
1543 0
1549 2
1550 9 9
9745 9
7087 0
9757 0 9
8521 7
1568 9 9
9761 6 4 0
9763 6 9
1572 6
9766 3 3 3
1575 4
1578 1
9774 7
1629 9 9
2995 0 0
9783 1 3
1592 7
9787 9
9789 3 3
9792 7
9795 3 9 9
1633 7 0
9801 4 9 9
9802 9
9804 2
1613 1
9806 9
269 2
9808 0
7096 4 4
1618 3
9813 9 6 0 6 9 9
9814 0 9
9816 0
1626 0
9819 1
9821 9 2
1631 9
9825 9
9826 3
1635 3
9831 0 0 0
1640 4
1641 9
1642 4 2
1647 2 6
9832 3
8467 0 7
1652 1 2
9846 0
1655 9
9851 7
9853 0
9855 0 9
9856 1
1666 1 2
9861 2
1674 3 3 3
9868 6
8472 6
1682 3
1685 9 6 9 6 9 9 9 7
9878 9
9881 0
1692 0
1694 0 6 6
9891 1
9892 0 9 9
9893 6
9894 2 0
1649 4 9
1704 9
1706 9
1707 9
9907 2 1 3
9911 7 7 9 9 7 9 9
9913 0
1725 0
1726 1 1 3
9919 2
9921 6 4
9923 9
9924 7 9 9
1736 1 3
9929 0
9847 8 0 7
9932 3 1
1741 0
1744 7 0 2
9937 9 9
4387 7
1748 9
1422 6
9945 1 9
1757 2 9 6 9
9951 6
9954 2
9958 0
1768 7
1770 3
9965 2
8488 3
9970 9
9971 3 1 3
1781 1
9974 0
1784 0 0 3
1785 3 3 3
9978 2
1663 0
1788 7 7 6 0
9981 6 0
9982 0
9983 0
1792 6
1794 9
1796 1 1
9992 2 7
8492 1
9994 9 9
9995 3
1804 1
9998 6
10000 9 7 9
1813 2
1814 3
1820 0 6
10014 9
10015 6
10016 0
1826 9
305 9
1832 0
1833 6
10026 9 0
1837 1 3
10031 9
1848 4 6
10041 0
10046 9
10049 0 9
1860 4 0
10053 4
1867 2
1868 4 8 8
1870 9
1871 0
10064 6 8
1874 2 7
10071 1 1 3 3 3 3 3
10072 0 0 9
1882 2 2
1883 9
1884 9 9 7
10077 0
1886 9 9
10081 0
10083 0
1892 0 9
10087 2
10088 4
1897 1 1
1898 0
9874 1 1 3
10095 9
1904 9
10097 0 4
10098 0
10099 1 2
8510 9
1911 9
10107 9 7
1916 0 9
1919 2
10113 7
1923 0 7
1924 3 1 0 9
1926 4
321 3 1
10120 9
10122 9
1931 0
10125 2 7 7 6 6
1934 9 9 9
1937 9 7 9
10131 0 2
1941 6 7
10134 2
10136 9 7
1945 9 7 0
1946 9
10142 9 9
10146 9
10147 3 3
10148 7
1957 4
10151 6 0
1961 9 9 9
1962 6
1966 0
10159 3
1968 7
10165 9
1975 4
10169 2
10170 1 3 3
1979 9 0
1980 2
10174 1
10180 7 9
10181 0
1990 1 1
1991 9 0
1992 6
1995 0 9 2
1998 0 0
2000 6
10194 9
2006 2
2007 4 4
2008 3
10201 1
10202 7
335 9 2
2013 7 0 6
10210 9
2019 7 3
10213 1
10216 3
2027 6 0
10221 7 0
2030 4 7
10224 9 3 9
2034 0 0
10232 7
10233 0 9 9
10234 6 6 7
2043 3
341 9
2048 1
2049 1
342 2 1
10247 4 4
2056 0
10250 3
10251 1
2063 2 9 0 9
10256 8 4
2065 2
10259 4
10261 7 2
2073 7 0
2074 9 9
10268 9
2079 9 9
10273 7
2082 4 0
10275 4
2085 3 3 3 3
2089 9
2094 1 1
2095 0
10288 2 0 9
10290 4
10292 4 2 0
2101 7
10296 0
10302 3 3 3
10303 0
2114 0 6
2116 7 0
2118 1 1
10312 9
10313 4 4
2122 7 7 2
2123 0
10316 9
10318 9
10320 1 3 3 3
2130 3 1
10324 1
2133 1
10326 3 0 3 3
10329 2
10330 3
10335 2 0
2144 2
10338 6
2147 2 4 4
2148 0
2149 6 0
10342 9 9
10344 2
10345 6 4
10347 1
2160 6
10354 0
10356 2
2169 9
2172 2
2174 9 4
2175 0
10372 0 9 6
10377 0 9 9
10378 6 6
2187 0 7 0
2189 6
10382 3
2191 4
10384 0
2193 9
10386 6
10387 9 0 9 9
10389 0
2198 9 6 9
1732 2
2203 2 2 1 1
2204 6
2207 5
10400 3
2210 2 6
10404 2
2214 4 4
2222 4
2223 7 9 9 0
9928 0
10418 4
2227 9
2229 9 0
10422 9
10427 9
2241 2
2250 2 3
375 7 6
10445 3
10446 0 9
10453 9 0 6
2264 1
10459 1 9 1 6
10460 3
10462 7 0
10464 9
2273 3
2274 4 4
10467 6
2279 9 9 0 6
10473 2
2287 0 7 0 0 9
2288 7 7
2290 9 9 0
2293 9 3 4
2294 2
2295 1 3 3 3 3 0
2297 1 1
2298 9
10491 0
10493 9 9
2302 1 0
2304 0
2308 0
2310 9 0
10505 0
10508 9 0 6
2317 2
10511 0
2320 6 9
2321 9 9 0
10514 2 0
2323 3
2324 9
10519 3
2328 6
2333 0 9
10529 8 8 0
10530 7 0 2 2
2340 9
2343 6 6
10537 0 0 6 0
2346 0 6
10542 9 2
2351 9
10548 0
10551 1 2 9 2
10552 9 6
10553 1
2364 9
2365 4
10558 7
2368 0 0
2369 0 9 9
10569 0
10571 0 6 9 6 9 9
10577 6
10578 7 6 9
2387 9 6
2388 9
10582 9 9 9
2392 6
2393 4 9
10586 1 1 2 1
10587 9
2397 1
2398 2
10591 0 2 1
10604 0 0 0
10606 2
2421 2
8596 6
10620 7
10621 6 6
2430 1
10624 0
2434 2
2436 9
10629 1
2444 9
10637 0
10638 9 3 3 9
2447 9
10647 0 9
10652 2 1
2461 2
10656 1
2465 0 9 9
8603 2
10660 9 0
10662 6
9969 2 1
10667 9
10678 9
10680 0
10681 1 1 3 1
10685 9 3
2496 9 9 2 0
2498 3
2500 9
10693 3 7
10694 2
10695 0 9
10696 9
2508 6 6 0
2510 1 1 3
10703 0 0
2515 0 9 0 0 4
10709 9 2 6 0 9
2518 0
2523 9 9
10716 2
10717 2
10720 9
10724 9
422 7
10726 9 9
2535 9 7
2536 9
2538 6
10731 0
2542 4 9 9
2543 9
2545 3
2548 2
2549 7
2550 2
10743 1
10744 0 4
2553 3 1
2555 9 9 0 9
2560 7
2563 9
10756 7
2568 3
10761 9 9
2571 1
2572 2
10768 2
10770 3
10771 9 9 0
10776 9
10778 1
2590 6
2592 9
2593 7
10786 7 7
2596 4
2597 2 3 3
10790 9 9
10792 7
2601 1 2 1
10795 3 3
2604 3
10797 7
2606 2 0 6
2607 2
435 7
2613 2
1801 3 2 2
10810 1
2619 6
1802 1 1
2625 6
10818 0
2627 1
2629 0 9
2630 0 9
2635 0
2636 0
10829 2
10832 9
2644 2
2646 6 6
10839 0 0
2650 9 9
10843 3
2652 3
8634 0
2654 0 6 0
10856 9
2666 2
2667 4 6 6
10863 2
2675 2
2676 9
2678 2
2680 3 3
10873 2
2682 9
2683 2
10876 2 1
10878 0 7
10005 9
2689 7
10882 0 2
2692 0 6
2693 2 6
2696 4 0
2699 9
10897 0 0
2706 7
10899 9
2708 2
2711 4 0 0
2712 0 0
10905 0
2715 0
10909 0
2719 2
10915 7 7 7 5 7 7
10918 4 0
2727 9
2729 8 0
10923 4
2732 2
2733 4
10930 1
10931 7
2742 1 9
10935 0
10939 1 4
2751 9 0
10945 1 2
10946 3 3
459 9
8652 0 7
2762 0
2763 4
10963 0
2773 4
10966 2 0
10967 9 9
10969 9 0
10970 0
2780 0
2784 4 1
2790 3
2793 1 3
2794 0
2796 9 9
10990 2
10991 3
10994 9
8659 0
2808 7
2811 0
1834 1
11007 9 9
2816 0
2817 9
2820 3 1
2821 0
11014 1
11020 6 6
11021 9
2830 9 9
2832 9
11026 3 3
11027 1
11030 7
2839 7
2841 7 0
2848 9
2850 2
11046 3 1 2
11048 6
11049 0
11058 7
11059 4
2870 9
11064 7 0 6 0 7
2874 0 9
11069 2
11070 0
11071 2 0 0 0 9
11072 9 0
11077 4 0
11080 1
11081 2
8674 4
11086 0 2
2897 0
11092 2
11096 2
11100 0
2909 2 2
11104 0 9
2918 0 9 9 9
2919 4 4
2922 2
11115 9 9 0
11116 4
2925 3 7 7
11118 9 4
2928 6
2930 0 7
3219 7 4
11128 3 3
2938 0
2942 3
11137 7
11138 0 0
2947 7
2950 9 9
11144 6 9 6
11145 9 9 0
11146 0
2956 9
2957 1 3
11151 7
11152 0
11153 0
10167 0
8282 1
2967 7
2968 9 4
2973 6 2 6 9
11168 2
2979 2
11183 7 9
2993 9 0
499 0
11188 2 2
2998 9
11191 2
3001 8 4
3004 6 6 4 0
3008 2 7 7
3009 0 3 7
3012 9
3015 9 2
3016 6
3018 2
3023 2
3024 0
504 6
10062 7
3031 1 2 7
3032 3
10063 6
3036 9 9
3040 9
3058 8
3059 6 6
3060 7 7 7 7
3062 1 3 3 3
3064 2
3065 4
3070 1 1
3080 9
3081 7 6 6
3082 9
3085 7
3086 1
3088 3 1
3089 3
3094 3 3
3096 2
3097 0
3099 9
3102 9
3104 9
10075 6
3110 9
3113 0 9 9
3114 4 8 2
3121 2 4 9
3124 4
10078 3
3126 6 6 6
3127 1
3141 7
3145 0 9 2 9
3150 6 0
3152 0
3153 3 1
3156 6 2
3159 1 2 2 3 3 1 1 3 3
3161 6
8719 0
3174 7
8721 9
3178 6
3180 0
3183 7 0 7
1197 6
3189 0
3192 9
3201 2 6 0
3202 3
3203 9
3217 9
3218 4
107 6
3224 9 9
3228 9
3229 9
10096 2
3235 4 4 4
3240 3
3241 3
541 1
1907 0 0
3252 0
381 0
3259 9
3261 1
6005 0
3269 9
3271 9 9 7 9
3273 9
3281 4
3284 4
3289 0
3292 3
3309 2 0 9
3313 0 9 0
3314 1
3315 9 2
3321 9
3322 0
3325 9
3327 6
3334 2 2
3342 1
3343 7 0 9 9 0 9
3346 4
1386 7
3349 2
3351 0
10116 9
3357 9
10118 9
3371 0 9
1928 2 0
3378 0
3381 0
3382 9 9
3385 0
3386 0
1930 0 7
3391 4
3394 0
3402 9
3404 4 4 0
3405 3
3406 9
3409 0
10126 9
3416 4
9661 4 0
3421 0 7 0 0
3422 2
7397 9
3425 9
3429 3
3430 1 3 3 2
572 2 0
3435 1
3436 3
3437 0 0
3444 0
3447 1 1
3448 0
3450 1 1
3453 0
3455 9
3456 4
1942 2
8769 6
3469 2
3472 9 9
3476 2
3477 9
2885 2
3481 0
9936 9 0
10138 2 0
3487 0 6 9
3492 7
3494 3
3495 2
3498 2 1 2
8776 7
3510 6
3511 4
3516 0 9
3532 9 2
3534 9
3538 6
1956 6 6
3547 9 7 9 9
3548 0
3561 9 9
3562 9
3563 3 3 3 3
3564 9 9 9 9
3573 9
3574 9 2 7
3580 0
3585 2
3587 0
3590 4 6
3591 7
3594 4 0
3601 9
3603 9
3605 2 1 2
3608 9
3615 2
3616 9 9 0
3629 1
3635 2 2 0 2 9 9 0
3640 0 4 7 7
3645 1 1 1
3646 9
3650 9
3653 2 0
3658 0
940 9
3663 3 0
3681 0
3687 6
3691 9
3693 1 2
8808 0 0
3698 4
3699 0
3701 0
3702 9 4 9
3704 7
3706 9 9 1
3707 3 1 1 1
3708 2
3709 2
3719 4
3724 4 0
621 9
3731 1
3733 9 9 0
3735 1
623 0
3744 2
3747 6 6 0
3748 7
3753 2 2
3755 3 1
3760 9
3763 3 2
3766 3 3
3773 0 9
3776 9
3787 2 2
3789 0
10190 0
3799 0
3805 9 0 9
3806 1
3807 0 9
3812 4
3813 1 3
3817 2
3819 6
3823 1
3830 2
3831 9
3833 4
3839 1
3845 3 1
3849 6 0 0
3853 2
3865 4
3866 3
3867 2
3871 2 9
10205 9
3898 1 1 7
3904 9
3910 2
3911 3
3912 9
3914 4
3922 3 3 1
10211 9
3924 9
3927 7
3928 9
3929 0 6
3930 9
656 7
3947 0
3959 0
2754 9 6
3964 4
3970 0
10219 1
3979 1
3980 4
2029 1
3987 0 1 1 2
3989 2
3995 0 0
3997 9 0
4000 6 9
4001 9
4003 0
4006 9
4009 1 1
4010 3 1
4012 9 0
4014 9 9
4015 0
4023 1 3
4025 9 2
675 4
4052 0
4055 9 9 6
4056 6
4063 0 0
4069 6 9 0 0
4071 6
4074 0
4078 3
4080 9
4082 9
4083 0
1227 7
4088 9 0
4091 3
4093 0 0
4099 9
4100 9
4101 9 0 1
8876 1 1 3
4110 0
4112 7
4118 0 9 9 7
4120 9
4125 4
4135 0 6
4137 0
4141 3 3
4152 7
4155 2 7
4157 1
4166 9 0
4167 9
4172 1
4177 4
4179 6 9
4180 0 0
4184 0 6
10255 9 0
10257 4
4202 6 9
4207 0
4210 2 0
4211 9
4214 3
4215 9
4219 3
4222 0
4223 9 9
4224 2
4231 4
4234 0
4235 2
4238 2
4240 3
4241 1
4242 4 7 0
4245 9
804 4
4256 9
4258 9
4261 9 9 2
4262 3 3
4263 0
4264 9 7
4267 3
4268 7
4278 2
4279 0 6
4282 0
4287 6
4288 9
4289 7
4292 9 9 9
4295 0
4298 9
4299 9
4300 3 9
4301 0
4307 6
4309 0 7
4311 4 9
8911 3
4316 2
4318 3
4323 2
4324 1 1 1 1
4325 0
4326 9 7 2
4330 9 6 6 0 4 4
4336 6
723 9 9
4340 2 4 8
4342 7
4344 2 2
4345 0
4348 3 1
4349 9 0
4351 9
4356 7
4361 4 9
4362 7 7 6
4365 0
4366 3 1 1
4371 4
10286 2 0
4378 7 9 9 6 0 0
4382 9 7
4384 9 7 6 0
4385 7 9 0 0 9 9
8923 2
4391 9 9 6
4393 6 9
4396 7
4400 4
4404 0
4406 3
4413 9
4414 1 2
4423 0
4426 0 6 7
4431 9
4437 9
4442 0
4448 2 4
4451 6
4458 6 2 6 0
4459 4
4460 0 2 0 2 0 7 7 2
4465 0
4466 1
4471 9
2111 0
4477 3
4479 0
4488 9
4489 1
4491 3 1
4494 1
10788 6
4499 0 0
4503 0 0
4504 2
4506 1 3 1
4509 6 8 8
4516 0 0 0
4520 6
4524 0 9
4527 1 3 3 1
4530 0 9
2121 0 0
4537 2 4
4538 9
4542 7
4548 3 3
4552 0 6 6
4556 0
4558 0
4559 0
4562 0
4567 0 9
4569 9
4570 6
4572 7
4574 7
4578 1 3 3 2 3 2
4580 6
4583 9
4589 9
4590 7
4596 9 9 9 0
4599 0 4 2
4602 9
4603 0
4604 3
4616 2 3 7
4622 2
4623 0
4626 0
4627 9 0
4635 0
2138 9 1 6
4641 9 0 6
4644 3
4646 7
3505 1
4648 9
4650 9
4654 1
4657 0
4660 9
4661 2 4 1
4662 0
4665 0
2143 0
4671 0
4682 4 0
4683 0 6
4685 4 8 8 8 4 4 4 2
4692 0
4697 1
4706 4
4707 5 7 6
4709 1
4716 9 2
8978 4
4722 1 1
4725 6
4726 9 0
4729 6
4731 0
4736 0
4737 9 0
4742 1
4743 9 0 6
4744 7 2
4747 0
4750 9 9
4756 0
4762 9 9
4763 9 0 9 2 9
4766 6 0 2 1
4768 0
4769 3
4775 0
4777 9 0
4786 9
10525 0
8990 1
4791 2
4792 6
2164 6
4794 0
4803 0
4804 0
4805 4 9
4806 2
801 0 0 9
4808 0
4809 0
4810 2
4815 2 2
4816 3
4817 2 0
4818 2 2
4819 4
4822 9 0
4825 6 0
4828 9
4830 1 3
4836 0 9
4842 0
4844 9
4875 2
4878 0
4881 0
4886 0
3545 9
4889 1 2 3 1
4890 3 3
816 9
4900 0 9 0
4901 7
4902 3
4904 9
4905 2
4912 7
4915 9
4923 9
4924 9 6
821 9 0
4933 0
4935 2
4939 0
4940 3 3
4944 7 7 9 9 9
9016 0
4950 0
4964 0 2 0
4968 1
4969 1
4972 4
4977 4
4985 6 7 7 9
4999 6
5001 9 9
5009 3
5012 0 9
5015 3 9 2 9
5019 7
5023 0 6
5044 3 3
5046 6
5050 7 9 9
5051 9
5054 0
5055 2
5057 1 3 1
5061 0 0
5063 2
5069 1 3 3 1
5072 0
5076 6
5077 3 1
9039 9 9
5086 9 9
5087 1
10406 9 6
5094 4
5095 2 0 9 0
5096 1 3 1
5098 0
5101 4
5102 1 3
5106 0
5112 2 0
5119 0 6
5125 9
5126 7
5129 3
5133 4
5134 0
5136 0
5138 9
10414 0
5148 1
5151 9
5152 9
5153 3
9051 1
5159 9
5161 1 3 3 3 1
5168 6
5173 4 6
5175 3
5178 1 3
5180 0
5184 3
5185 9 4
5186 9
2230 9
5197 0
5198 9
5200 0
9059 0 2
868 9
5211 9 9
5218 6
2235 1
5226 7
5230 7
5235 9
5240 2
5241 9 0
5242 9
5243 2
5244 3 3
5246 3 1
5250 3 3 3
5255 3 1 1
5259 1 3 1 3 1 3
5260 0
5276 3 1
5277 3
5279 9 9
5283 3
5292 3
5296 9
5299 2
5300 2 1
5307 1 3 3
5310 4 9 6 9
5312 2
5316 0 0
5317 9 6
5318 0
5323 9
5327 3 3
5331 1
2254 3 9
5338 1
5340 1 3
5343 9
5344 9 9 0
5345 0 0
5346 0 0
5347 0
5350 3 3
5353 3
5354 9
5363 9 9
5364 0
5369 3 3 3
895 8
5381 4
897 9
5386 4
5390 0 7
5396 1 1
5401 9 9 9
5414 6 7 0
5418 9 6
5422 0
2270 7
5445 4 9
5446 0
5450 9
5451 9 0 7
5454 3
5455 1 1 1
5462 0
5464 4 7 0
5473 1
5475 9 0
5476 3 3
5477 2 2
10471 7 7
5486 7 9
5488 9
5490 6
5493 1 3
5500 9 6
5502 2
5503 0 9 9
5519 2
5520 6
5530 0
5531 1
10480 2
5539 9
5543 9
10482 0
5551 0
5553 0 9 9
5554 1
5559 9
5567 0
3659 0
10486 4 2
5575 1
5577 7
5580 4
5582 0
5583 3 1 1
5584 7
5594 3 1
5595 0 0 6 4
5605 3
935 9 9 9 6 9 6
5622 3 3 1 1
5623 3
5624 9
5627 6 0
5633 0
5637 9
5641 7
5645 9
5652 2
5657 0
5659 9 6
5661 1
5664 0
9136 9
5669 0 2
5675 1 3
5676 0
5680 0
5682 9
5686 5
5687 0
5688 9
948 0
5693 3 3
5696 2
5699 0
5701 9 9 0
5704 3
5705 1
5713 0 2
5717 0
953 6
5724 9
5729 3 9
955 9 9 7
2322 9 0
5742 0 0
10515 0 7 4
5748 0 1
5751 9
5752 9 1
5754 2
5762 1 3 3 3 3 3 3 3
5765 2
5771 0 6
5774 7
5778 9
5781 0
5785 2 2 0
5787 0
5793 7 9 9
3739 9
5798 1
5806 9 7
5807 6 0
5817 0 9
5819 7 0
5826 9
9163 6 0
2337 9 9 9
5838 1 1
5840 0
5844 1 2
5848 0
5851 9
5852 7 9 0
5856 4 0
5858 7
5861 2 6
5872 8 4 7
5878 6
2345 7 0
5881 0
5883 2 2
5890 0 7 6 0 9 0
5892 3
5893 4 8 7
5895 7 0 0 2
2350 0
5915 2
5916 6 7 9
5917 0
5926 9
989 0
5938 0
5941 9
5944 0
5947 2
5952 1 2
5961 7
744 9 7
5968 2 1 1 1
5974 3 3
5975 3
5977 1 3 3
5980 6
5982 0
5983 1
5984 0
5989 7
5990 1
5999 6 9
6004 7 4
2366 0
6007 6 0
6012 9 9 9
6018 3 3 1
6023 6
6027 3
6033 0
6039 9 9 9
6047 3 9 9
6048 2
6049 9 9 6
6050 9 9
6051 3 3
6053 0
6054 9
6059 9 9
6061 7
6063 1 3
6066 1 3 2
6068 2
2377 1
6074 7 0
6076 0
6078 3
6081 1 9
6082 4
6083 9
6084 7
6089 7 2
6090 2 0
6091 1 3
6092 0 0
6093 7
6102 2
6103 9 7
6104 4 6 0
6107 9
6109 0
6110 2
6114 9
6119 2 9
6121 0 0
6122 7
7847 1 1
6128 3 3
6130 4 0 9
10579 9 9
6135 9
6136 2 0
10580 2
6138 2 0 7 9 0 2 0 9 0 2
6139 3 3
6153 2 7 0 0 0 0
6155 6 9
9219 7
6172 0
6174 0 0
6178 3
6182 0 3 3 3 1
6183 9 9 9
6185 2
6186 0
6197 7
6201 2
1034 4
6207 3
6211 1
6212 7 7 0
6223 3
6225 9 9
6234 1
6236 7
6240 3
6250 1
7869 9
6258 9
6261 9
6271 7
6272 3 1 3
6274 0
6276 0 0 2
6278 7
6287 7
6299 7
6301 9 0
6313 9
6315 1 1
6320 3 1 1 2 1
6326 4 2
6334 2 2 0 0
1056 7 7 1
6339 9 9
6341 3
6342 1
6348 0
6354 4
5155 3
6356 9 2 2
6362 9 0
6363 9
6364 3 3
6365 3
6373 9 0
6378 6
6379 0
6383 7 0 9 9 4
6384 0
6385 7
6397 3 3 3
6402 2 4
6407 7
6408 1
6415 9
6416 6
6421 0 2 0
6427 2
6429 3 3
6430 2
2437 2
6439 2
6446 0
6452 0
6456 3 9
6459 2
6465 1
6473 7
6476 8 8
6479 3
6481 3 4 9
6493 3
6494 7
6497 0
6763 9
6503 4
6504 1 1
6506 0 0
9764 6
6515 3
1088 2
6531 0
6533 9
6535 9 0
6537 2
6540 9 9
6548 6 0 6 6 0 2
6551 2 0
6552 9 9
1582 6
6558 7
6562 7
6563 6 9 9 9 0
6573 2 4
10653 9 9
6587 3
6589 1 3 2
6594 7 9 0 7
6595 9
6596 1
6599 0
6600 1
6601 6 0
6602 9
6603 9 6 0
9293 9
6609 1
6615 3
6616 9 9
2468 0
6620 7 0 9 9 9 9
6621 1 2 0 0
6622 9 9
6623 0 9 9
6625 3
6630 0
6632 1 1
6634 9 7
6641 2 2
5203 0 4
6644 9
6650 3 1 3
6653 0
6654 2 3 1 3 3 3 3 1
6655 1
6657 9 4 4
6663 0 0 6
1111 7 2 0
6668 9 9
6669 3 3 3
6686 2
6687 0 0 0
6691 2 2 9
6692 1 3 3 3
6695 1
6698 0 9
7861 3 3 3 3 3 1 3 1 3 1 3 3
6707 6
6711 1
6713 9
6715 9
6717 9
6725 9
6726 2 4
6730 3
6731 0 0
6737 6
6738 0
5219 1
6740 7 8
6741 0
6756 9
6758 4 8
6761 7
9319 0
6766 9
6768 6
9320 9
6773 4 0 2 0
6776 9
6777 2
6784 0
6785 6 6
6787 0
6788 2
6792 2
6801 0 0 4
6804 4 6
6808 9
6812 7
6819 0
6820 0
6825 0
6826 1
6827 0 0 0
1138 1 3
6831 6 0 0
6833 0
6835 2
6837 9
6839 9
6842 9
6843 2
6848 2
6851 9
6852 9
6853 3 1 3 3
6858 1
6860 9
6867 9
6868 9
6875 3
6879 1 3 3
6887 6
6894 9
6901 9 7
6903 3 7
6915 4 3 1
6919 0 2
6920 6
6921 9
6922 0 9 6
6923 3
6932 4 9 3
6934 0
6617 6
9348 3 2
6944 0
9350 3
6951 0 2 0
6952 9 0
1160 1 1
6967 2 9
6968 6
6969 7
6972 7 7
6976 7
6978 8
6985 3 1
6986 0 0
6992 2
6994 4 0
6996 9
6998 2
6999 9
7006 1 1 3 1 1 1
7009 6
7010 0
7018 6
7020 3
7022 0
7029 3
7035 4
7045 0
7050 1
7053 2
7056 2 2
7057 0
7060 9
7061 9
7065 1 3
7066 3
7077 6
7078 4 6
7080 2
1181 0
7088 3
7092 0 0 0 0
1600 9
7097 2
7098 0 9 9
7107 9 9
7108 2
7110 4 0
7111 9 9
7115 3 3
7117 9
7128 9
7138 2
9383 9
7149 3
7150 4
7153 9 0
7158 1
7162 0
7163 9 9 6 0
7164 2 1 7 9 2
7166 9 9
7168 2 1 3
7175 9
7182 6 0
7183 9
1603 9
7190 4 6
7197 4
7199 2
7202 2 2
7207 4
7240 9 9
10764 9 9
7249 9 9 2
7251 9
7254 9
7258 2
7264 6 6
7265 6
7266 3 3
7274 3
7279 7
7280 9 9 9 9
7286 2 0
7287 9
7288 0
7295 3
7302 0 0 6 9
7303 2
7309 9
2586 4 7 2
7327 2
7332 7
7334 3 1
7336 9
7338 7 7
7339 0
7343 6
7347 1
7350 6 1
7352 9
7354 0
7363 9
10785 0 0
7368 4 0 0 6 0
2594 4
7374 3 3 3 1
7384 8 6
7385 4 0
1231 3 1 1
7392 0
7393 9
7394 2 0
7395 0
7396 0
2598 6
7398 4 6
1233 9
7400 3 3
7401 0
7404 7
7405 6
10885 6
7417 9 0 2
1237 0
7427 6
7435 4
7439 9 9
7443 9
7447 3
7448 9
7449 0
7454 7 4 9
7456 3
7458 9
7466 3 1
7473 7
7487 9
1248 9 9
7493 0
9524 7
7496 9
7498 4
7500 0
7504 9
7506 9
7507 3
7523 9
7526 2
7530 1
7532 0 9 9
1257 6
7549 0 0
7551 9
7555 6 4
7560 2
7561 2
7569 6
7575 9 9
7576 3 1 1 1
7577 4
7584 2
7586 0 4
7590 9 9
7593 9 0 7
7599 0
7600 0
7603 2 7
7612 7
7615 1
7617 3
7618 3 3
7628 1
7629 6 6 9 0 7 7
1272 3 3
7637 3 3
7640 2
7648 0 0 2
7649 4 8
7650 0
7652 9
7661 0 1 7 9 9
7665 3
7666 9
7675 9
7679 6 9
7682 4
7690 3
7692 7
7694 9
7695 2
7701 1
1123 0
7703 0
7704 1 1
7707 7 2 0 7
10842 3 3
7712 1 3
2651 4 4
9478 0 9
7719 7 0 0
7721 7
7725 1 1 4
7726 9 7
7730 0
7735 4 9 9 0 9
7740 0 0
7744 9
7745 1 1
7747 3
7757 1 9
7763 0 6
7767 7
7773 0
7781 0
7786 2
7787 0
7793 1 2 2
7795 2
7803 2 1
7805 0 0
7808 0
7811 0
7824 0 0
7826 0
7830 9
7836 7 9
7840 9
1307 0 9
7845 0
6769 9 9 9
7856 9
1310 0
9809 9
7866 9 9 7 9
9054 9
7873 0 7
7874 0
7875 0 7
7876 2 0 3 9 9
7878 7
7886 3
10872 1 3 1
7892 0 0
7893 3 3
7899 9
9818 0
7904 9 9
1627 1
7909 0 9
7914 3 2 1
7917 0 0 9
7923 9
9513 9
7930 4 9
2687 9
7932 1
7940 9
7941 7
7947 1
2690 2
7950 9
7952 9
7953 9
7954 0
7958 3
7959 0
7966 0
7967 4
9520 1 3 1
7971 0
7980 9
7983 0
7984 3 3
7985 3
7992 0
7993 0
7994 9 9
7997 2
8000 6
8005 9
8008 3 3
8013 9 9
8020 2 3
8022 1 3 3
8027 9
8040 6 9 2
8041 6
8042 9
8044 2 2 4
8054 7 0
8063 1 1 7
8064 4
8069 1
8075 0
8082 9
8084 0
8085 2
8086 4
8093 9 7
8094 9 9 9
8095 4
8096 7
8097 1 1
10907 2
8100 2 1
8103 2 3
8106 3
8111 2 2
8112 2
8113 0
1634 0
8132 1 3
8133 9
8140 9 9
8141 4 6
8145 0 0 0
2723 0 4
8154 0
8161 7
8166 0 0 0
10919 0 0
8183 0 0
8186 9 9
8189 6 9
