1 0 6
8195 0 3
8196 0
8197 2
10924 6 0
10 2 1
11 4
8205 9 2 6 0 2
14 4 1 6 4
2733 4
8208 3 3 1
8214 3 3 3 1 1 8 3
8215 2
24 7 6
25 4 4 6 4
27 2 2
8220 0 0 3 2
8221 2
8222 0 4
5 6 7 9
8224 3
8228 4
37 9 2
38 9 7 9 4 9 8 2
39 9
8232 0 9
9564 1
44 6 9
46 2
8239 9 0
50 1 1
51 4
8244 1
10932 9
1746 2 0
59 2
9822 1 3
8253 6 2 6
62 9
8255 0
64 0 6 0
8257 0
66 2 1
67 6 0
8262 9 9
8263 0
275 0
74 0
6839 9
8270 2 6 0
8272 0 0
8273 0
82 0
8275 4 8 4 8 8 4 4 4 0 4
8276 7
8206 9 9 0 9 9
8278 1
2745 1
8281 2
8282 0
92 1
8286 9 9 6
8287 0
96 1 1
16 4 4
8290 2 3
99 7 4
8292 2
8293 1 1
8294 1 2 2 0
103 1 8 8 8 1 1 0
8297 2
8299 0 0 9
8301 2
1419 0 2 6
111 4
8305 0 2 6 6 6
1861 4
115 1
116 9 6 9 6 9
117 4 4
8311 0 6
121 1
7369 6
123 1
8317 0 4 7 2
2946 2 2 9 9
127 4 8 8 8 3 3 3 3 9 2 4 3
128 0
131 0 6
8324 0 6
133 0 0 9 9
8327 6
136 1 1
8329 9
8330 9 9 6 6
139 0
8333 7
8334 6
8335 1
145 4
146 0 4 2
2755 3 1 1 3
148 0
149 0 6 0
8217 0
8345 9 0 2 0
8346 6 6 9
8347 6
8349 9 6 4
158 6
8351 3 3 3 4
162 1 1 1 1 3
8355 1
165 4 4 8
167 7 2 3 0
168 0
8363 4
8364 6
173 0 0
174 2
175 4
177 3
8370 6 0 0
179 0 8 2 2 4 3
8374 4
8375 6 6
184 9 9
8377 0 9 6 6 6
186 0
8380 6 6 6 6 7 0
8381 0 0 0
190 3 4
8383 0
8386 1 6 9 3
195 0 4 7
8388 4
197 1
8391 6
200 9
8393 9
203 2
204 0
8399 7 9 0 9 6
208 0 6
209 0
8402 8 8 4 4 8 4 0 4 4 4 4 1
211 1
8404 9
213 0 7 9 2
215 2
216 4 4
218 4
8411 9 4 0
8412 1
8413 0
8414 7 6
224 0
225 3 3 4 4
8419 2 0 9 1 2
228 4
229 1
230 0
8423 8 1 8
233 1
235 3 3 1 1 4 1 3 3 3 1
8428 6 3 3 4 9
2770 2 2
8430 2
8431 1 3 1
8432 3 3 3 3
8434 6 6 6
243 3 3
8436 1
245 2 0
247 6
10964 9 9 9 2
8442 6 9
251 2
253 0
254 3 1
2773 3
8448 0 0
257 1 0 9 1 0
259 9 9 0
8452 1
261 6
8455 0
264 0 1 1 0
265 1
8464 8 4 8 8
273 2 6
274 1
5507 9
276 3 1
8469 1 1
8470 1 3
279 0
8472 2 2 2 4 0
8473 9
8475 0
10970 0
286 4
289 8 8 4 4
291 4
8485 6 6
8486 6
711 2
8488 3
8489 0
299 1 1
8242 1
302 2 0 0 3
303 2
8496 2
305 8
307 2
308 9 0 2 3
8502 2
311 6 9 0 0
8504 1 8
8505 6
314 0 7
317 8 8 8 4
8511 1
8513 1
322 9 0
3439 1
8516 6
325 6 3 3
8518 1
329 6
8522 7
8524 6 6
334 1
335 7
8528 2
337 0 0
339 3 1
8534 0 0
343 7
2788 1
8539 6
8540 6
8542 0
10981 6
352 3
8545 2
354 6 6 8
355 2
8548 6 6
357 8 4 1 2
8550 1
8551 3
360 4
361 6 9
8554 0 6
364 8 0
8557 3 1
8558 2 2 1 2 1 1
8560 6 0 6 6 9 6
8561 6
371 9
372 9 9 9 9
8565 0
8568 6 6 0
8569 1 3
8571 0
8572 0
8573 0 0 0
8574 1
383 0
384 3
8578 9 7 0 7 0
387 8 4 4 4 8 4 4
390 6
65 7
392 0
8585 6
8587 7 7 7 2 0
8588 1 1 3
8590 4
399 1
8592 2
8593 3 4 4 4 4 0 4 4 3 3
402 2 2
403 6 6
8597 6
8599 3 2 1 2
8601 9
411 7 6
8604 6
8605 3 3
8607 2
8608 9
8610 0 0 0
419 1
422 6 6
8618 9
429 4
8622 2
8623 1
433 6
8627 7 4 9 2
9630 3 1
8630 6
439 6 0
8323 3 3 3 1 3 1
8640 4 4
8642 9
451 1
8645 6
8647 7 6
8648 8 1 7 4
8651 3 3 1 3
461 7 4 4 6 2 1
464 2 9
465 0
466 1
467 6
78 6
8663 4 0
472 2 3
473 3 6
475 2
8670 0 0 2
479 4
480 1 3 1
481 1 3 2 3 1
8675 0
8676 0 7
485 0 0 9 9
8679 9
8680 6 9 6 4 6
490 8 6 6
491 0 0 0
492 7 9 2 2
8686 6
495 7
497 0
499 0 0 6
8693 9
8694 7
9641 9 0
84 4
8698 0 2 0 0 9
8699 4 0 0 0 4 6 0 9 0 6 2 6 6 6 6 6 2
508 6 2
8701 3
510 2 0
85 0
513 9 9 0 6 4 0
515 2 4
516 4
8712 6 0
521 3 1
522 0 0 9 2 6 4
523 2
525 2 6 4 2
529 6
531 1
532 2 0
89 4
537 9 6 0 9 0
8730 0 9 9
8731 0
540 9
541 0
8734 3 3
544 4 8
8737 2 4
546 2
8739 9
8742 0 9 9 9 6
551 7
552 1 1 3
553 0
554 7 4 9 9
8747 3 2 3
8748 4 8 8
559 0
8752 0 4 9 6 6 0
8753 6 6
8202 6 6 6 9 3 3 1 0 0 4
9651 2
8757 0
568 9 9 0
569 2
8762 0
95 0
572 3 4
11018 3 3 1 3 3 1
574 3
576 0
8770 0
8771 2
580 4 0 8 8 8
581 0 9 0
582 1
8289 9 6 2
8776 9 0
8778 1 1 2
8780 7 4
98 2
8782 2 3
591 9 6
8784 0
593 9 2
594 4 3
595 4 4 4 1 4
8789 0
598 4 0 9 9
599 1 3 1 3 0
601 9
8800 4 1 8 8 1 3 4
610 7
8803 1
8804 9
8805 9 9 6
6929 2
8808 0 0 2 4
617 6
8810 6
8811 2 6 0
8812 4
8813 6
622 0 9 0 0 0
623 7
624 4 4 6
8817 7
8819 7 2
8820 6 4
8822 6
8823 6 6 4 6 6 0
8824 0
8825 6
8826 7
8831 9 7
8832 2
641 2 1
643 6 9
1658 6
8838 0 4
386 9
648 0 7
8841 6 0 2
8842 2 0
8843 9
654 3 3 1 1 3 1
658 4 6
660 0 2 0
661 0 2
662 3 3 3 3 1
8855 2 0 0
667 2 4
668 0 2 0
11034 6 6
8864 6 6 4
8866 4 2 4 4
675 0 0
676 6
677 4 4
678 1 1 2 2 2 2
113 7 7 0 0
684 4
8877 0 6
7115 3
687 7
688 1
691 0
692 9 2 3 2 0 6 4
8885 6 9
694 4 1 6
8887 3 3 3 1 1
696 3 1 3 1 2 1
8889 0 9
699 0
8892 6 8
701 9 9 3 0 9
703 0 9
704 0 0
705 3 1 3 3
708 6 2
8901 6 4 2
8902 3 3
8903 2 4
712 0
713 0
8906 6
715 3 1 3 1
716 9 7
8909 3
718 4 2
8911 3 3
8917 6 0 9 0
8921 9 9 6
731 4 6 6 0 6
732 3 3 3 1 3 1 3
122 0
734 2
8927 9
8928 0
737 6
8931 4
8932 2
742 6
8935 4
8936 6 2
745 4
8939 7
8940 4
8941 0 7 0 7
8943 1 1
8945 9 6
8946 9 9 0
8947 0 0 4
8950 0
759 6
1492 4 1 4 0
762 6
763 6
764 9
765 9
8958 0
767 0
8960 2 4
770 1 1
8963 7
773 0
774 2
775 3
777 1 1 2 1
778 1 1
779 1
784 0 4
8978 4
8979 1
789 6 9
8983 1 3
792 1
793 1 3 1
8986 6 0 6 4
798 1
799 0 6
800 0
8996 0 0 6 9 9
8997 6 6 6 3 9 0 4
806 1
807 2 2 0
808 3
810 1 1
811 2
812 1
9006 1
816 9
819 4 4 4 4
9012 6 6
9014 0 0
823 4 8 8 8 8 8 4 8 8 8 8 8 8 8 4 2 8 8 8 8 8 4 8 8 8 8 8 8 8 8 8 8 8 8 8 8 8 8
2868 4 8 4
9018 2
827 6 6 4
9021 6 6 4
830 1 2 1
9023 2 0
832 0 4 0 2
9026 9
10939 2 8 8 8 8
838 9 0
839 0 0
841 0 0 9
842 2 2 6 7 6 6 4
844 9
9037 2
846 0 4 0 0 0 6 9 6
141 9 6
9040 9
849 3 3 1 8 1 3 3
851 0
2756 0
142 6
854 9
855 1 9
1915 4
9051 3
9052 9
9053 2
862 0 6 9
863 3
9056 8 8 8 4 2 1
865 9 9 0
9059 0 6
869 9
9062 4 4
8337 3
9064 7 9
9066 3 2 9 0
875 1 1 3 3
876 7 4 0 0 9 9
9070 3 3 1 1 3
879 6 6 6
9072 4 2 2
9073 4 1 1 2
884 6 6
9077 9
9079 4 4 4 4 8
889 9
9083 8 8
9085 4 4
9087 0 9
9089 6 4
9093 4 4 6
9094 2
903 0
905 1 0
9099 4 4 1
9100 0 6
909 3 3 3 3 3 3 1 1
911 6
913 4
914 6
9107 2
916 3 1
917 0 9 9 6 2
9111 1 3
921 4 6 0
922 1 2 2 1
9115 3
924 0 6
925 4 4
9118 0 6 4 6
9120 6
9121 4 6 9
930 2
931 4 4 4 7
9124 4 4 4
9126 9 8
9127 0 0 6
9129 3 1 1
940 2 8 8 2 2 2 8 2 4 8 8 8
9714 0
942 7
943 9
944 0
945 6
946 0 6 8 8 1 8 8 8 8 8 8 3 4 4 4
947 4
9140 6
949 3 1 1 3 3
132 6 6 6 9 9 0
9145 6 4
955 9 9
9148 0 9
959 2 1
9152 4
9154 9 9 9 9 9
11083 2 0 9 6
965 3 0
966 9 9
9160 7
9161 6
9164 0
8354 3 8 3 3
9166 3 2
975 7
976 6
9171 8 8
981 0
9176 2
9178 2 7 7 0 2
9181 6 9 9 9 9 6 9
9182 2 1
8357 1 2 2
9184 9 2 9
9185 2
9187 0 0 0 0 4
9188 2 1
997 4
9190 6 2 0
9191 9
9192 7 4 4 6
9193 9 9
9194 3 3 1
1003 0 0
1004 3 3 1
9198 4 0 0
9199 6 4 4 0
1008 4
1012 0
9205 6
1014 9 6 9
4265 6
9208 1 3 3 3
1018 3 3 4
9211 0
1021 0
23 6
9215 6 9 0
9216 1 3
9218 3 1
1027 0 6 6 9 9
9220 1
1398 1 2
1030 2 1
9223 4
172 1
9226 9 4 0
1035 7
9228 1 6 0 0 0 6
9229 3 3
9230 1
9234 1 3 1
9236 3
9237 6 6 0 0 0 0
1046 2
1047 6 9 8
8491 2 1 1 2
1051 4
9247 2
1057 9
1058 6 6 4 9
9251 9
1061 0
1062 2
9336 0
1064 3 3 3
1065 1
9259 9 0 2
9260 9
9262 9
1071 1 3
8219 2 1 1
1073 9
9266 7 6
9267 3 1
9268 4
1077 1 0
1080 9 9
9274 4 6 8
9278 6 0 0 4
10129 2
9281 1 4 4 7
1547 0 9
1092 9 4
1093 2
9286 1 1 1 1
1096 3 1
9740 3
1099 0 4 6
1100 3 4
1101 6
1102 3 3
9295 7
1104 9
8376 9
9298 1
9299 3
1108 0 4 4
1109 1
9302 1 3
185 2 8 4 4
9304 0
1113 2
1114 3 3 3 3 3
1115 0
1116 6
1118 1 3 1
1119 0 0 6 6 6 9 0 0
9312 4
1121 8 4 8
1122 3 3 3
9317 6 9
9318 1
1129 7 6
583 8 8 8 8
10373 3 1 2
9324 3 1
9325 0
1135 6
9328 3
9329 9 9
9333 4 0
1142 7 4 4
1143 6 7 2 0
1144 4 4
2493 1
1147 0
9340 9 4
9341 2 1 6
1151 0 3 1
2923 0
1157 2
9350 1
1160 3 1
1161 0
1162 6 0
1163 6 2 7
2925 7
9360 1
1170 9 0
1171 4 6
9364 0
9365 9
9368 2 4 0
9369 4 1 1 3
9370 4
1179 4
9372 6 6 4
1181 6
1182 0
9376 6
1185 9 9
9379 0 6 6
9382 4 0 6
2929 2
1193 6 0 0
9386 3 3 1
9389 0 0 6
1198 9
1199 2 0 7 7 9 0 2
8392 0 2
11123 6
1205 0 9
1206 4
1207 2 3
1208 0 0 6 0
9401 1
1210 4
1567 1
9337 6 4 8 8
1214 9
9408 8 6
9409 4 2 9 9
9410 7 0
9411 2
1220 0 0
9414 4 2 2 1
1223 1
9416 4
1225 4 2
9420 1 3
1230 9
9423 2 6
1232 0
9426 4
9427 1 1 1 3 4 8 4 4 3
9428 6 6 0 6
9429 1
9432 2 1
207 0
9436 0
1245 3
9438 1
1248 9 4
9441 7 7 8 8 8 2 2
9442 9
1251 3 3
1253 9
9447 7
9448 9
9449 6
9450 0
1259 0
9452 0
9453 4
1262 4
1265 8 8 2
9458 4
8403 2
1268 4
9463 4
1273 4
1275 4
1277 2 0 1 1 1
9470 4 9 9 6
9471 0 0 4 6 2 4
1281 9 6 6 0
9474 6
9771 4
1286 7 2 3 2
1287 2
1288 0 0
2225 1 3
1293 9
9486 3
1295 6
1296 1 1
9489 2 1 2
1299 6 2 0 2
9492 1 3
1582 6 6
9495 6 6
1306 0 6
1308 0 6
9502 1 1
1313 0 0
9506 9 0
9507 2
1317 6 1 8 8 8 8
1318 4
1319 2
9512 1 1
9513 2
9864 0
2951 0 4 6 2
1324 1
9519 0
1328 0 0
1329 7 7 0 0
9525 2
9527 0 0 0
1336 0 2
1337 6
9530 7 6
1339 9
1341 0 4
9534 2 3
1343 9 9
1345 7 3
1346 0
1347 0
1348 1 3
9541 3 3 1 3 3 3 2 3
9543 1 2
9548 9
1358 2 9
1359 0
1360 1 8 4 1
7956 0
9560 0 0 0 9
9561 2 2 1 9
9562 1 4
1371 4
1372 6
1373 0
1374 2
8421 2 0
9568 3 3 3
1378 2
1380 3
9573 3
1382 0
9576 9 0
9577 9 9
1386 6 6 4
9580 4
1394 0
9588 2
9589 9 9 0 9 9 0 6
9590 1 1
1399 3
1400 1 1 2
1401 0 9
9594 0 9
9595 0
1406 3 3
11157 0
1408 6 6 7 4
9602 0 9
8427 6 0
9604 1
1415 3 3
9608 6 6 9
1418 9
9611 6 1
9613 0 6
237 6
1424 4
1425 3 3
1427 0 0
10866 2 9
9621 6 9
9622 0 1
1433 0 0
9627 3 1
1436 2
1438 2 6 6 0
9633 3 3 3
9634 9
1443 4
1444 6 4 6 0 0 6 6 9 7
1445 1 3 1
9638 0
9639 0
1449 2
1450 3
1451 4 0
2776 6 9 6
9645 0
1454 0 4
9647 6 9
9648 6
1457 7
8435 6
9652 0
9653 0
1462 2 6
9655 0
1464 3 3 0
244 0 9
1468 6 0 6
1469 1
9663 9 9
9664 2 4 4
1473 9
1476 0 0 7
1477 0 9
1479 2
1480 6 4
9673 2 1
9676 2 6
9677 9
1486 0
9679 0
9681 4 6
1490 2 1
9683 6
9684 3 3 1
8233 2
9686 9 9 6
1495 6 6 6
1496 0 4
1615 6
1500 1
1502 3
9699 0 0
1508 1 0 3
1510 3 3
1511 9 9 9
9704 4
1513 6
9706 4
1515 2 4 4 4
9708 9
1519 3 0 2
9712 0 4
1521 9 6
1522 3 3
1619 8 4 8
9598 0 0
1526 9 6
1527 4
9720 4 2
1620 2
1530 0 2 4
9723 9
9724 7 0
1533 9
1535 6 0
9728 0
256 4
1538 1
9731 4 4
1540 1 1
1541 2
9734 6 0 6
9735 6 6 7 9
9736 9 4
9737 3
9738 2
9739 2
1548 9
1550 7
1551 3 3
9746 0
9748 8
9752 0 4
9753 3
9754 6 6
9755 6
9756 4
9757 9 9 9 0 0
9759 9
9760 0
9761 0 2
9762 3 3 3 3
1571 1
9764 0 2
1574 9 9 9 0
1577 0 0
9770 4
1579 3 3
1580 6 4
1581 3 3
9774 7
1583 9 9
1584 2 4
1585 6 6
1586 0
7091 1 1
1588 6 6
9781 0 9
9782 6 9
9784 8 4 4 4 8
9786 4 4 8 8 4
1596 0
1597 1 6 6 6
1598 7 0 6 6 6 6 6
1600 4 0 0 2
9795 9 9
1604 9
2998 9 9 9
9002 0
9801 0 6 6
9802 6
1611 3
1614 9 4 6
9807 9
9809 9 2
1618 1
2086 1 1
9812 6 7 4
9814 9 9 0
9815 9
1625 4
1626 7 7 4 0 6
1627 3
9820 4 0
1629 4 2 9
1630 0
9823 0
9824 9 2
9825 0 9
1634 0 2
9827 2 4
9828 4
9831 0 0
1640 9
1642 2
1639 4 6 6 0 9 0
1644 3 1 3 3 1 2
1645 6
9713 9
1647 4
1650 1 2
1651 6 6 4 9
1653 2
9847 2 0 6
9848 0
8468 4
9850 6 6
1659 2 6
1660 0
1661 1
1663 6
1664 0
9857 6
9858 0 6
1669 9 9 0 4 0
1672 0 9 2 9
1673 1
9866 0 6 0
9867 3 2
9868 2
9869 7 8 9
1678 2
1679 1
9873 7
1682 2 2
9875 6
1685 6 9 9 9 9 0 4 9 9
1686 3 1 3 3 0 2 3
1687 0
1688 0
1692 8 8 8 8
1695 2
1697 0
1698 0 0 0
9893 0 2
9894 0
1704 0 0 0
1705 3
9899 1 8 4
1709 3 3 3 3 3
1710 0 0
9903 1
9843 1 3
9908 0 9
9909 3 1 3 1 4 2
1421 4 7
9913 9 9 9
1724 6 0 0
1726 2 1 1 3 1 2
1727 6
1729 6
1730 6
9923 6
1732 3 3 3 4 2 6
1734 6
1735 4 4
1737 2
1738 2
1739 3
9933 1
9934 1 9
9936 0
1745 2 3 3 1
9938 1
9941 0
9943 1
9944 0 0 4 0
9945 0
1757 2 9 7
1759 9 9
9952 2
1762 3 3 3
9851 8 8 8 8 8 4 6
1765 9 6 6 4 9 9 6 9 0 7
1767 0 4
1768 9 6 6 9
9852 3
9962 3 3 0
1771 6
1773 6
1774 1 2 1 3 3
1777 9 9
9972 4 8 4 8 8 8 8
9973 6 0 0 6
9974 7
9061 2
1786 0 6
9855 9
1788 3 6
9983 4 6
9987 1
8959 6 9 0
1798 4
9991 2 4
9992 6
1802 1
9995 1 3
9996 3
1805 7
1806 0 9
1807 2 3 3
10001 1 3
1811 3
1812 1
1813 3 3 0 2
1814 3 3
1815 6
10009 7
1818 1 3 3 3 3 1
10012 3 3 1
10013 4
1823 4 0 9 6
1825 0 0
1826 1 2 2 3
1828 6
1830 9 9
8497 0 2
10025 0 7
10027 6
1837 7 3
10030 7
7699 2
1841 0 4
1842 1 3
1843 3 3
10038 9
1847 2 2
1848 6 6 0
1849 7 7
1850 1
10044 1 3 2 3 3 3 0
1853 0 4
10046 6 9 6 6 6 4 6 6 7 6
1855 1
10048 6 6 6
1860 0 2
285 4
1865 4 6
10059 2
1868 4
1869 1
1872 9
10065 1
10066 3 1 3
10067 7 6 6 6
1876 2 1
10070 6 4 0
313 2
10073 4
9871 3 3
10076 4
10077 0 2 4
10078 3
1888 3 1 1 3 3
1889 2
10082 4
10083 0 6
1892 4
10085 2 0
10086 1
1895 2 4 6 4 6 6
10089 6 6
1899 7
1900 8
10093 1
1904 9 9
10098 6
10099 0
1909 4 4 6 4
10102 6 9
10103 0
10104 3
10105 6
319 6
1916 9 9
1918 4 4 4
9884 6
10118 0 9 6 6 1 9 9
10120 0
1929 7
10122 9 6
9879 7 6 9 9
1932 4
1933 2 6
10126 9 4
1935 1 3 1 3
1936 0
9880 1 4 3 1
10130 9
10134 2 2 7 0
10135 0 0
10136 7
10137 0
1947 0 0 6
1948 3 3 3 3
1949 6
10142 0
1951 4 6
1955 1 1 1 1 3 3 3 1 1 1 1 1 3 3 3
10148 9 9 9 7 9
10149 9 6 9 0
10150 0 2
10151 6 9 6 4
1961 0 2 9 9
10154 4
10155 2 1
1964 1 3
10157 0 7 9
1966 0
1967 4
1971 6
10164 9 6
1973 2 4 6
1975 4 4 4 2 1 1 2 8 8 8
1976 6 0 0
10171 0
10173 4
1982 1
10175 4
1985 2
1987 3 4 2 4
1988 9
1989 1 2
1990 1 1
1991 0 0
10185 3 3 1
1994 9 0 2
10187 7 0 0
1996 3 3 1
9890 4 4
10190 9
1999 1 0
2000 4 6
2001 4
2002 4 6 2
10196 4 1
10198 9
2007 6
2008 3
2009 6
2010 4 8
2011 7
10204 0
2013 0
9015 6 9 0 7 2
2015 6 7 6
2016 6 7
2017 3 9
2018 1 3
2020 8 3 1 2 7 8
10213 3 3 3
2022 1 1
2023 4
2024 3
2026 1
10219 3
2028 0 9
2029 1
2030 4 6 0
10223 4 2 0
10224 9
8251 3
10226 3 2
10227 6
10229 6 4
10230 0 0 7
2040 2 1 1 2
2041 0
10234 4 0 6 6 2
2043 3 1
10236 1 3 1
10270 3 1 3 3 3 3 1 1 3 1 3 3 3 1 1 3 3 3 3 1 4 1
10242 1
10243 1 1 2
10244 9 9 9 0
10246 9 9
2055 6
10248 0 2 9 9
10249 6 0 2 0
10251 1 3
10252 6
2061 2
2066 0
10259 9 9 6 6 6 6
2068 6 4
2071 6 0 0
10264 1 2 1 3
2075 4
2076 4
2078 0
10271 0 2
10274 0 0
10275 4
2084 6
10278 1 3
2089 9 2 0
10283 1 1 2
2093 4 4 8 8 8 8 8 8 4 4 0 6 9
10288 4
10289 0 0
10290 8 4
2101 0 9
2104 2
10297 7 0
10299 0 0 9 9 6
2111 0 6
3083 2
2116 2
10309 0 9
10310 6 9
2119 3 2 9 0
2121 6
2122 0
10315 1
2125 0 0
2126 8 8
10319 6 4 1
10321 6
10323 0
10324 3 1
2133 3 3 3
2134 1 3 3
2135 6 6
2136 6 9 6
2137 2
2138 9 0 6 0
10331 4 6 2
8549 0
2144 9 9
10339 3 1
9616 6
10343 6 7 4 4
10344 6
2155 0
10350 2 9
2161 6 4
2162 2
2164 4 6
9918 0
10358 6 0 6
2167 3
72 2
2169 6 0 0
10362 9
2171 9 9 9 6 9 9
10364 6
2173 0 7 0
10366 1
2175 7 7
2176 0
10369 1 3 1
2178 0 0 9 0 0
2179 3 3 3
2181 2 0 4
10374 6
2183 6
10376 2
10377 2
9620 9
2188 6
10382 2 1
2192 8 4
2193 2 7 0 0 4 9
10386 0 9 0 0 0
2195 9
2196 6 6
2198 9
10391 3
2201 6
10394 0 6 4
2203 3 1
10396 4 6
2206 9
2208 3 8
10401 6
2215 0 4
10408 0
10410 6 6
2220 7 6 6
2221 0
2223 4 0
10416 6 0
10417 3 4 2 4 7
10418 4 4
10419 0
2228 0
10421 6 4 4
9929 6 8 8 6 0 6 7 6
2232 4 4
8564 0
2234 0 0
9467 6 2
2236 9
2237 0
10430 3 3 3 1 3
9931 6 6 4 4
10437 1 3 3 3
10438 6
10439 2 4 4 4 8 8 4
2249 3 9 9 2 4
10443 1
2252 2 0 4 6
2253 3
2256 4
376 0
10450 0
2259 9
10453 6 9
2262 3 1
2263 6
2264 2 3 1 2
2266 9
10459 2 1 4 6 6 6 6
10460 1 1 3
10461 0
2270 0 0
2271 3 3 3 3 3
10464 3 4 4 4 6 1
2273 1
2275 1 2 3
2277 9 9
10470 4 1 3
5841 4 4 6 0
10472 1 2
10473 2
10474 2
9896 9
10476 3 3
2285 9 9 6
10478 0 6
10479 6 4 4
10480 2
2290 2
10485 1 3 3 3
10486 6
2296 6
10490 3
8575 3
2301 9
10494 7
2303 4 4 3
2304 6 6
2305 0
2306 0
10500 4 2
10501 6 6 6 6
10502 9
10503 4
10504 3
2313 6
10507 0
10509 1 1
10510 6 4 0 2
10511 0
10513 8 0
2322 4
10515 7 2 4 2 1 4 4 4
2325 0 0 9
10518 0 4 4 0 0
10519 6 0
10520 2
10521 8 8
2331 4
2332 1
2334 4
2337 6
2338 0 7 0
2340 6 8 6
2341 2 6 4
10535 6 6 0
10536 2
2345 7
2346 0 0
10539 1
10540 9 9 6 0 6
2350 4 0 9
9949 1 3
2352 4 0
2353 4 2
2354 0 0
10547 4 8 8 8
10548 2 4
10550 4
4489 1 3
10552 0
10553 3
10554 9
9951 9 9
10556 0
2365 0
2366 0 4
2367 1 1
2369 9 0 0
2372 8 8 4 4 4 3 2
2373 1 1
10567 2
2376 0
2377 1
10571 0 0 6 2
2380 9
2381 1 3
2382 7 1
2383 0
2385 6
2386 4 2
2387 0 9
2388 6
2389 4 2
2391 9
2393 0
2397 3
2400 4
10596 6 0
10599 2
10600 7
2409 6 0
2411 6 6
2412 9 9
10605 2
2414 7 4 2
2415 0 9 6
10609 6 0
10611 4
2420 4 6
2421 4
2423 4 1 3 1 2 6 7 1
10617 0 0 0
2426 0
10619 4
507 6
10621 6 0
998 9 0 9 3
405 4 8 8 4 0 9
10626 0
2435 2
10628 6 7
2536 6 2 4
2439 0 9 4 2
2440 1 2
407 7 0 7
10636 2
2447 0
10640 2
10643 9
2452 3 3 3 3 3
9966 7
10646 9 2
10647 0
10649 6
2458 3 1 3 3 3 3 3
10651 0 0 0
2462 2 2
2463 3
1173 2 7
2465 9
2466 6 0
2467 0
2468 8 3 3 6
2471 0
10666 2
2475 0 6 0 0 0 4
2476 0
2479 3 3 1 3
2480 0
2484 4 1
10677 9 0
10679 4
4720 7 6
2491 3 1 3
10685 7
2494 6 9
416 8 8 8 8 3 3 3 1 3 3 8
2500 3 2
1782 1 3 3 4 3 1
10694 6
10696 6 0
2507 2
2508 0
418 0
2511 8
2512 3
10706 3 1 3 4 4 4
2515 0 2
10708 0 2
10709 0 7 6 6
2518 4 9 4 9 6
10711 6
2520 6 6
2521 6 6 9 0
2522 1
10716 1 0
2526 9 6 6
10719 0
2528 2
10721 4 4 6 6 3 1
1787 6 8 8 8 8
10726 4
10728 1
1721 2
2538 6
2539 0
2540 4
10734 3 3
10735 2 9
2546 1 2 3
10739 9
2548 1 3
10741 3 3
2550 1 3 3 1 2
2551 2 3
10745 6 1
10746 0 4
10748 9
10749 2 2
10750 1 1 3
10752 1
2562 6 0 0 0
2563 0 0 4
10757 4
10758 3 3
10759 2 0
2568 0 0 4
10764 9 2 6 2
10765 1 1 3
10767 2 3 1 1 3
10768 0
10769 1
10770 2
2579 0
2581 4
10776 6 6
2585 0 2 0
2587 0 6
2589 0 9 6
10782 0
10783 2
10785 0 2
2594 6 4
10787 0 9 0
10788 9
2597 1
10791 1
10793 2
10794 9
2605 1 2
2606 6
2608 8 8
10801 6
10803 0
2612 0
2613 6
10806 4 6 0
2615 1
2616 2 2 3 1 3
2542 9
87 9 9 9 9 9
10811 6 9 9
2621 3 3 1 1 3
2627 3
2628 2
2629 2
10822 2
7265 8 8 8 8 4 6
2633 6
2634 1 1 2
2635 6
2636 0 2 0
10830 0
9997 6
9998 2 1
2646 2 1 2 1
10839 4 2
10840 9 9 0 7
10841 9 6 2
1452 0
10844 3
10845 9
2654 0 0
2656 6 6
2657 8 6
2658 3 1
2659 0 0 7
2660 2 2 7
2661 2
10854 3 3
1809 6
2665 4
10858 3 1
2667 6 6 6
10860 3 3 1
10861 9 9 9
10862 4
10863 0
2673 6 6 2 6
2674 3 3
10868 1 9 9
10869 9 9 4 6 4
10870 3 3 1
2679 6 4
2682 9
2683 2
2684 2 9
362 7 0 6 4
10879 7 6
2688 2
2690 4
2692 6
2693 3 2 0 0
2694 9 0 2 9
2695 1 2 2 2 4 3 1 3 1 1 1 9
10888 3
10889 0
2698 2
10892 8 8 8 8 8
2701 3 4
2703 1 1
2704 0
10897 6
2706 0
2707 3
2708 6
2709 1 3 1 2 7
1817 4 2
2712 0
2713 6
10906 6 4
2716 3 8
2717 1
2719 0 2
10912 3 1 3 3
2722 4
10915 0
2724 3
2726 4
10920 2 0 2
2732 6 7 2
10925 9 9
2734 2 6 8
10927 6 0 6
8787 3
2738 6 4
10931 9 4 0 0
2740 9 9 0
2741 6
2742 4 0
10935 9
2744 6 4
10937 6
2746 3 3
2747 2
2748 3 3
10944 2 9 6 9 6
2753 9 9 6
10946 3
10947 4
10948 6 6 6 0
10949 2
2758 0
11003 9
2761 0
2762 9 9 0 9 6 0
10956 6
2766 3 3 3 3 3 3 3 8
8653 0
10960 4 6 4 8
10962 9 0 4 4
2772 2 0
10965 1 3 3 1
10966 0 0 9
10968 3
2778 0 2 2
10971 0
2780 9
10973 2 4 0
10974 9 6
10978 1
2787 4 3 2 3
10980 7
560 9
2791 6 0 0 2 4 4
10984 9
10985 6 0
2795 6 6 0 2 6 6 6 9 6 9 9 6
10990 0
10991 6 9
2800 6
10884 6
10998 2
2807 4
11001 0
2810 2 4
2811 4
11004 7 0 0 0
2813 1
11006 0
2815 1 3 1 1 1
2816 6 6 6 0 9
2817 0
2818 0 0
2820 3 1
11015 2 3 3 1 2
2824 9
2826 0 6 6
11019 0 9
2828 4 0 4 0 6 0 9
2829 7
2830 9 0
2831 4
2832 9 0
11025 4
2834 9
11027 0
11028 2
2838 4
8665 9
11033 3
2842 2
11035 0 6
11036 6
11038 1 1 1
11039 3 3 3 3
11040 2 9
11041 2 4 4
11043 1 1
11044 7
11045 3 1
2854 6
2855 4
2857 2
11050 6 7
10188 4
11053 6 3 0
2862 0 6
11056 9
2865 9 9
11060 8 8 4 4 1 4 2
478 4 6
2870 0 4
2871 2 1
11064 9 0 2 2 1
2873 6 6
2874 4 6
2875 6
11068 6 6 6
2877 6
2878 3 3
2879 1
11072 6
11073 2
11076 4
11080 1 3 3
11082 6 9
2891 1 3 3 3 3 3 3
2893 6 4 4 4
11088 0
11090 6 9
2899 6 4
11092 0 0
11094 7 9 0 6 6
2904 6
11097 4 0
11101 9
2910 0 6 9
11104 3 9 4 6 6 2 6
11106 4 2 3 7
11107 2 4 4 4 1 3 3 1 3 3 3 1 4 1 4
11109 1
11110 3 3 3
2919 2 0 0 6
11112 1
11113 1 1
11115 0
2924 0 6
11117 1 8 8 8 8 8 3 1 1
11119 4 7 4 6
2928 6 9 7 6 0
11121 1 3
11122 0 6
2931 3 3
11125 6 9 2
2934 3 1 3 3
2935 2 1 1 3 1
11128 3 3 3
2937 0
11130 7 4
11132 4
8682 8
2943 0
2944 0 9
1856 7
11138 4 2
2948 3
11143 0
11144 9
2954 1
2955 2
11148 0 0
2957 3 3 1
2958 1
11152 2
2965 9 6 6
11158 3
2968 2
2969 2
11162 4
2971 1
2973 6 9
11167 9
2976 6 4 6
2978 3 3 3
11171 9 1 9
2981 7
11174 2
11178 2
2989 1 1
11182 3 3
2992 0
2994 2
11187 9 9
2996 2 6 6
11190 9
10057 1 1
11192 3
2282 9
3002 1 2
3003 0 0
3004 4
3006 6 6 7 9
3009 3
1867 0 2 7
3013 2
503 1 3 1 1 2
3020 9 2
3022 7 2
3027 9 6
3028 7
3029 6
3034 1 4 3
3035 3 1 1 2
3036 0
3042 4
3043 2
3044 6
3045 9
3046 0 2
8700 6 6 4 9 9
1874 1
10435 9
3058 6 8 4 6
3059 6
3060 6
3062 1
3063 4 6
10068 4
3066 2
3067 6 6
3068 3
3069 6 6
3072 9 0 0 0
3076 4
3078 0
8705 0
3080 9 6
11069 0 2
1879 9 7
3089 3
3090 9
3091 3 3 3
3093 6
3097 2
3099 9
3101 9
3102 6
3104 0
3106 2 4 2 4
3107 1 1
3109 1 2 0 6
3110 9 9 0
3112 0
10742 2
3114 9 7 0 6 4 2
3116 0 7
3118 6
3119 3 2 3 3 1
3120 0
520 1
3126 0 4 8
8713 6 6 6 0 9 0
3129 6
3130 0 9 6 0
3132 0
3133 2 0 0
377 0 2 0
3137 1 1
3143 8
3145 6 0 4
3147 6
3148 6 6 6 7 0
2287 2
3155 6
3156 2
3161 4 4
3162 1
3170 2 0 0
3171 0 4 2
3172 6 0 4 3 1 2 2
5990 3
3175 0
3179 3 1
3180 9
3181 2
3184 0 6 6
8267 4
8723 6 9 9
3188 9 0 0
3189 9 9 9
8724 6 9
3196 1
3197 0
3201 1 0
3202 7
3204 6
3205 4 0 7 9
3208 2 4
3209 2
3211 1 3
3212 1 1 1 3 1
3213 2 0
3216 0 4
3222 4 0
3224 6 9
3227 6
3228 0
3231 7 7
3232 1
3233 0
539 6
3238 7 3 1 2
3239 6
9919 3 3
3242 7
3246 4
4637 4 6 6
3248 4 0
3252 0
3255 1
3257 4 0 7
3258 9 9 0
3259 0
9383 4
3262 3
3263 2
1910 1 2
3273 6 6
3276 4
3277 2
3278 0 8 8 3 3 2 2
3279 3 8 3 4 4
3280 4
3980 2 7
547 2
3285 2
3288 1
3290 0
3294 3 3
3297 1 6 4 0
3299 7
3300 6
3301 0 0
3302 2
3304 0 2 3 2
3306 0
3308 4 6 6 6 6
3309 0 0
3310 0
3312 2 9
8744 3
3315 6 0
3316 7
3319 1
3320 1
3321 6
3323 9
3326 1 1 3 1
3327 6 0 0
11022 9
3331 9
3337 7 7
3339 2 2
3340 0 6 0 0 6 1 0
3342 1
3343 7 2 0
3344 0 7 2 0 4 2 7
3346 7
3347 1 1
3349 3 1
3353 4 4 4 8 8 8 4 7 4
3354 9 6 4
2021 0 0
3356 3
8279 4
3361 1 0
3365 0
3371 0
562 2
3379 9 2
3380 6 6
3381 1 0 6 0 9
3384 4
3386 9
3388 7 7
3389 0
565 0 6
3393 0 0
3400 6
3403 0
3404 7
3406 9
10125 4 4
3408 9
3409 7 7
3411 1 2
3413 9
3414 9
3417 7 4
3421 4 0
3426 4 4
3427 3 1 1 4 3 2 1
3429 2
3431 2
3433 0 0
9116 3 1 1 3 1
3435 3
8765 1
3440 2
3441 0 4
3444 0
3445 9 9 6 6
3447 3 2 1 1
3449 0
3450 2 1 3 3
8306 2
3455 9 9
3456 4
3461 0 0
9117 2 1
3466 0
1943 4 8 3 3 1
3468 9
3469 8 4 8 8
3472 9
10754 0 0 2
3477 6
3480 3 3
8772 9 0 4 9 4
3484 3 3 1 1 2
3486 3 1
3488 6
3491 1 1
3493 0
3494 1 1
3498 1
8775 3 3
3502 3 3
3507 7
3511 0
3513 6
3514 9 4
3515 9
296 0 9
2572 2 4 4
3520 0 2 6 8 4 8 8
3524 0
3525 4
3526 1
588 6 0 9 6 7
3533 2 1 1
8781 0
8425 7
3537 1
3540 1
3542 1
3543 6
1956 0
2573 1 2
3552 7
3554 6 0
3556 2
8029 0 6
3559 9
3561 9 9
3564 6
3565 1
3567 3 3 3 3 3 3 3 3 1 3 2
3571 1 1 1 1 1 1
3572 6
3573 0 2
3578 6
3580 0
3584 1 4 0 1 4 2
3588 0
3591 0 6
3592 3 1
10156 6 8 8 8
3594 7 9
8303 0 0
3596 6 1 9 1
3597 0 7 6 9
3598 3 1
3601 0
3603 8 8 7
3604 4 7 1
3605 3 4
3606 3 3 2
8793 0
2575 2
3609 0 9 0
3611 1 2
3612 7
3613 4
3615 0 6 4
3616 9
3617 6
3619 6
3622 0
3624 6 4
3625 0
3629 9 4 7
3630 2
3635 0
3637 4 2
3638 6
3640 2 6
3641 3 1
3643 3 9
2849 4 0
3647 9 9 9
3652 6 9
10760 6
3656 9
3658 0
3659 6 0
3660 1
3670 0
3671 2 4
3678 4
3685 6 4 4
3690 0
3691 9 9
8579 6 9
3694 9
3695 3 7
3696 4
616 9 0
3699 0 0 4
3700 0
10216 3 1
3702 0 4
3703 4 6 6 7
3705 6 6
3706 6 6
3708 0 2
3710 2 2
7445 7
3712 4 0
3717 6
3719 8
3721 0
3724 0
3725 2
3726 1 1 0 0
3730 3 2
3731 8 8 4
3736 1 3 1 2 2 3
3740 4 0 6 6 4
3741 3
3742 9
3745 3
3746 0 4
2809 2 0
10182 4
3753 8
3754 4
3757 1
3758 9
125 4
3762 0 9 0
627 3 3
3765 2
3768 1
3769 3
3770 6 4
3771 0 4
10186 6 9
3774 3 3 1
3775 6
3776 9
3777 7
3778 2
3783 6 9
3785 2
631 3
3788 3 3 1 1 1 3
3792 4 6
3796 4
3800 0
3802 2 0
10191 2
3808 2
10192 6 1 2
3810 1
3811 0 0 0 0
3812 0 0
3813 1
3814 3 3 3 3 3
3817 6
3819 9
3820 0 2
3821 2 2
3825 7 9 4 4 0
3826 0 2 4
3829 6
3832 9
3833 4 2
3836 1
3837 6 6
3838 8 4
3839 1 3 3 3 3
3840 0
8584 2 0
3844 8 8 3 8 8
3846 6
8833 1
3848 0
3850 1
3851 0
8809 3 3
3853 2 0
3854 1
401 0
3858 9
3861 3
3862 6 9 0
5777 0 0
3869 2
645 1 1
646 4 8 6 8
3878 2 1 3 1
3880 6 4
3881 1 1 6
3882 2 6
3885 0
3887 7 0 0
3889 0 0
3891 4
10206 9
3898 2 3
3902 1
3903 2 3 2
3904 0
3907 7
3908 0
3909 9 6 6
3914 4
3919 0 0
3920 0
3922 3
3923 6 6
3925 9 7
3929 6 9 9
3931 0 0
3933 3 3 3 3 1 3 3 3 3 3 3 2 3 1 3
3934 0 9 9 0 9 9 7
3935 2 1 2
1222 9
3940 4 0
3942 2
3943 0
3947 0 0
3948 3
3949 4
5587 1
3951 6
3953 9 9
3954 2
3957 6 9
3958 2
3391 1 4 6
3967 3
3968 4 8 8
3970 2
10225 2
1172 1 4 3
3982 0 0 4
3983 2 9 6 4
2042 2
10222 2
3994 9 0 4
2031 0 0 0
3998 7 9
3999 4 4
4000 0 0 0
4003 0 6
4005 0 9 3 6 6
4007 9 0 0
4011 1 1
4018 4 0 6
4021 1
4022 9
4026 0 6
4030 6
4031 2 0 6 6 6 9
4032 9 9
4034 4
2038 3
4038 1 1
4042 2
4043 9
4044 0 9 9
4045 6 9 7
4046 6 0
4047 2 1 3 3 2 1 3 3 3 1
4049 4
4052 2
4053 4 8
4054 0
9955 9 9
4056 9 0
4058 1
3407 3 1
9498 4
4065 0 7 9
4066 0 4
4067 1
4070 0
4071 0
8871 1
4079 0 0
4083 4
4084 2
4085 8 8
4086 0 9
4087 3
4090 1
4096 3 1
4097 1 1
4099 7 2 0
4100 0
4101 0
4103 3 2 6
4105 0 1
4107 1
4108 4 8 3 3
2050 3 3 1
4114 1
4116 0 9
4117 3
4118 6
8879 6 4
4125 4
4126 9
4128 1
4129 1 3 1 1 1
4131 6
4132 8 4 2 9
4133 0
4135 0 9
4136 0
4141 1 3 3 3
4144 4 6
4145 3
4151 6 8 4
4152 6
4154 3 3 2
4155 2
4157 1 3 3
4160 6
4162 6 2 6
4163 4 4 1 4 2
4164 6
4165 3
4166 2
4167 0 9
4168 9
4169 2 7 0
4171 0
4172 1
4173 7 6 2 9
4175 0
4179 2 0 0 9
4181 6
4182 6 6 6 2
4183 0 4
4186 0 6
4187 6 9 9
4188 3
4191 0 0 4
4192 4
4194 9 2
4196 6
4197 4 2 6
4200 1
700 2 4
4204 9 6
8893 6 0
4210 0 2
4211 9 0 6
4212 6 7 7
4215 4 9 4 1 2
4218 4
4219 3
10779 4
4231 0
4233 1 3 3 3 3 3
4234 0
4236 1
4239 7 6
4241 2
4244 6
2869 2 6
4247 0
4248 6 2 2
4249 0 9 9 0 0
4251 0
4253 6
709 9 0
4257 6
4263 6
10268 6
4267 2
4270 3 3
4274 1
415 9 4
4277 0
4278 6
4279 9
4281 3 3
9417 6 6
4287 0
4288 2
4289 9
4291 2
4295 9 4
4298 7
4300 0 0
4305 2 3
4306 9
1780 3 3
4312 1
4313 3
4316 3
4318 2
4319 6 8
4320 8
4321 0 9
4322 4 2 0
4323 3 3
4325 6
4326 9 6
4328 9 0 6
4330 0 0 0
10237 3 1 3
4332 8 6
4333 0
4335 3
4338 2
4339 2
4343 0
4344 2 0 2
4347 0 0 0
4349 9 0
4354 0 9 0 9 2
2091 6 6 9
4358 4
4359 1 3
4368 0 2
4370 6
4371 0
4372 3 3 3 3 3
4373 2 6 6 9 6
4374 4 1 4 4 4
4377 6 0
4378 7 7
4379 6 0
11057 9 0 0 9 2
4385 7 0 0 0
4387 9
4390 3
4391 9 6 9 0
4392 1 1 3
4393 6
8926 1 3
4406 3
4407 9
4408 6 9 6 6 0 0
4411 1 1 8 8 4
4413 9 9 9
4414 3 3
4415 2 4
4419 6
4421 6 0 6 4
4422 9
4423 0
4424 9 0
4428 2
10786 6
4436 1 4 4
4437 0
4439 0 4
4442 2 0
4443 6
4444 0
4447 0 0 0
4452 1 3 3
4453 7 9
4454 0
4455 3 3 3 3 3 1
4457 2 9 6 2 4 4 0 6 4
744 6 0
4466 3
8937 3 3 3
4473 9
4478 0 9
4479 0
4480 1
4482 3 3
4486 0 2 1
748 0 7
4491 1 3
4493 4 8
4494 2
4496 2 4
4499 0 9
4500 6 9 9
11061 0 9 9
4503 9 2
10308 0
4506 1 3 1 3
4507 1
4508 0
4510 1 3 2
4515 4 8
4517 2 1
4522 6 4
4523 0
4524 9 9 6
10789 9 1
2060 6 6 8
4528 0
4529 4 0 0 9 6 4 9
4530 6
4532 1
4534 4
4537 0
8880 0
4540 0
4541 6 4 2
4542 9
4545 0 0
4561 6
1243 4
4567 9 0 6 6
4569 2
4571 0
4573 0
4574 0 2 9 4 4
4575 9
4579 3 3 2
4580 0 0
4581 9 0 2 0
4583 0
4586 6
4588 9
4589 6
4591 1 3 3 3 3 4
4593 7
766 0 4 4 4 0
4600 7 4 4
4601 8 6 2
4602 9 9 0
4603 6 6 0 4 6 6 6
4605 0
2881 4
4607 6 6
4608 1
4611 0
11160 6
4617 1 1
4618 4 4
10327 2
4620 9 6 1
4621 9
4623 0 9
4628 6 6
4629 0 0 0 9
4630 2
10329 4
4633 0 4
9578 6
10330 1
4638 6
4640 3
4642 1
4645 1 3
4646 6
10945 7
4653 6
4655 3
4657 9
4658 0
4662 0 4 6
4663 9 9
4665 6
4666 9 9 6 4 4 6
4668 6
4669 2
4670 3
4671 9 4 6 0
4672 0
4673 6 0 6 8 1
4674 3
4676 6 9 0 6
4678 0
4680 6
4681 3 4 1 3 1 1 3 3 1
4682 0
4687 1
4688 7 7 7 0
4695 0 0 0
4698 1 3 3 3
4700 3
4702 7 4 0
4704 6 4 4
4707 2 6
4708 1
4710 0
4712 0
4713 3
10015 7
4716 0 9
4718 6 0
157 1
4721 6 6
4722 1 0 2
3518 9
4728 1
4729 9
4730 6
4732 1 4 0
4733 9 0 9
4734 9 6
4735 6 0
8341 6
4737 2 0 0 0
4738 1 3 3 2
4740 0 0
4741 0
4744 7 4
4746 4
791 6
6253 4
4754 3
4756 4
4763 9 9 0 9 7
4765 2
4766 3 3
4769 2
4770 4
10353 2 1 2 3
4777 0
4783 0 0
4784 7
4795 0
4796 9 9
2165 0
11071 6
4804 9
4806 1
4808 4
4809 9 6
4810 7
4811 6
10253 4 8 8
4815 4 6 6
4819 6 6
4822 8
10361 0
4828 0 0
805 6
4832 9 0
2343 9 6
4835 1 1 3 1 1 1
4838 2 3 1
4839 2
4841 4 2 2
4842 4 4
8999 1
4844 6 0 9 2
6708 9
4849 2
4850 4 4 4 2 2
4851 9 7
4853 9 0 7
4856 9 0 0 9 2
4858 1 1
4860 0
4861 9
4862 0
4863 1 1 3
9003 6
4872 3 1 1
9004 0
4876 1
4878 0 6 0 6 6 0
4879 3 3
4881 0 4
4883 0
4888 3
4889 3 3 3 3 3
4890 1
4892 9 9
4893 0 0
4895 1
4896 0 6 7 9 7 7
4898 1
4899 9
4900 6 6
4901 1
4905 0
4909 4 6 6
4910 2
4913 6
4914 4 8 8 4 8
4917 9
359 2 3
4922 9 0
4923 9
4928 2
4929 2 2 2 4 2
4930 9
6283 2
822 1 4
4938 6 6
4939 9 0
4941 9 0
10720 9
4945 0
4947 6 8
4948 3
8471 4 4
4952 6
4954 9 0 0 6
4955 8 8
4958 0 2
4962 3 3
4966 8
4969 1
8076 7 9 0
4974 8 6 6 6
829 2
4978 8 8 8 9
4979 9 0 9
984 3
4983 2 8 1 1 3 3
10388 2 1 1 3 2 1 3 2
831 2
4988 0
4989 1
4991 0 4
4995 6
4998 6 6 6
6295 6 6
5004 4 0
5006 1 3 1 3
5008 1 6
5011 0 9
5012 2 0
5013 6 6
5014 9 9 9 0 9 7
5015 9 9
5021 0
4933 9
5025 2 1 4 2
5027 1
5028 8 8 8 8 4 4
5030 9 6
5032 6 4
5035 9 0
5036 1 4
5042 0
5043 0
5044 3 3 3 3
10398 0
9033 6 4
5049 6
8897 0 4
5054 0
5056 0
10400 4 2
5061 0
5067 6
5068 6 6 3 3 7
5069 2
5070 6
5071 7
5073 9
5074 1 2 1
5076 8
5080 1
9039 2 0
5084 4 6
5090 1
5091 3 3 3 2 1
5092 4 2 2
5094 2 9 2
5095 9
5097 1 1
10407 9 0 9
5101 4 4 4 6
2216 0 0
9990 7
5110 0 6
5111 2
5112 7 0
852 2
5114 8 4
7679 2
5116 2
5117 4 2
4949 0
5120 1
5121 0
5122 4
5125 9
5127 7 1
10412 3 3 1
5130 2
5131 9 9
5134 9 1 2
10413 6 2 4 4
5136 9 6
5138 4
5142 6 9
5143 9
5145 9 6
5149 6 6 6
5151 0 6 0
9636 1 2
5157 0 4 4
5159 9 6 9
5160 6 9 9
5162 4
7687 6 0
5164 3 3
5168 0
9054 6 6
5174 8 8
5178 6
5179 2
5184 0
5187 3 1 3 1
5188 2 4
5189 8 2 8
5194 2
5195 4 8 8 4
5199 0 0 0
5200 4
5202 3
5204 3
5205 1
5206 0 9 6
5209 6 9
5211 0 9
10426 9
5215 9 6 6 9 6 9 6
5217 1 0
5218 9 0 4
5219 1 3 1 2 1 2 2
10477 3 3
2356 3
5224 6 4 4
5226 7
871 0
5228 1
5233 3 1 3 3 3
5234 4 4
5235 9 9 6
5236 2 0
5238 3 1 3 1 3
5240 9 6
5241 2 6 4 6 6 0
5242 6 0
5243 9
5244 7 3
5245 6 6
5249 9 9
5250 1 3
5251 0 0
5252 0 7
8631 3 2
5263 0 4
3608 0
5266 9
2243 4
5269 3
5270 9
5272 9
5275 9
8359 0
5278 7
5279 9
5280 2 7
5291 2
3995 1
5294 9 6 0 9 2 0
5296 9
5297 2 2 1 9 6
5298 2 4 8
5300 1 1 3
5302 7
9451 9
5305 2 7 7 6 0 9
5307 1
5308 6
5309 1
5310 4 2 4
5314 6
5316 4
5317 0
5320 3 1
10444 1
5322 9 6
5326 2 0 2
5327 3
5329 9 1
5333 4 6 4 4
5338 1
996 2
5344 4
5347 9 1
5348 9 6
8907 4 0 2 0
5351 0 9 0 6
2258 0
5358 2
5359 9
5362 7 0 8
5363 0 4
5367 9
5368 7
5372 0
5374 3 3
5377 1
5382 9 9 9
10455 7 6 2 0 4
5388 0
5390 0 9
10456 4 6
5396 3 3 3 3
5397 0 4
5398 1
5401 9 0 9 0
5404 3
5407 3 1 1
5410 0 0 9 9 0 0
5411 1
5415 1
5417 3
5419 2
5422 0
1854 9
5424 1
5429 7 9 2
9097 9 0 0 9 0
5432 3
5433 4 0 4 8
5434 6
5439 4
5440 9 6 6 9
5443 0
5444 6
908 6 2 1 2
5450 4
5451 9
5457 1
5458 0 0 0 0 0
5461 1
5463 1 8
5464 6 6
5465 0 6 4 0
5466 2 3 1 3
5468 0 6
5469 9
5474 2
5475 9 0 9 0 4 0
2278 0 2 6
5478 4 1 1
5484 1 3 1 3 3 3 3
5486 9 0 2
5487 2 0
5488 6 9 9
5489 9
5491 2
5492 9 9
5494 9
5495 9
5500 8
5501 6 0 0 6 4 6
10276 1 3 3 3 3 3
2283 2
5509 1
5513 1 1
5514 4 8 6 0
7746 6
5518 6
5519 6 0 2
5520 0 6
29 3 1
5523 3 3 3 3 3 1
2286 0 6
9113 0 9 0
5528 0
5531 0
5533 9
5534 0 9
5537 6
923 1 3
5541 3 3
5542 1 1
5545 6 6
5548 0 0 0 7 0
5550 8 8
5551 0 2 7
5552 2 4 7
5556 1
5557 3
5558 9
5561 1 3
5563 6
5564 7
5566 6 0
5568 6 0 6
5569 9 9 0 9 9
5572 0
5574 3
5575 1
5577 4 0 9
5578 3 1
5583 2 2
5584 9 0 2 0 9
5585 0
10006 2
7551 6 9
5588 1 3 3
5590 7
5591 9 9
5593 4 6 6
5594 3 3
5595 9 4 4 8
5598 2 4 9
5602 2 3 3
10491 4 7 0
5604 9
5607 4 1
5608 6 2
5609 4 8 8 8 8 6 4
5613 0 0 2
5614 7
5620 6 2
5627 4
5629 0 0
5632 0
5634 3 6
5636 4
5637 9 6 6 0 9
5641 6
941 4
5649 9 7
5651 2
5653 9
5654 6 4 9 6
5656 4 1 0 4 2 3 2 4 0 2
9135 1 3
5662 3 3
2309 0
5665 0
10827 6
5668 2
5671 7
5674 1 1 1
9138 4 0
5680 0 0 0
5682 2 2
9139 6 0
5685 0
5688 0
5690 3
5691 6 9 9 0 6 2 1 4
5692 3 2
5696 4
5699 2
5700 1
5701 9 6 0
5702 9
5703 2 2
10010 2 3
5047 6
5710 7
6413 9 6 9 9 6 4 4 6 6 6
5712 4 8 8 8 8 8 4 4 3 8
5715 2
5720 6
5723 0 9 9 9
5731 9 6
11102 8 8 4 0
5733 1 3 2 1
5735 0 9 9
5738 6 6
5739 7
5740 0
5742 4
5743 6 7 0 8 4
5744 3
5751 9
5755 1 2
5756 9 1
5760 2 3
5761 9 2
5763 1
5764 3 3 1
5765 3 2 1
5766 4
5767 4 4 4 4 0
5768 2
5770 3 3
5772 0
962 1
5774 6 0
5775 0
5776 8 4 4 8 4 4
2920 6
5779 1 3 3 1 1 3 3 3 1
5783 4 0 9
5785 2 3
5786 1
5792 6
5793 0
5794 0
5798 3
5800 0 7 0
5804 2
5806 4 6 6 0 6
5807 0
5808 4
5811 7 0 1
5813 3 1 1
5815 6 0
5819 9
3467 0 0 1 1 9 4
5823 2 0
5825 7 0
5829 0 0
5830 3
5831 9
5836 0 6
5837 4
9165 9
7800 9
6435 0
974 2
5846 1
907 1 1 3 3 2 2
5852 9 7 6 6 9 6 0 4 4
5856 6 2
5860 1
5862 4
5865 2
5867 8 8 8
5868 7 4 6
5870 0
5871 6
5873 7 4
5874 3 3 3 1 0
5875 7
5877 6
10537 6 6 6 8 6 0 0 6 8 4 8 4 0
9743 4 7 2
5883 9 3
5884 0
10538 6 4 6
5887 0 9
5890 0 0
5893 4
5894 2
5895 8 8 3 6 6
5902 0
5905 3 1
5907 3 3 1 3
5909 1
5914 0 6
5917 6
5920 0
5922 0 0
5923 9
5927 2
5928 6 9
5930 7 4
5934 9
5937 0
5940 9
5941 9
5943 1 1 1 3 3 1 3 1 1
5945 4 6
94 0
5950 0 0
5951 2
5952 9
5956 2 1
9200 0 7 1
471 2
5959 6
5960 0 0
5961 0 0
5962 0 0
5964 7 4
5966 9 4
5968 1
5971 3 3
5973 1
5977 1
5978 0
5985 4 9
5986 0 6 2 7
5988 2 9
5989 9 7
10565 6 6
5991 0
5992 7 0
2364 9 2
5994 3
5998 4 0 0
6000 6 4 4
10558 0
6006 6 6
1001 4 6
6011 3
1002 0 4 4
6017 9
6018 4 2
5099 9
6021 0
10561 2 6 3
6024 2
6026 0 9
6027 1 1 3 3
6029 9 9
6032 1 2
6033 0
6034 9 0
6035 2
6036 0
6037 1 1
6039 2
6040 9 4 0 9 0 6
1007 1
6046 0 6
6047 1
6049 6 0
6051 1 1
6053 6 0
6057 0 9
6061 6
8966 1
6065 0 0 9 6 4
6066 1 1
6067 2 2 0
6074 6 2
6077 0
6078 2
1013 4 0 4
695 6
488 1 0 0
6085 2
6127 6
6089 1 3
6094 3 3
10573 9
6097 8 8 8 8 8 4
6099 7
6103 0
6104 9 4
6105 6 0
10575 9
9210 4 4
6110 6
6113 1
6117 3
10577 6 9 0 6
6123 0 6
6124 4
10578 2 4
1972 3 1 1 4
9213 3 2 1
6129 0 7 2 4
6134 1 1
6136 4 1
6138 0 0 0 3 3
1023 9 2
6141 1 3
6142 2
10581 9
6146 6 0 0
6594 6
6150 9 9 0
6151 8 8 6
6152 0
6153 0
6154 2 1
6155 9 6 0 0
6156 6
1026 2
6158 9 6
6159 6
6161 6 4 4 2 4
6162 1
6163 1
6167 8 4 8 8 4
1028 1
6170 6
6171 6 6
6172 9 2 9 2
9221 0
6179 9 0 0 4 9
6180 6 6 6 6
6181 2 8 8 8 8 8 8
6182 2 0
6184 0 2
6187 2
6189 7
6191 0 4 0
6192 6 6 9
6194 9 0
6195 0
6198 0
1033 3
11116 6 6 9
6201 0
6202 0
6203 3 4
6209 2
6210 0 6
6213 0
6215 6
6216 4
6217 7
6218 9 0
6220 3
6224 6 4
6225 0 0
6232 1
6235 7
6237 9 9
6239 1
6240 3 3
9610 7
6243 4
6244 2
6246 2
2663 4
6252 2
1042 4 4
6255 0
6257 4
6258 4
6259 3 3
6260 3
6262 9 2
6263 1 2
6267 6
6268 3
6273 9 1
6274 4 6 9 4 9
6276 7 7 0
9238 9
6278 2
6282 4 3 3
9239 0
6284 0 2
6285 9
1049 0
6296 2 4 6 6 2 0
6299 2 0
6915 3
210 2
6313 6 0
151 4 7 4
6319 0
6321 1 1 1
6322 4
6323 2 3 3 1
6324 0
6325 1 3 3 1 3 3 1
6327 4 6 9 6 6 6 6
1055 6
6333 0
6334 9
6336 6
6337 3
6341 3
9249 2
6346 1
6349 9 4
6350 0 4 6 0
6351 3 3 1 3 1
6357 0 0 0
6358 2 2
6360 0
6361 2 0
6364 2 0 1 4
6368 2
11008 7 0 2
6370 8 8 4
6372 3
6373 4 0
6375 0
2940 4 9 6 6
6378 1
6379 0 7 0
6381 6 4
6383 0 6 4
6386 0 4 6 4 0
6387 7 6
6388 4 4 7
6389 4
6390 4 0
6392 3 3
6394 0 4 0 2
6396 3 1
6397 1
6398 4
6400 7
6401 3 3
6403 6 6 9 0 0 0
6404 6
6412 1
2434 0 8 8
6414 9
6417 4
10627 2
6420 6 2
6421 0 0 0
6422 0 7
6428 0
6429 3 1
6430 7 7 7
10629 2
6432 2 2
10572 3 1 3 3
6438 6 6
6439 2
6440 6
6444 6
6447 9
6448 3
6459 1
9269 2
9403 9 9 6 6 6
6466 0
10635 0 7
6469 1
6470 0
6473 6
6475 0 6
6476 4 8 4 2
6479 1 1 1 1 1 3 1 3 1 1
6480 6
9272 2 1
6482 0
6483 2
6484 0
6488 9 6
6489 0 0
6490 9 1
6492 6
6495 0 8 4
2448 6 4
6498 0
6499 3
6500 4 0
6501 3
6503 2 4
6506 1 1
6507 0 6
6510 2
6511 9 9
6512 1 1 1 1 3
6513 0 2
2451 4
6516 2
1086 3 1
10644 0 4
6524 6 4 4
6525 2
6527 4 6
6529 9 4 1
4309 1
6531 2 1
8923 1
2454 9 0 6 6 9
6535 2
6536 1
6537 2
6538 3
6541 1
1091 2 0
6548 0 6 9 0 2
6549 0 0 0
6551 8
6552 4
7919 9 4
6557 7 2
6558 6
6561 2
6562 0 0
6563 0
1094 9
6569 2 1 3
6570 0
6573 2
6576 6
6578 6
6582 0
6584 6 2
6585 7
10655 1
10585 1
6591 1 3 3 1 2
6592 2
3893 6 6 6 6 9
9291 6
6598 7
6599 9 6 6 9
6600 1
9292 2 0 9 9 6
6602 2 4 0 4 0 0 6
6603 9 9 9
6607 4 3 3 3 7
6608 7 7 4 2 0
6610 6
6611 9 0
6615 8 8 8 4
6616 6 6 6 6
10660 0
6618 6 4 8 8 4 8 2 0
1103 3 1
6623 0
6624 6
6628 9
6629 2 8 8 4 8
6630 6
1105 0
6634 8 8 8 3 2 0 9
6635 3 1
6636 6 4
6638 4 6
6642 9 9
1107 2
6645 9
6648 3 3 3 3
6651 6 2 3 0 0
6652 3 3
6654 3
6655 1
6657 4 8 6
6658 2
10667 9
6660 0
6661 3 1 3 3
6662 7 6 4
6668 6
3842 7
6670 2 1
6671 0
6672 9
1112 9
6678 0
9305 0 6 7
6682 0 6 0
6683 0 6 6
6684 2 0
6686 3 4
6691 4
6693 0
6694 4 0
6698 9
5213 3
6704 6 9 6 4 4 6 6
6705 3 3
9225 7 6
6710 9
6711 3 3 1
10676 8 8 1
6714 9 2
2485 6 0 6 6
6720 3
11135 3
6724 3
6728 4
6731 9
6732 1 3 2
6734 0
6735 6 6
6736 9
6737 2
6738 0
6739 0
6742 8 0
6744 0 0 7
6747 9
6748 0 6 4 0
6750 6
6751 6 4
3856 3
11136 6
6756 4 9 0 9 9
6767 3 2
6769 0 0 0
6770 9
6772 7
6773 4
6777 8 4 4
6780 0
6781 0 7 4
6782 9 6 6 9
6783 1 1
11137 6
6786 3
6787 4
6790 6 6 6 9 0 0 0 0 4 6
2497 2
6796 4 4 2
6797 6 6
6798 3 1
6799 0 0
11120 3
6595 4
6804 0
10692 2
6810 0
9327 7
6813 3 0
10693 2
6817 6 6
6819 9 9
6820 9
6821 9 9
6829 0
6831 6 0
6835 4 6
6836 2
6837 0 0
6601 9
6842 9
6845 7 4 6
6846 9 0
6847 4
6848 0
6849 1 3
10699 4 4 8 8 8
6853 2 1
6855 9 9
6859 2
6860 9 6
6863 4
6865 2
6868 1
6869 1
6871 4
10703 7
6877 6 8
10704 9 0
6882 0
9339 7 0 0
6884 6
6885 9 0
6886 1
6888 2 2
6889 4 6
6892 4 4 7
2514 1
1149 8 8 8 8
6896 0
6899 0 1
9777 6
6902 3
6903 1
2516 8 8
6906 0
6910 0 0 9
6911 1 2
6914 1 1 3
1594 4 9
6918 4
6919 2
6920 2 0 4
6921 2 0
6922 4 0
2519 0
6924 0 6 4
10712 3
6930 9
6932 2
9600 3
6934 9
6935 7
6940 2 0 1 2 1
6941 4 7 9 6 1 1
6944 2 1
6947 6
1158 1 1
6951 0 0 6 9 4 6 0 0 6
6955 2
6956 3 3 3
6958 4
6960 1 1 3
6964 4
6969 6
6970 0
2527 3 3 3 1 4 9
6972 6 0
6973 6 4 6
6975 9
6976 2
6977 4 4
9355 1 1 1 1
6981 2
6982 1
2529 1
6984 0 2
6987 4
6988 4 6
6989 0
6990 9
6991 8 8 4
6992 6 9
6994 4 2
6995 9 7
6996 2 0 2 0 0
6999 0 7
7001 1 2
7002 7
7003 0
7005 1 6
7007 1
7016 3
10950 3
7018 6 6 9
7020 2 3
7021 0 0 0 4 0 0 6 6
7022 2 0
7023 6 6 9
7025 6
7027 7
7028 2 0
893 0
10729 2
11067 9
7033 6
7037 9 0
7039 0
7040 3
7047 1
7048 6 6 0 4 4
10732 4 6
8691 9
7056 4 0
7057 1
7061 9 0
7064 0
7065 3 1 3
1178 2
7070 9 6 9
10601 3
7072 2 4 6
7079 2 0
7082 6
7083 0 6 9 6 9
7085 3 3 3
7089 3 3 1 2
6643 1
7095 0 2
7096 0 2
7097 0 0
7101 9 6 2 0
2549 0
7104 3
1184 2
7107 4
7108 1 1
8420 9
7112 6 6
7113 6
10743 1
7116 4 6 8
7117 7 9
7118 8
7120 1 3
7122 6
1187 7
7126 9
7127 0 0
7130 1
7132 8 0
7135 3 1 1 2
1646 3 3
10876 0
7139 0 4
7144 3
7145 3 3 3 3 3 3 3 3 1
2557 4 4
1191 2
7148 0 9
7151 7 4 0
7152 0 2 2 1
7153 6 9
7155 0
7158 4
7159 4 9
7160 9
7161 4 3
7162 0
7163 3 1
7164 0
1194 3
7167 6
2560 0
7172 1
7174 8 6 2
7176 6 9
7181 3
1197 9 9
6659 3
9241 4
9390 0
7192 4 2 0 0 0
7195 0
304 0
7198 9
7207 0 4 4
7208 0
7213 3
7214 6
7215 9 9 6
7217 0
7218 6
7219 6
7221 3 1 3 3 3 3
7222 0
8395 0
7224 6 4
7225 0 0
7229 3 3 6
7230 4 0
7231 9
7233 3 3 1 1 8
7238 3
7240 9 9 9 0
7241 4
2696 0
7246 6 9 4
7247 9
7249 0 2
7251 0
7252 1
7259 6 6
7261 9
7262 6
2576 3 3 3 3 3 1 3 3
7266 3 1 3 3 1 8 3 3
1211 0
7270 0
6673 4 4
7272 9
7273 6 6
7274 3 3 3
7276 9 6
2578 2
10771 6
7284 2
7286 2
7287 0
7288 2
2152 3
7294 2
7301 4 4 4
7305 1 3 1 3 3 2
7307 2
1218 0
7311 2
7313 9 9 6
10777 0 6
7320 0
7322 9
7323 3
7326 1 3 3 1
7327 4
7328 2
7330 3 1 2 2
7331 9 9
7332 4 2
7333 3 1
7335 1
7336 0
7337 0
7340 0
10781 6 0 6 6
7344 6
1224 4 0
7351 3
7354 1
7355 3
7356 3 3
7357 3
7360 9 6
7361 2 2
7366 3 1 3
7368 6 9 6 6 4 2 6 0
1228 6 0
7371 8 4
7372 1 1
8396 4 2 0
7376 4 0
7378 3 1 3 3
7379 0 0 6
7381 6
7382 0
7386 4 0
7390 7
7391 7 0
7393 0 4
7394 2 2 0 0
7398 0 0
7401 9 9 7 9
7403 0 4
1234 6 4 4
7410 6
7414 1 1
2429 9 0 4
7418 1
7420 0
7423 1 1 1 1
7424 4 0
7425 3
7427 9
7433 6
7434 2
7440 4 0
10798 6 4 0 6
7447 3
7449 0 0
6703 0
7453 0
7455 2
7456 2
10800 3
7458 0 0
7459 7
7461 7 0 0
1885 9
7466 3 2 2 3 1 3 3 3 3 3 3 1 1 2 1 3
7470 6 0 4
7471 4 1 7 6 0
7474 1 2 6 0 0
7477 1
7478 9 0
7479 3 3
7481 9 8 0 4 0
7485 0
7487 4 9
7488 9 0
7489 0
7497 1 0
7499 0
7501 1
7502 0
7503 0 0
7506 0
7517 2
7518 4 0
7521 2 3
2619 4
7525 1
3985 4 0 6
7533 0
7535 4
8707 0
7537 4 4
7539 6 4 4 6 4 4 6 4
7542 6 0
7547 6
7548 3
7549 0
10143 6
3989 0 7 6 0 0
7555 4 4
7556 9 9 9
7559 6 0
7563 7
8708 3 0
7570 2 0 1
10819 3
7573 0
7579 6 0 0
7580 3 3 3 3 1 3 3 3 1 1
7581 1 1 1 1 1 3 2 1 1
10821 0
7584 4 0 0
7585 1
7587 6 9 0 2
7590 9
7593 6
7595 6 6
7597 1 1
7598 6 6
7601 1 4
7603 6 6 4
1617 9
7610 9 6
10826 7 8 8 8 8 2
7614 6
7616 6
7618 3 3
8437 0
7621 2 3 3 2
7622 3
7624 3 3
7629 8
7637 3 1 3 2
7638 2
9465 9
7640 6 8 8
10620 4 4
2639 2 1 2
7645 6 6 6
7650 6 0 1 0 0
7651 4 6 0 1
7652 4
7653 4
7654 0
7655 4
7656 6 2 3
7657 9
7662 6
7664 8 3 3 4 1 8 4
7668 6 6 6 8 8
7669 8 2
7671 6 2
7673 3
7675 9 0
7676 0 4
7678 0
10837 0
7682 9 6
7686 3
9473 2
7690 3
2647 6
7692 6
1282 6
7697 2
9475 0
7702 4
9531 6 6 6
7707 7
7711 3 1
7712 1
7713 2 2 2 2
7714 4 2
11168 0
7717 1 3 2 3
7721 7
7723 0
7725 1
7728 3
7736 2
7742 6 4
7743 4
7745 1
8714 2
6753 9 9
7755 4
7759 9 9
7761 3 4 2
7763 0 0 9
7770 4
7771 3 3
8122 3
7774 0 4
7776 9
7777 9
7778 7 6
7780 3 3
2662 9 6
7785 7 6 0 6 4 9 2 6
1623 3 3
7787 0 9
7789 0
7792 9
7793 3 3
7795 9 6 6 2
7796 2 4
8443 0 0 9
761 6 0 6
7803 8 9 6
7806 4 0
7807 9 9
7808 6 9
7810 9
7813 9
7815 2 1 1
7816 7
7817 0
1303 0
2669 2
7824 0 0 7
7828 2 9 6
2670 8 4 8 8 4 8
7830 0
7832 6 6 9 9 9
7834 2
2443 0 7
7837 0
7839 0 0
7841 3 1 1 3
7842 0 0
7846 1 2 1
7848 7
7851 1 3 1
7853 7 7 9
7855 7 0 2
7856 7 0 0
7858 7 4
7859 7 0
7865 4
7867 4 6 4 0
7869 6
7870 0
7871 4 2
7875 9
7876 4 2 4 4
7878 3 1
9505 0
7880 0 2 4 4 4 8 8 8
7882 2
7883 4 0
7887 6 6
7889 9 9
7891 6 2
7892 1 4 6 4 2 0 0
7894 1 2
7898 4 4 9 0 9
7899 7
7901 6
7902 6 6
8992 6
263 6 3 1
7906 3
9510 8
7911 0
7913 0 0
7917 0 2 0
2685 4
7920 0 0
7921 0
7922 2
7923 0
7924 9 6 0
4799 2
2687 0
7932 0
9514 2 1 4 1 4
7934 2
7936 6 6
7940 0
7941 7
7942 3 3 1
7944 0
7946 3
4055 4 0
2174 4
7950 0
7954 6
8721 9
7957 6 2
7961 9 9
7962 9
7963 6
7965 9 9
7966 7 7
7967 8 8 6
9520 0 9
10855 2
7971 0 1
7973 0
7974 4
7977 3 1
6791 2
7980 9 9
7981 3
7983 0
7985 1 1 3
9776 9 6 6
7987 6 9 6 0 6 7 0 0 0 0
2697 2
7992 1 1
7993 4 9 1 2
7995 0 0
7996 7 1 1 3 3
7997 1
7998 3 3 1
8007 1
10905 6
8011 9
10893 9 0
8016 1 1
9528 0 4
8021 0 0 6
8023 3
8024 1
8028 3
1338 3 1
10896 7 9 0
8035 6 0 6 4
8039 0 0
8041 2 1
8043 0 4 9
8044 6
8045 4 9 0
9533 3
8050 0
10899 0
8052 0
8053 1 3
10900 0 0 6 7
8060 1
8061 9 0 9
8062 3
8179 6 4 4 0
8068 8
8070 4 0
8071 3 1
8073 2
1578 0 4
8077 1
8078 9 4 2 7 0
8080 6 6 6
8081 4
8082 0 2 2 6 3 0 0 0 0
9539 6
8087 8 0 4
8089 6 0 2 6
8090 6 0 6 6 4
8091 0 6 6 9
8094 0
8096 7 7 7 7
8097 4 8 4 4 1
6811 3
8177 0
8104 6
8107 2 9 0
8108 3
8111 3 1 1
10363 3 3 3 1 1
5449 0 6
8120 6 0
8121 1 6 4
163 1 1 1
8123 9
8124 0
8126 6 6
8127 6
8130 2 0
8131 3 3
8133 6
8134 4 3 1
8135 1 2
8136 3 2
8141 6 0
8149 6
8150 6
8152 0 0 2
7223 7 6 0 6 0
8156 8 3 4
8158 4 4
8161 7
8162 0
8164 2 0 0
8165 0 1 3
8169 0
8171 7
8172 2 0
8173 4 2 2
8174 0 0
2728 3
3000 9
8180 8 8 8 8 8 8 8 8
8183 0 0 7
8186 3
2182 6 6 8
8191 6 4
