0 1
8193 2
8196 0
5 6 0
6 7 1 3
2732 4
11 6 8 2 2
8204 1
13 1 1
14 7
2733 6
8208 1 1 3 3 3 3 1
8209 1 2
8211 7
8212 1
8215 1
8216 9
8217 6 9
26 1 1
28 3
8222 0
33 8 8 4
8226 7 0
35 3
37 3
8230 4
42 0 2
43 6
45 9 8
46 1 1
8239 2 2 9
8241 4
51 4
52 6
55 3
8248 1
57 0
8251 3 3
8252 4
8254 6
2741 0 0 2
64 4
8257 9 9
66 0 2 7 2 0 2 4 0 9
69 6 4 4
70 4 4 4 4
8263 2
74 0 9 7
8267 2
8268 2
9277 1 3 1 1 3 3
78 6
84 4 4 4 4
8278 1 3
90 2 3 0
8283 6 3
2746 1
8288 2 2
101 4 2
102 4
103 4
105 3 7
8299 0
549 9 0
8302 4
10941 7
112 3 2 3
113 1 4
8310 0
120 9 0
122 6
8316 2 3 3 4
1386 9
126 2 0
128 9
131 2
8324 0
8325 3 1
136 1
137 2
138 0 9 0
140 1
10946 3 3 1
8335 3 4 1
145 6
146 2
8339 3 1 1
8340 6 0 3 1
1390 3 3
151 4 4 4 0
152 0
153 9
8218 0
8350 3 1
8352 4
162 1 3 3 1 2
163 2 3
8357 9
8359 3 0 3
8360 7 0 0
170 1 3
8363 0
8365 2 4
8366 6 2
176 0 6
178 6
8371 9 6
180 3 4 1 1
8373 0
182 0
8375 0 0
185 4
186 0 2
8379 6
8381 4 4 8 4 6
8382 2
191 6
8385 8
1398 3
8390 0 6
8391 2 0
200 9 9
2764 7 1
202 6
203 3 3 7
206 7 4 3 0 4
10957 1
208 4 9
8401 1 7
8227 2 4
212 0 6
8406 1
215 3
216 0 0
217 0
218 0 0 8
220 1
224 9
8417 1
8418 6 0 2
227 4
8422 1 3
8423 1 3
232 7 0 0
233 2
234 7 0
236 1
237 4 6 6 9 9
243 1
244 9
245 9 9
246 3 4 8
247 4
249 0
8442 0
8443 2 2 7 0
252 0
253 2
8449 3 3 3
8455 0
264 1
8457 0
8458 8 0 6 4 4
267 0 4 6 6
8460 2
8461 4
8463 3 3 3 3 1 3 1 3 3
272 1 3 1
10968 1 3 1 1 7
274 3 3 3 7 3
276 3 3
8475 2
284 9
8479 3 1 3
8480 9
8481 6 0
8483 4
292 0 6
293 4 1
8489 6
298 1 1
300 1
302 2
8495 0
8496 6
8498 6
8500 9 0 2
309 2
8502 7
8504 2 3 3 3
8505 6
8512 4 4
8513 1 1
8514 2 3
8515 1
325 4
8518 1 3 3 3 3
10977 1 1 1 3
328 4 0 4 6
330 9
332 9 9
8525 2
334 3 3 3 3
338 6
2739 1
342 7
343 0 1 1
8536 7
8539 1
348 1 3
350 3
6885 9 0
8544 3 1 1
353 1 4 1
9559 6
8548 7
357 2
358 3 1
8551 1 1 3 3 1 1
360 2
8553 9
362 0
8555 6 0
364 0
367 3 3
8560 6
371 6 9 0
374 1 4 3
8567 3
8569 3 3 3 1
8570 0 2 4
8571 0
8574 1
385 0
386 9 9
388 1
391 6
8584 9
10988 0
394 2 7
395 1
399 3
8593 2 4
404 0
405 1
409 2
8603 9 4 4
8604 0
8605 1 1
415 6
8610 6
420 3 1 4
8613 0
422 9
2469 6 0
8618 2 6
8619 7
8623 1
8624 3 3 1
8627 0 2
8628 7 7
9630 1
8630 0
8631 3 1
8633 1 1
8634 9 9
443 0 0 0
444 4
445 7 9
8638 0 0
447 1
8641 4 9 2
450 0 9
451 2 1
8644 3 1 1 1 2
453 0 6
454 6
455 2 2 2 2
15 1 1
76 4
2807 2 6
460 0 2 0
462 7
77 6
8657 2
468 0
470 3 8 3 3 3
8663 6 4 6 0
8664 9 9
473 2 2
476 7
477 6 4
478 1 0 0 7
480 3 1 3 3
482 7 0 0
483 6 6
484 3
485 4 4
488 6 7
489 2
8683 8 3 8 8 8
8684 0
8685 1 3 1
8690 0
499 0
500 6
11006 9
502 8 8
8695 9
8276 1
11008 6
515 2 2 6
8708 2 9 7 0
8710 3 3 0 1
522 9
8715 6
524 0
525 0
8721 7 0
530 0 2
11011 2 7
8724 9
9646 2 4 2
8728 9 0 0
8729 4 0 0
539 9 0
8733 2
8737 4
8738 0 9
548 0 4
8741 1
550 0
8743 9
291 1 4
554 6 6
8747 4
557 3 3 3 3 3
8750 4 8
559 0 0
8752 9 7 9 9 9 9
562 4 9
564 1
565 0 7
567 8 4
8762 2 9 9 0
571 0
8764 0 2 1
573 3 3
8766 3 3 3
575 9 2 9
8768 1 3
578 4
8771 7 0
580 6 6
581 0 2
8774 4
8775 7 3 3 3 3 3 3
8776 8
585 8 0
8778 3 3
588 6
592 8
593 0 4
594 3 8 8 6
8787 3 1 6
596 3
597 9
8791 1 2 3 3 3 1 1 3 2
8794 0
603 0 0
8796 1 1
8798 9
607 2
10113 6 6 6
2832 9
610 3
8803 3 1
8804 9 9
10315 1
8807 1
8808 4
8810 9 9
8812 0 4 4
621 2
8815 0
8817 7 4
8818 0
627 2
8821 4 2 9 7
8822 6
631 7
8824 0 7
9663 6 0 9
638 0
8831 2 0
640 7
641 1 3
8834 0 6
8835 6
644 4 8
645 3 3 3 1
8838 0 4 4
649 3
8844 3 3
653 4
8846 3 3 1
8847 0
8849 0 0
660 2 0 0
661 4 2
663 2
8857 2 6
8858 9
8859 1
668 0
8861 2
671 0
8865 3
8866 2
8867 3
8868 3 8
677 4
8872 9
681 0
8875 3
8878 7 0
688 1 3 1
8882 2
8883 0
692 6 7 6 0 6
693 0 0
694 2
696 1 1 0
697 4 0
700 1 2 2 0 2
701 0 0 7
8895 2
705 1 3 3 3
8898 9 4 6 0
710 0 3 0
712 9
714 6 6
8908 2 0
8914 1 1
11043 3
8920 3 3
729 0
8927 0
736 4 1
737 2
740 1 8 4
741 1
743 6 6
8936 0
745 4
746 9
8940 4 4
8941 9
8943 3
8944 4
8946 4
758 0 6 7 9
8952 2
8953 0 7 0
8955 1 3 3 1 2
8958 2
767 0 7
8960 9 3 9 0
769 0
771 0
772 9 9 9 0
1494 9 0 6 2
8966 3
779 4
780 3 1
781 0
782 1
8975 3 1
784 7
8977 1 1
8979 1
792 1 3 1 3
794 6
1663 9 4
796 1 1
572 0
800 0
2864 8 8
803 6 6
804 4 8 8 8
806 3 1 3 3 3 1
9000 6 7 0 0 2
2209 4 0
811 4 4
9004 9 9
9005 4 6 9 9
814 1 1
9008 2
819 2 8 4
9013 6
822 7 0 1 3 1 3 1 1 4
9018 1
827 6
4247 0
9022 0 4
832 9 2
9025 0
836 1 3
837 2
838 9
9031 0 6
9032 3
842 9
843 3 3 3 3 3 3
844 6
846 4 8
9039 6 7 0 9
848 3 3 3 3 1
9041 4 4 4
852 0
9046 0 0
9049 4 0
9050 9 7
9051 9 4 0
9052 9
2874 0
9054 0 6 6
863 2 3 3
9056 6
2456 7
867 4 9
9060 0 0 2
869 1 4 6
8337 1
1511 6 0
9068 1 9
878 9
879 2
9073 2
9074 1 1
9075 6
9076 6 0
9077 0 4
9080 2
9082 1
896 6
9090 7 4 4
899 0
903 0 9 6
9097 0 2 0 9 7
907 3 3 3 3 3 3 3 3
909 1 3 1 1
9103 2
912 0 0 2 0 6
9105 0 6 6 0 4
916 2 3
9110 6
9112 4 6
9113 0
9116 1
925 6 0 4
926 3
927 0
9122 6
932 1 3
9127 0
9131 1
940 0
9133 0 2 2 9 2 2
942 0
157 9 9
946 4
947 0 6 9
949 1 3
952 1 3 1 3 1
953 6 0
954 4 0
955 9
9148 4
957 2
959 1
9153 3
963 7 0 6 2
964 3 3
965 3
9158 0 0
968 0
9906 1
971 0 1 4 4
973 4 2 4 3 1
975 9 9 9
977 0 0
978 9
9171 8 4
981 8 0
982 4
983 9 9 1
9176 0
985 9
987 9
9181 9 6 6 9 9 9 6
990 3
992 3
993 2 1
995 3 3 3 1
9190 2 0 2
999 4 7 7 5 7
9192 9
9724 6 4 6 9 0
1003 6 6
9196 9
1007 3 3 3
9201 3 3 3
1010 3
11091 0 9
9204 2 2 8
9205 1 9
1014 9
9207 0 4
9209 3 3
1020 3 1 3
1021 9 9 7
9214 4 2
1023 6
1025 2
9219 7 8
9220 1
9222 0
1031 2 7
9036 9
9225 0 0
11095 0 7
9230 1
1039 3
9232 9 0
1041 4 2
9235 3 3 1 3
1046 0 0
1047 6
9240 4 7
1050 4 0 4 8 0
9244 2
9245 6 9
9733 6
9250 4
9251 6
9252 1
1062 9 9 0
9256 0
1065 3
1066 0
9259 0
1068 9
1069 2 0
9263 3 3
9264 0 0
1074 1
1080 9
1082 9
1127 4
1085 1
9278 1 7 0 1
9279 2 4 4 4
9281 9 1 7 7 7
9282 2
1093 0 0 6
1673 1 3 1
9289 4 9 0
9290 9
9291 6
9292 0
2914 7 4
9294 2
9296 3
1105 9
9298 4
9299 3
9302 1 3
1111 6
9304 2 4 4 6 2
9311 2
9313 7 6 6
9314 2
1123 4
9319 9
1128 9
1129 9 9
1132 7
9325 2 0 0
9326 1 2
9329 9
9331 6 4 6
1140 1 9 0 2 9
1141 6 7
9334 9 9 9
9335 1
1144 0 6
9337 6 0 9 7
1146 6 4
1148 3 2 3 3 1
1150 1 3 1 3 1
1156 0
9349 6
1158 6
193 1
9354 7 2 3
1163 4 9 6 0
9356 0 7 1
1560 2
1173 6 0
1174 8 6 6
9367 2 0
8745 4
1178 4 6
9371 2
9372 0
9374 1
9375 2
9377 3
1186 1
1187 0 0
1188 4 6 0 6
1189 1 3
1191 0
9387 2
9388 0 7 7
1200 4 6 4
9394 3 3 3
9395 9
1566 0 4
9398 0
4297 9
1208 6 4 0
9401 6 0
9402 3
1567 3 3 3
1212 0
9406 0
1216 0 7
9409 8 0 4
9410 0 4
9411 1
1221 4 6 2 6
9414 1
9415 0
1225 8 2 6
1226 6 0
1227 9 9
1228 9 9 9 0
9422 3 1 1
1231 1
1233 9
1236 3 1 3 3
9429 1
9430 9 9
9431 2
1241 1
9438 3
1248 9
9441 6 3
9442 0
1252 3
1253 0
9446 2 6 9
9447 1
9449 9 0
1258 1 4 2
1259 6 4
1260 9 7 0 0 0
9453 6 7 2
1262 0
9456 2
9458 2
9460 7 9
2942 3
1270 4 4 2
9463 4 8 8
1272 3 3
1273 6 4 9 4 4 8
9466 1
1276 9
1277 3 0 2
1278 2
9471 7 7
1280 3 1 9 3
9473 7 8 6 0
1283 4
1284 7 0
1288 6 6 9 6 9
9481 9
9482 6
1292 0
1293 2
1294 9 0 0
9487 8
1302 1 3 3
8409 9 4
1304 6
1305 9
9498 7 2 0 7
1308 2
8410 3
9502 1
9504 6
1313 0 3 1 2 3 8 1 2 1
9506 7 9
9507 1
9508 2
1318 9
9511 1 3
9513 4 0 9 9
1325 0 4
9518 1 1 3 1
9519 0 7
9520 0 1 6 0 6 1 0 9 1
1330 2
9523 6
9524 0
9526 3 1 3
1338 3 1 3
1339 0
1342 1
1344 3
1345 0 6
9542 1
9544 1
9545 2 0
1354 0
1356 4 1 1 1
9549 4 4 7 4 0 4 4
9551 3
1592 0 6
1362 3 7 3
1363 4 4
1364 3 1 3 1
1366 6 6 9
1367 0
1368 0 6
9561 0
9564 0 0
9566 6
7277 2
1380 4
9574 0
1385 1 1
9578 0
1388 2 0 0 0 4 0
9582 0 9 0
9587 7
1397 3
9590 1 2 1
1399 1 4 3
1400 3 3 1
9593 0
9594 7
9595 2
1404 0 6 0
9599 2 4
9600 1 3
1409 1 1 1
1410 2 9
1412 2 0
9606 2 1
1416 3 1
1417 6
1418 9 9 9 9 9 0
9611 0 7
9612 9
9613 0 0
9615 0
9616 6
11160 9
9620 9
9621 6 9 9
9622 0
9623 7
1433 9 6
1435 1
1436 1
1437 0 0
1438 0
1439 1
1440 6 0
9633 2 1
1442 4 7 6 6
9635 4 1 8 2
1444 4 0 4 4 4 4 6
1446 1 3 3 3 1
9640 0 2 1
1449 1
1450 3 3 1 3
1451 3 1
1453 3 1
1454 8 4
9647 0
1456 3
9650 2
9653 2 4 4
1462 4 0
8436 3 1 3 3
1466 1 2 2
9659 1 3
1469 1
1471 6 7 4
9667 1 3
1476 9
1477 6
1482 0
1483 6 3 3
9676 9
9677 4
1486 6
1487 9 0 0 9 0
9680 0
1492 0 6 4 0 0 4
1493 0 1
9686 6
9690 7 0
8466 8 8
9692 6
9694 3
1507 2 8
9702 9 9
9703 1 1 1 3
1513 6 6
1514 6 6 4
1618 1 3
9713 0 0 0 9
1526 9
1528 2 7 0
9721 8 4 0 7 8
1530 9 7
9723 0 6
1532 7 0
1533 3
9727 3 1
1536 0
1537 4 0
1541 0
9735 7 7
9737 2
9739 1 2
9740 2
1550 0
9743 0
9744 4
9745 0 0 9
9746 4 2
1556 2
1557 3 2 1
9750 2 2
9752 3
9753 3 1 1
9755 0
9756 4 6 0 8 9
9757 9 9
9758 7 4
9759 3 3 3 1
1570 3
1572 3
1577 0
9770 0 9
1579 3
9772 9
1581 3
1583 0
9777 0 4 4
9780 6 0 9 9
9781 9 9
1591 3
9784 8
9785 2
1594 0
1596 9
1597 6 6 6 4 4 4
9791 4 6
1601 1 1 3 3
1602 9
9798 2 2
1609 1 8 4
1610 0 2
1611 1
9804 0 4 3 3
9805 0 0
9806 0
1616 6
9809 9
9810 1 2 0
1620 0 6 3 1 0 0
9813 0 4
9814 9 0
9815 4 4
9816 0 2
1626 6 4 7
1628 8 8
1629 0
9824 6
9825 9
9826 3
1635 3 3 3
9828 2
9829 9
9830 6
1642 9 2
9835 0
1645 7
9839 2
9842 4 4 4 4
9844 3 3
1653 4
1655 3 3
9848 2
1658 1
1659 0
9852 1 3
9855 2 0 0 9
611 8 4
1665 1
1666 3
1668 3 1
1670 7
9863 2 1 1
9865 3 3 3 1 3
9866 6
1676 3 3
9871 2 2
1684 4 1 3 3
1685 3 9 9
1686 3
1688 0
9881 0
9882 2
1692 6
9885 6 6
1695 0
9889 1 2
9892 7 7
9893 9 4 0 9 9
9894 4 0
9895 7 6
9896 0
1705 1 3
9899 0 7
1708 1 1 1 2
9904 4 8 8 1
1714 0
9907 3 3 1 3
1716 2 3 1 6 3 3
9909 3 3
9910 2 4 4 2 4 1 2
9911 9
1720 7
9913 0
9914 9
1723 1 1
1725 7
9919 4
288 0 0
9922 2 6
1731 3
1733 4
1734 9 9
1735 2 4 4 6
1738 2
9847 6
1740 6
9934 1 1 2 0
9935 7
9936 2
9939 1
9941 9 0 6
5753 4 0
1755 2
9949 3
1758 9
1759 6
1760 0
9953 0 0 9 0
9954 9 9
9955 0
1764 2 0
9958 4 0
1769 2 0 7 6 0 0
1770 3 1
1771 7
1772 0 4 4 6
1774 3 3
1775 0 0
9969 6
1778 4 4 0 2
1779 2
1782 3
1783 0
9979 3
9982 2
1791 2
1792 0 0
9856 1
9988 2 1
1799 3 3
1801 1
1802 1 3
9995 1
1804 1
1805 9
9998 6
60 0
1809 4 2 0
10002 2 2
1811 3 3
10004 1 2 0
1814 3 3
10007 4 0 0
10009 9
10010 1 1 1 1
10011 1 2 2
10014 2 2
10015 8 7
1824 9
1826 9 1
10019 1
1830 0 2 6 4 6 9 9
1831 0
1832 0
10025 1 2 1
1836 1
10029 1
10030 8
1839 1 1 3
10032 2 3 3 3 3
2789 0
10037 2
1847 2 1 3
10042 2 0 1 1
1853 8
10046 4 0
10047 1
1857 0
1858 0
10051 6 0
1862 0 4 1 2 2
1864 0 4 6 6 7
10057 1 3
1867 3
1868 6
10062 1
1873 0 2 2
10066 3 3 1
1875 1
1876 2
10069 6 6
10070 6 2 4
10071 3 3 3 3
1880 1 1 3 3
10076 7
10077 9
10081 9
1890 3 1 1
9877 3 2
10084 3 3 3
1898 2
1900 2 8
1901 1
1902 2
1904 0
1908 3
1909 0 4
3395 3 1
10104 3 1
9876 8 4 0 4 0 0
10106 2
1915 0 0 0 4 4
10109 1
10110 4
10111 8 4 2 7 6
320 2
1923 7
9878 9
1928 0
10121 4
1930 0
10123 3 1
1933 0
10126 4
10127 6 1
10128 8 6 6 6
10129 1
1939 1 9 3 3
10132 0 0 4 2
1942 2 2 0 2 6 2 7
10135 0 2
10136 1 4
1945 7
1946 9
1948 3
1950 0
10145 0
1954 6
10148 9
10149 9
10151 6 4 9
1960 0
9884 6 4 0
1962 8 9
10324 3
10158 3 3 3 3
1967 4 8 8
1971 9 6 7
10165 9
10167 9
10169 1
10171 4 2 0
8522 3 3 3 3 3 3 3 1 3 1 3 3 0 3
1982 4 0
10175 1
10178 1 6
10179 1 1
1988 0 9
1990 1
1991 2
1992 4 4
10190 1
333 1 3
10192 0
10196 1
10197 0 0
10198 0 4
10199 0
2008 1
2010 8 0
2011 7 1
10205 9 9
2014 9
2016 0
10209 9
10211 9 0
2020 4 8 8 4
10214 0
10215 2 2
10216 3 3 3
10217 2
2027 9 2 0
2028 0
2030 0 7 6 0 6
10224 3 1
1704 7
2035 4 1 3
10228 4 7
10230 9 4
10232 8 8 4 3
10233 9 9
10234 6 2 6 2 4 2 4
10235 1 1
10236 3
2046 4 0 0 6
2048 0
2049 3 3 3 3 3 3 3 3 3
10242 2 3 9
2052 3
10245 7 4
2055 2 0
2056 9
8535 4
3074 0
10254 3 3 3
2064 7
2065 1
10258 1
2067 6
10260 7
10263 6 4 7 7 2
10265 2
5807 0 0
2079 4
2080 9
2081 4 0
10274 6 4
2083 4 8 8 6 0
2084 7
10277 2 1
2086 2
2087 3 1
10280 3 3
8540 7 0 7 9 2
10282 1 1
10283 1
1979 0 9
2095 8
10288 4 9
2098 3 3
10291 0 0 7 0 4
2101 0
10296 0
2107 3 1
2108 9 4
10305 3 3 3 3
2116 9
2117 3 3
2118 3 1
2122 9 0
1719 9
8546 4 8
2126 7 0 0
2127 6
2128 8 0 7 4 4 4 1 0
2132 3 1 1 4 1 2
2134 3
1721 3
10328 3
2137 9
2138 9 9
10331 0
2141 6 0 1 0
2142 0 0 0
10335 2
2144 4 0
10337 0
10338 2 0 0
9915 9 6 0 6
10340 3 3
10341 1
2150 2 3
2151 4 6
2152 1 3
2154 3 3 3
10349 4 0
2159 7 2 4
2161 0
2162 7 2 4 7
2163 0
2168 2
2169 9
2171 9 0 9
10364 9
2173 2
10366 3 1
10367 2 1
10369 3
10370 1
2181 2 6 4
2182 8 8
9921 2 2 9 0 0 7
2184 1 0 4 2
10377 9
2187 6 6 9
2191 4 8
10384 0
9923 0
10390 7 7
2201 0
2202 6
10395 6 6 4 9
2205 1 1
10400 3
10401 2 0 6
2211 0
10405 3
10406 0 0 0
10409 1 1 3 3 1
10410 4 8
9927 0 2
2221 0
2222 0
2225 3
10420 0
10421 6
2232 6
10425 9 9
10427 9
2237 0 0 6
10430 3 1
10432 4 4 4
10433 4
2244 0 9 9 9 9
2247 1
2249 0 9
2252 7
2255 2
2256 0 4 3
10449 3
2258 2
2259 0
2261 3
10454 2
10455 4 7 2 1
4167 7
1743 3
10460 1
2270 2
10464 4 4 4 8 8 8 6
2276 6 7 6
10469 2
2278 0
10471 0 1
2280 1
2281 4 2
723 0
2286 0
2287 7 7
10482 0 0
2291 1
2294 1 2
10487 4
10488 0
2297 3 1 3
10491 0 2
2303 2 4
2305 0
2306 2
2307 0
10507 8 8
2318 6
10511 8 0
10516 7 7 7 7 7 7 7 7 7 7 7 7 7 7
10517 3
10518 0
2331 4
10525 2
10529 2 4 4 0
10530 0 0 9
9947 8 4
2340 0
10533 3 3
2342 0
2344 1 1
10537 9 4 4 0
2347 6
10540 9 9 9 6 0
2349 7 3 1 1
2350 9
2352 8 4
2353 6
2355 1
10551 2 1 6 0 2
2361 4 2
10554 0 8 0
2363 9
2364 9
2365 9
2366 0
10559 1 3 3
2369 7 9 9 9 9 0
10562 3
8587 0
10564 2
1761 7 1
10568 1
10569 9
2378 0 6 0
2379 4
10572 1 3 3 3 4
10573 6
2382 0 0
10576 0
2385 7
10578 4 0 9 7 6
10579 0 6
10580 0
10584 0 0 0 9
2394 2
2397 3
10590 1
2402 9 7
1766 3 3
10599 6
10600 3
2412 6
2415 2
10608 7
10611 4
10612 0
2421 0
2423 3 0 3
10616 1
2426 3
2427 4 2
10620 9 0
2429 6
2430 3 3 3 3 1 1
8597 9 9
10625 0 0
10626 6 2 6 6
10630 7 4
2440 0 3 3 3
10633 0
2442 2
10635 2 6 0
10636 9
2445 0
10639 1
10640 1 3 1 3 1
2453 0
10646 4
9629 2
10649 2
10652 1
2462 4
10656 2
10657 1
2467 4 0
10660 4 6 6
10661 7 2
1777 0
10664 0 0
2473 0
2474 1 3
10667 0
2476 6 6
10669 7 4
10674 3 0 2
10678 9
2488 6 2
2491 7 2
2492 1
10688 1 3
2498 1 3
2499 7 8 2 9
10692 7
10693 0 6 2
10695 9 9
2505 4 1 8 7
2508 0
2509 9
2510 1 3
10705 3 3 4 3 1
10706 1 4
8691 6 8
10709 4 0 0
2518 9 0
10711 4 6
10713 3
2522 1
10719 6
2529 4
2530 8 8 4 4
10723 9
8614 6
10727 6 2
2536 1 0 4 0
10731 4 7 2
10733 0 0
2542 0
2543 0
2545 3 3 3 1
2547 4 0
10740 1 3 3 3
10743 1
10745 6
2555 9
2557 2
10750 3 3
10751 1 3 3 1
10756 1 6
10758 3
10759 9
2568 2
2572 1
2573 1 1 3
10766 3 3 1 1
2575 3 3 3
2576 1 1 3 3
2472 0
2579 4 6 9 8
2582 0
2583 3 3
10776 6 6
2585 2
10778 1
6291 0 2
10780 3 3 3
10782 9
2592 9
2593 9 9 9 9 9
10788 6 9
2597 0 0
2598 4 4 0
10791 9 1
10794 0
10797 7
2606 0
10800 3 3
2609 9
2611 6
2613 6 9 2 2
2615 1
2617 2 3 3 2
10810 3
2619 0
10812 9 6
10813 0
10818 0
10819 1 1
2628 2
10821 0
10822 0
2631 8 8
2632 7 0
2633 4 0
10826 2 6 0 6
439 2
10829 1 1
2638 8 2
2639 3 1
10834 4
10835 4 4
10836 7 0
2646 3
441 6
2648 2 9
10842 4
2651 0
442 3
10848 0
2909 4 8 6
10850 1 1
10851 9
2660 9
10853 8
2662 6
2663 4 4
2664 3 1 0 9
10857 3
2666 1
10859 3 1
10860 3 1
10861 4
2670 3
8637 6
2673 0 4
10866 4 6
10867 6 6 2 2
2677 9
10871 7 9
2680 1
10873 6
2682 0
8639 6 6
7601 2
2686 3
10879 9
2688 2
10881 7 6 9
10882 2
2693 0 4
2694 0 4 6
2695 3 3
2698 0
10891 7
10892 4 4
2702 0
2703 3
2704 0
2707 3 3 3
10901 0
2711 2 0
452 6 7
10907 6
10909 6
10910 1
3184 6
2722 2 6 6
1819 0
10916 0 9 6
10918 0 4 0
10919 6 6
10922 6 0 4
10924 3 0 0 6
10925 6 8
2735 3 1 3 3 3
10928 3 3 3
8648 4 4 7 4 3
10930 1
10931 6
10932 9
10933 8 7
2742 1
10935 6 4
2744 4
2745 3
10938 4
10940 4 6
2749 2
10945 3 1 1 3
2754 4
459 9
10948 4
10952 1 1 1
10956 7 4 6
2765 0 7
10958 1 3 1
2767 4 0
10962 8 2
2771 4 4 3
2773 0
2775 0 4
2776 0 9 2
2781 2
10974 4
2783 9
2785 0
10978 1 3 3 1 2
10980 0
10022 8
2793 1
2796 7 0
2800 6 4 4
10994 7
10996 9 6 0 0
2805 0
10999 7
2809 4 0 7 4
11002 7 7
2812 7 0
2813 4
2814 1
2816 0
2818 9
2819 4
11012 9
11014 3
11015 3
10028 6
11019 0
11020 0
2829 6 6 7 4
1458 9 0 3
11024 7
472 2
11026 1
11027 4
2836 2 0 3 2
1838 1
11031 2
2843 9
2845 9 6 0
2847 6 6 6
11040 0 9 9
2851 3 3 1 1
11044 4
2854 2 1
2857 9 6
2858 7 7
11051 0 2 0
11052 0
2862 6 6 0 6 9
2863 1
11056 0
11057 0 0
2866 9 9 0
2867 0 3 3
2868 6 4 0
2869 0 2
2870 9
11063 8 4 4
2872 2 1
11065 8 8 4
11066 7
2876 7
11069 8 4 6 1 6 0 2
11070 7 0
11071 4
2881 4 6
11074 9
2883 3 1
2884 0
11077 0
11079 1 3 2 3
2889 3
2890 4 6 6 4 4 2 4 0
11083 4 2
2892 0
11085 9
2894 9
11087 0
2899 3
11092 1 0 0
2903 8 4 4 0 4
11096 1 1
2905 7 1
11098 6
2907 2
11101 0 0 0
2910 0
2911 4 4 4 8
11104 0 4 0
2913 4
11106 4 6
11107 2 2 4 4 2
2916 7
11110 2 3 2 3 7
11112 2 0
2921 4
2922 4
2924 4
10045 1
11120 3
2929 0 2
2932 0
11126 0
2935 1 3
2936 3
11130 2
11131 3
11134 0
2943 0 6
11137 6
11138 0 0 9
2951 9 7 4
2952 1
492 9
11146 4 7 0
11147 9
493 3 3
2960 0
11153 9
2963 1
8282 6
2965 6
2968 3
11161 4
2970 4
11163 7 1 3 3
11166 3 3 3 3 3 3 1 3 1 1
11168 9 0 9
11170 9 4
11173 2
2983 2 1
2984 9
2986 4 0
11181 0
2992 0 0 2
2995 0 1
11188 0 0
11189 1 3
1865 4 1
3002 2 2
3004 4 0
501 3 1 3
3009 0 9
3010 0 7
3012 4 9
3014 6
3015 4 6 7
3016 0
3017 3 3 1 4 0
3021 0
3023 4
3025 1 3 4 2 3
3028 6
3031 2
3034 4
3037 8
3039 3 1 2
3043 2
3045 2
3049 4
3050 0 2
3052 9
3053 8 8 8
2748 1 3 3
3062 3 1
3065 4 6 8 2 6 6
4607 6
3068 1 3
3070 7 1
3073 4 4
9104 6
3085 1
3086 3
3087 4 4 9 4
3088 1 3 3 3
3095 4 2 4 1 2 4 2 6
516 4
3098 6 6 9
3104 0 0 0
3107 1
3108 4 6 4
3109 0
3112 9
3114 0 9
3115 1
3119 3 1 1
3121 9
3131 7 0 0
3132 6
3133 0
3134 9
3135 3
523 0 2
3142 9 0 7
3143 0
3148 9
3150 6
3151 9 9
3154 2
3156 4
3157 9 9
6379 2 8 3
1892 6
3165 9 0
3166 2
3176 8 4 4 4
10714 7
3180 0
9926 6
3186 2 2
531 1
3189 9
3190 1
532 1 7
3198 0 4
3199 1 2
3206 1
3210 6 6 2 4
4631 0
3215 3 3 1
3219 4
3223 0 0 2
3225 3 3
3228 9
3233 4 4
3243 2 1 1 2 3 0 3
3245 9
3247 0 4
3249 4
3252 2
3254 3 1
10100 0
3258 6 0
3260 0 6
3262 3
3263 3 1 1 3
3264 1 6 0 9 0 1
3272 6 6
3274 8
3277 2 3
3281 8
3282 2
1913 3 1
3289 9
3290 7
3292 1 3
3295 2
9657 6
3299 4
2235 3
3305 3 1 1 6 3 3
3310 6
1917 0 2
3312 0
3317 0 9 6 9 7
553 3
3320 7
3321 9
3322 4 0 0 2 9 2
3328 1 6
3329 0 0 9 9
3333 3
3335 0 9 0 6 9 6 6 9 0 9 9
3287 4 0 0
3341 1
8749 2
3344 0 0
3346 7
3353 6 7 2 6
3358 4 0
3361 3 2 2
3363 1 1 3
3364 6
3367 9
3371 6 0 0
1749 2
3384 2
3388 3
3391 4
3394 4 4
1931 0 9
3397 8
3399 0
3403 0 6
3406 7
3407 3 1
3413 0
3417 1
3419 4
3421 7
3422 3 6
3423 1 0 2
1936 7
3426 8 8 7
3428 1 3 3 1 1
3429 2
3430 3 3 2
3431 7
3433 2
3435 3 2
3437 6 0
3439 1
3443 7 7 1 3
3446 1
3447 1
3451 0
3459 1 2 3
3460 6 0
10134 3 3 6
3462 9
3465 1 1 4
3467 4 4 8 4
8770 0 0
3470 9 6 7 6
3472 6 4
3474 1 3
3480 0
8772 6
3482 9
3483 0 2 1
3486 7
10140 0
3498 1
3499 4
3500 8 0
3501 7
3502 3 3 2
3504 0
3505 3
10142 9 0
3510 0
3512 9
787 0
3516 0
586 7 3
3519 1 3 1 1 1 3
3521 1
3523 7
3525 2
3526 4 2 1 0
3527 9
3529 6 0
3531 1
3532 7 0 6 9
3534 9 0 0 1
3539 1 3
3540 3
3541 3
3542 3
3543 6
3544 1 3
3545 0
3546 1
3547 1 3 0 2 0 6 6 0 6
3549 3 3
3551 9 9 9
3552 0
3562 0
8786 0 6 2
3566 1
3569 7 0 4 4 2
595 4 4 8 8 4 4 7 7
3573 9
3574 0 7 7
1961 1
8788 9
3580 0
3581 1 1 3 3
3583 1
3585 1
3586 4 4
3589 0 6
3590 6
3591 0
3594 4
3595 1 4 4 2 4 4 1 4 3 1 3 1 3
3598 3
3599 8
3602 6 6
3603 9
1966 6
3609 9
3614 0
2848 9
3616 9
8795 6
3622 6 0
6065 6 0 7 0
3624 0
3625 6
3626 9
3629 1
3630 8 8
3635 2 2 2 2 7 2 1
3636 1
8262 7
3639 2
3642 1
3643 4
3646 6
3650 4 6
3651 2 0
3652 2
3653 0 1
3658 6
3659 2
8802 6 6 0 0
3663 1
3665 2
3666 0
3667 0 4
3668 3 0
3669 4 0
3672 2
612 2
3676 3
3682 3 3 3
3683 4
3687 9
3688 9
3690 7 7 0
3691 0
3693 1
3695 0
3696 0
3698 2 0
3700 2 0
3704 9
618 0
3711 3 1 6
3712 0 6 0
3715 0
3720 1
620 0
3722 1 3 2 7 7 6 6 7 6
3730 1
3731 7
3736 3
3737 0
3738 9
3739 4
3743 6
3744 0
3745 2
3748 0
3750 4 0
3752 2
3754 8 4 4 4 4
3758 6 9
3766 3 3 3 3
3767 3 3 3
3768 3 3
3770 0 7 7
3772 4 4 4
3774 1
3776 9
3777 2 2 0 1 8
6091 3 3
4726 4
3784 9 6
3785 3
3787 2 4
8855 6
3790 4
3796 0 0
3799 1
10191 0
3805 6
3806 7 7
3811 4
3812 4 0
3818 2 7 4
3822 3
3826 0
3827 8 0
3829 7
3831 0
2004 3 3 3 3
3836 3 3
3837 0
2005 1
3841 7
3845 1
3849 0 0
2007 8 4 6
3853 7 2
3855 9
401 8 4
3858 7
3859 1
3864 4
3865 0 4 2 4
3866 1
1107 4
3873 9
646 4 4
3879 3 3
3881 6 6
3886 1
3889 2
3890 1 1 1 1 1
675 4
3894 3 1 1 3 3
8841 4 4
3897 0
3899 4
3904 0
3906 2
3911 3
3914 7 2 4
3919 6 4
3921 9
3923 6 4
3928 9 0 3 2 1
3931 2 4
3941 9
3944 3 3
2859 3
3946 0 6
3948 1 3
3949 4
3952 4 8 4 2
3953 9
3956 3
3959 1 1 1 3
3960 1
3965 0 4
3967 3
3971 3
3972 3
3979 3 1
3981 6
3982 0
3983 9 9 0 2
3985 0
3986 3 3
3987 0
3989 0 2
3992 2 2 4
3995 4 6 9
3996 2
3997 9
3998 0
4000 0 2 2
4001 0
4002 8
4009 3
4013 6 0
4016 2
4021 1
4023 3 1
4033 1 1
4034 4 4
4041 0
4043 9 9 0
4046 4 0
4047 2 3
4050 4
11046 1 3
4053 4 4 4
2041 0
4056 8 1 8 4
1499 2 1
4063 0 0 0
4067 3
4069 6 6 0
4071 0
2044 7
4074 2
680 1
4085 4
4087 7
4088 0
4089 2 1
4090 3
4091 0 9 0
4094 1
4103 3 4 2 3 1
4104 9
4106 1
4109 6
4110 2 2 8 3 4 3 9 4 2
4111 7 0
4117 3 3 3 1
4118 0
4120 9
4121 6 4 0 6
4124 6
4125 2 4 4 2
4126 9
4128 3
8880 0
4131 7
4132 6
4133 4
4135 4
4140 0
4142 0
4143 1
4145 2
4146 9 9
4149 4
4150 0 0
4154 3
4156 1
4159 2 2 4
4160 0 2
4162 9
4165 3
3425 6
4169 6
4171 9
4172 2
4177 8 8
4179 9
4182 6
8889 6 9 2 6
4185 2 8 6 0 2
4186 2
4188 2
4194 0
10257 0
4204 2
4205 3 1 1
4206 2
4207 9
4211 0 0
4212 0 0
4214 3 1
4216 6 9 0
703 6 9
4224 3 3 3
4226 1
4227 3
4234 9
4239 4
4245 0
2073 1
4248 2 4 8 8 4
4249 7
4251 0 0 6
4252 0
4253 6 6
4255 0
4257 6
4263 0 6
4276 7
4282 9
4283 3
4284 2 4 2
8906 6
4287 6
4288 6 3 2 9 2 4
4289 0 9
4290 6
10273 2 0
716 9 9
4298 9
2082 4
4303 2 2
4304 3 2 1 3
4305 0 2
10275 7 6
4311 1
4315 4
10153 6
4318 1 1 1
4325 6
4327 3 3
4331 2 2
4333 9 6
4334 2 0
7549 2 9
8915 4
4344 2 1
4346 1
4348 1
4357 2 3
4359 2
4364 2
4365 0 0 2 2
4366 3 3
4371 0
4373 9
8921 6
4376 0
4378 0 6 6 0 0
10287 3 3
4381 3 3 1 3 3
4382 9
4385 9 0 6 6
4394 3
4395 2
4396 4 1 2 3 1 0 3 4
4399 6
4408 9 6 6
4410 1
4411 8 2 6
4415 4 4 0
4417 0
4420 3
4422 9
4426 0
4428 0 4
4429 6
2104 0 6
4434 3
4435 4 7 6
4438 6 6
4439 4
4442 0
4445 7
2539 4 1
4447 0 9
4448 9 7 7 0
4454 9 7
4457 6
4458 9 0 0 2 6
8935 0
4460 0
4462 9
4466 3
4467 4 6
4472 0 6
8938 9 6 6
4478 6 7 1
4479 9
4480 3
4483 1 3 3
4485 3 1 3 1
4492 2 4
4493 2 4 2 4
8333 6
4498 2
4504 2
4506 1 1 1 4
4507 1
4509 6
752 1 3
4517 4 1
4519 2 0
4532 2
4534 2 0 1 3 0
4537 2
4538 0 4
4539 0
2123 0 6
4552 9 0
4558 6
2125 0
4566 6 0
4567 0 0 9
4571 6 4 0 4 4
4572 6
4573 6
4574 6
4575 0
4576 3 3
4577 4 4 2 3
763 6 6 9
4580 9
4584 7 7 7
4588 0 2
4590 4
11064 9 4 0
4597 3 3 3 2
4598 9 9
4601 0 9 2 2 3 4 3 2 7 7 0 7 0
4603 0
4606 0 4
426 2
4608 2 3 1
768 1 3
7595 6 9 0 6
4612 4 4
4613 6 2 9
4616 1
4617 2
10327 2
4624 4
4626 0 1 0
4627 1 0 0
10329 0
4633 2
4636 1 3 3 1 3
4642 1
4644 3
4647 6 2
4649 0
4656 3 1
4657 0
4658 3
4662 0 6 4 6
4663 0 0
4665 6 6
9157 3 3 3
4667 2 1 8 4 4 2
4668 4
4670 1
4671 0
4673 6 8
4674 1 3
4675 4
4678 9 6 0
4680 8 8 8 8 4
4682 0
2338 6
4686 2 6
4688 0 7
8885 9
4691 6
8974 1
4695 0
4696 0
4701 1 3 3
4705 0
4706 9 4 8 9
4707 8 7 7
4712 7 2
4716 7 9
4718 0 0 4 6
4722 1
4723 1 2
4725 6 0
2885 0
4727 6 0
4728 3 2
4730 8
10346 6
4742 3
4746 8 0 4 8 8 4 8 8
4755 2 7
4756 6 0
4757 6 0 3
4758 4
4759 3
4763 9 9 0
4771 0 4 4
4777 9 9 0 9
4778 4 2
8888 9 0
4780 1 2 3
4787 6 6 6 7
4788 4 4
4789 1 1 1 3 1
4794 9 0 8 8 8 4
4796 0
4797 4
4798 3 3
4800 6 4 0 6
8992 6
4805 7 6
4806 3 1 1
4809 9 9
4810 4
4815 4 4 3 0 7
4818 7 2
4819 6 4
4820 4 1 1 1
4822 6 0
4824 7
8996 9 6
4828 2
4829 0 6
4839 1
4843 0 2
4845 9 9
4847 1 1 3 3 1 3
4849 3
4852 4
4853 7
4854 2
4856 3 7 9
4857 1 1
4859 9 9
4861 2
4863 1 1
6163 0
4865 3
4866 6 0
4867 3 3
2177 8 3 8
4873 9
4874 3 2
4876 3 9
4877 0
4878 0
813 0 2
4880 7
4885 9 9
4888 0
4890 1
4893 0
4894 2
4895 1
4897 8 6 4 4 8 8 8 8 1
4898 3 3
4899 4
4900 9
4902 1
4904 7
10375 9 9 0 4
4909 4
4911 7 9
4913 0
4915 0
4918 0 0
4920 0 9
4925 2 0 9 9 9
4928 1
4930 6
10379 2 2
4932 0 8
4933 9 2
4939 6
4946 6
4954 0
4955 8 8 8
4956 4
4965 6 9 6 4 0
4970 9 9
4972 4 4 6
4973 0 4
4976 3
4979 0
2348 3 1
4984 6
4985 9 9 9 9
4987 4
4988 9
4989 7
4990 3 3
4993 1
4995 0
4996 0
4998 6 9
5000 0
5003 7
5005 1
5007 6
5010 6 9 4
5014 6 0 0
5016 0
9030 2
5030 0
5032 6 6 0
5035 6 6 9 6 9
5036 3
5038 6
5041 4 2 7
5045 6
5046 6 9
5050 6
5052 7
9035 9
5061 9 6 9
5063 1
5064 2 2 7
5065 0
5066 3
5067 4 4 6
5068 9 7 1
5077 1
5078 4 6 4
5085 2 3 1
5089 1 3 1 1 3
5093 2 1
5094 2
5096 3 3
5099 4
5102 1 1
5105 9
5114 9 2 4 6 4
5116 7 7 0 7 7
5121 0 2
5124 0
5127 1 1
5128 3
5135 6 6
5137 0 6
5138 0 0
5140 2 0
5375 9
5146 2 2 1
1889 0 0 9
5150 3 3 3
5153 1
5156 1
5158 1
5160 6 6
9053 3
5168 4 4 4 4
862 2 0 4 0 1
5174 4
5175 3
2900 8 3 3
5181 4
9147 6
5187 3 1 3 2 1 3
5189 4
5190 0 0
5191 0 9
5192 1 0
5194 3
5195 2 0
5199 9
10424 3 1 1
5202 1
5204 2
5209 6
5210 0
5211 0 9
5213 4
5214 4 6
5219 4 2 3
5221 0
9063 0
5229 1
5230 0 4 9 0
5231 1
5232 9
7699 4 1 2 1 6
5237 2 2 4 0
5241 0 4 2 1 3 3 1 1 1
5242 9 0 6 0 8
5244 3 7 3 3
5249 7
5250 3 1
5251 4 6 6
5254 4
2241 0 6
5262 0 0
1617 0
5265 4 4
5266 4 7 9 6 4 7 4
5269 3 3 3
5270 7
5276 3 3
5280 0
5281 2
5283 3 3
881 3
10439 4
882 3 1 3
5298 4
884 6 4
5306 3 2
5308 0
5309 1 3
5310 2 0
5314 0 9
6347 2
5318 9
5319 1 4
5322 4
5325 6
5330 3 3 4 8
5332 6
5333 4 4 4
5334 3 3
5338 7 2
10447 4 0 9
5342 9
5345 2
5346 4 7 0 9
5349 0
10271 0
5353 3 3
5354 9
5355 2 1
2906 1 3 3 1 3 3
5357 4
5359 4 9 0
5362 0
5363 4 6
5371 3 3 1 4 2 3 3 3
5372 2
5373 4 9
10453 9
5376 0 7 0 0
5377 1 1
5378 0
5379 0
5382 9 9
5385 2 2
898 0 9 0 9 9 9
5390 4
5391 4 4
5395 0
5397 4
5398 3 3 3
5399 0
5401 0
5409 1 3 3 3
5411 0 6
5416 3 4
5419 1 2 7 7
5421 3
5425 9
7731 4
5434 4 4
2272 1 1 3
5445 9
5446 0
1818 3
5458 0 0 0 0 0 0 0 0 0
5461 1 1
5462 0 2
5464 7 4
5467 9 0
5473 1 3 1
5475 0 9
5478 3 3
5481 1 3 3 1 3
5484 1 3
5486 0
5487 9 9
5492 9
6377 0
5496 0
5498 8
5499 4
5500 4
5501 4
5505 1
5507 9
5508 8 0 0
5510 9 2 9
5514 4
5517 2
5519 2 4
5521 2
5524 2
5525 3 0
5528 6 7 4
5531 0 0
2912 9
5538 1 1 1
5541 1 1
5543 2
2290 6 1 1 9 2
9966 0
5552 0 0
5553 6 0 4
5554 2
5557 2
5559 0 9 0 0 7
5564 9 9 6 3 0 0 2
5568 6 9 7
1822 2 2
5571 9 0 0
5572 6
10486 9
5576 7
5577 6 9
5580 6
5582 0
5587 1 1 1
5589 0 6
5592 1 3
10279 9
5594 3 3
5595 7 6
5598 6
5599 1 0 4
5607 3
5608 6
5616 6
5618 2 3
5620 6 2
5623 1 3 1
5629 4
1183 2
5633 2 2
5634 6
5636 0
5637 6
5640 9
9132 9 9
5643 1
5646 0 4 6
5647 6
5651 2
5652 6
5654 4
5656 1 3
5657 2
5658 2 1 3 2
5660 7 2
5669 2 1 1
5671 3
5672 9 9
5679 2
5683 4
5684 2
5685 4 7 6
5687 0
5689 4
5690 4
5694 0 4 4
9141 0
5696 0
5704 9 7
190 3 0
5713 0 7
5714 2 2
5715 6 7
5717 0
5718 1
5719 6
5720 8 4 6
5722 7 7
9146 9 0
5726 1 3 3 1 3 3
5727 1 3 3 3 3
5728 9
5730 1 1 3 1 1
5731 4
5732 3 1
5734 4
5742 3
9149 2 9
5744 1
5749 6
5750 1
2324 9
5760 1 2
5769 9
5770 1
5771 6 6
5772 6
5775 0 7 3 1
5059 3
5785 2 6
5789 0 6 6 4
5791 1 3 7 2
5796 0 3
5797 9
2333 9
5808 6
5812 2 2
5819 9 9
5823 6 9
5824 3 3
5825 0
5826 9 9 0
9163 0 0
5830 8 4 4
5831 6 4 6
9095 6
5838 3
5843 0 7 9 6
5844 2
5845 1 3 3 3 1
5846 1 2
5847 6
5848 6
5850 0 0
5851 9
5852 0
5855 9 0
5856 6 1 1 2
5859 3 1
5862 8 8
5863 6
5868 9
5869 0
5871 4 6
5873 2
5874 3 3
5875 2
5876 1 3
5878 0 6
5879 7 0 0
5882 0
5883 1
5884 7
5886 3 3 1
10016 3 4
5891 0
5895 4 2 4
5897 6
5905 3 3 1
5914 0 6
5919 7
10544 9
5925 3
5926 0
5927 6
5928 9
5930 7
5931 3
5933 3
5937 0 9
5938 6 9
5939 2
5940 0
9182 2
3721 0
5945 6 6
5946 1 3
10018 0 0 9
5953 6
5954 0
5955 3 3
5956 0
5957 0 6 4 0 6
5960 9
5963 0 9
5966 9 2 9
5970 4
5971 3 3 3 3
5972 2
10553 3
5978 4 1
5980 0
5982 0
5987 9
5989 6 9
5992 4 0
5993 4 2 4
5997 3 3 3 3
6003 0
6004 0
6008 0 0 9
6009 8 9
6014 0
6019 0 4 6
6024 2
6026 0
6027 3 3 3 3
6030 6 2
6033 0
6035 0
6036 2
6041 2
6046 6 0
6047 9
6049 2 3 9 0
6051 3 3 1 2
6052 7
6053 6 0
6055 3 3 3
6059 9
6061 4
6063 3 4
2376 1
6068 3
2377 1 3 3 3 3 1
6072 3 1
6073 3 3
6075 2
6076 1
10571 2 6
6084 6 4 0 1 1
6087 0 0 0 3
1015 6
6092 0
6096 7 2
6098 4
6099 2 0 4
6100 0
6101 9 9
1017 7 2 2 4
6104 4
1038 0
6114 9 0
6117 1
6120 9
6124 4 2 4 2
6126 2 2 7 2
2387 9
6134 0
6138 0
6145 0
6148 4
6151 7 9 3 7
6152 1 1
6156 0 2
6160 6
1027 0 9 9 9
6165 1
6167 8 4 8 4 1 4 7
6170 6
6172 6 7 7 4
10586 1 1
6185 3
6187 6
6189 0 6
10589 3 3
6194 4 0
2398 0 0
6200 1
6203 0 6
6209 1 1 3 1
6211 3 3 0
6213 0 2
6214 1 2 1
6218 0 0
6219 1
6220 3 3 3
10594 6
6224 2
6225 9
6227 1
6229 7 1 2
6230 1 8 8
6231 9
6233 9 9 0 9 9
6237 1 3 6
6239 3 3 1
6241 2
6243 4 4
6244 2 1
6248 0
6251 1 4 4 4
6253 2 9
6258 6
6260 2
6263 1 3
6266 0 6
6267 9 1 1 6
6274 0 4 7
6277 4 0
6279 0
10604 4
6285 6
6286 2 2
6289 0
6290 0
3779 1
6292 4 0 0
6297 4 6
6299 1 0 3 3
9242 9 2
3781 9
2416 0
6307 8 6
6308 4 6
6311 6
6313 6
6320 3 3
6321 1 2
6322 0 4 2
2419 3
6326 0 0
6327 0 1
2420 6 0
6331 2
6332 0 0 7 0
6337 1
6341 3 3
6342 2 3 3
6343 4 6
6346 3
10615 2
6350 4
6353 4
6355 4 4 4
6361 7 2
8668 9
6365 0 2
6369 6 6 0
6372 1
6375 6 0
2428 1
6378 1
10003 7
6381 8 4 6
6383 4
6385 7 2 2 2 4 0
6387 0 9
6389 6
6390 6 0 8
6391 4
6393 0 9
6394 2 8 4 4 4
6395 6
6396 0
6398 9 6 9 9
6408 3
1850 2
6412 3 3 3
6413 8 2 9
6414 6 2 4 1 2
6416 9 6 9 9
6417 4
6419 6
6421 7 0 7 0 2 0 6 0 0 0 0
6423 4 4
6428 0
6430 2
6438 0
6440 2
6441 0
6444 6 0 6
6445 3 3
6447 0
6448 3 1 1
6450 3 1
6451 9 0
6455 4
6465 1 3 1 3 3 3 3
6468 0 2
6469 3 3
6471 6 6 9 0
6475 0
6477 0
6479 1 1 3
9272 3 1 3
11127 4
6484 6
6487 0 6 4
6491 2
6492 9
6497 0
6498 2
6499 2
6500 0
6501 2
6502 1
6505 3 1 1 3 1
6506 1 3
6507 6 6 0
8400 9
6510 1
6511 2 9
1035 9
6513 2
6516 1
6518 0
6519 2
6522 4
6523 1
6525 9 6
6528 0 0 0
6532 3 1 3
6541 0
6544 0
6545 0
6550 6 4 2 0 9
6552 7
6554 4 4 4
9285 8 4
6561 0 0
6562 6
6563 6 0
6567 3
6568 0
6569 1
6573 0
6574 0
6576 7 2
10654 1 4
6582 3 2
1097 0 7 4 8 4
9591 3 3 1 6 2
6590 6
6592 1 1
1099 7
6597 0
6598 2
2465 9
6601 0
6602 9
6603 0 6
6605 2
6612 4 2 0
3833 4
2468 8 4 3 4 4
6621 4
6623 6 9
6625 3
6626 0
6629 0
6632 1
6634 7
8677 1
11029 2
6637 0
6640 3 1 3 3 1
6641 1
6643 1 1 3
6646 2 1 2
6650 3 3 3
6651 6
6655 2
6657 8 8 4
1110 6 9 6
6662 1 4 2
10668 6 6
6666 0 7 2
6670 3 3 3 1
6672 9
6674 2 2 0
6679 4 3 2
6682 0
6684 1 4 6
6685 6
6690 2
6692 3
6695 1 3 3 3 1 1 1
6696 9 9 6 6 9 9 9
6698 2 6
6702 3
6706 9
6707 0 7
6708 6 0 0 0
6709 0
6710 6
6713 2
6581 0
6720 1 3
6722 0
6724 1 1
1121 4
6728 6
6729 3
6730 3
6737 2
6739 6
6787 4 4
6748 1 1 3
6749 0
10683 6
6763 0
6764 0
6766 9 9
6769 0 7
6771 0 2
6776 0 0 9
2135 4
6781 4
6783 4 1
6784 0
6785 0
5227 3
6789 2 2 1 1
6795 7
6800 1
6806 9
6807 0 7 3 3 3 3
6808 2
6810 6
6811 3
6816 6 6 0 6 4 0
6817 6
6818 6 4
6822 6
6824 3 1 2
6826 1
2503 1
6828 9 9
6829 0
6831 0
6838 0
6839 0
6840 9
6843 7 2
6844 7
6847 0 6
6848 4
9589 2 2
6854 2
1143 9
6861 1 2 0 9 2 2 0
6862 9 0
6864 9
6865 4
6867 6 0
6868 6
6869 3
6870 0 1 2 2 3 1
6873 7
6877 6
6878 7
4301 9
1593 4
6887 0
6888 0 0
6889 9 7
6891 1
2514 3
6894 7 0
6900 0
6906 2
6908 2
6912 4
6913 6
6915 2
6916 0 9
6920 4 6
6923 0 9 2
6924 0 6 0
6939 4 4 6 8 4 0 0
6941 4 6
6942 0
6944 1 2 0
6945 9 0
6947 6
6949 6
6950 1
6951 0 2 0
6953 7
6954 6
6956 3
6961 0
6963 0 2
10222 2
6968 4
6970 0
6971 1 1 1 3 3
6972 6
6973 9
505 6
6980 3 6 4 6 6 0 6 0 4 2
6981 9
2665 6
6984 6
6985 3
6987 7 6
6989 4
6996 0
7000 3
1328 0
7002 1 2
3839 7 7
7006 3 7 4
7007 3 1
7013 2
7014 1
7016 2 3
7017 3 3 3 3
11176 2 0
2535 6
7021 4 2 7
7023 6
7028 0
7029 3 1 1 3 3 3 1 3
7031 7
7032 4 6 0
7038 6
9365 9 9 9 9 9 6
7040 2
7043 0
7045 9 4
7046 9
7049 2
1175 3 3 8 3 3
7053 6
7054 7
7055 0
7057 1
7058 0
7059 1 2 1
7064 1
10735 0
7074 0 6 3
7080 1 1 1
1180 3 2
7084 7 7
7086 3
7088 3
7089 2 1 1 1 3
7091 1 1
7093 4
7099 9 0 2 9
7104 2 4 4 4 4
7107 4
7111 0 7
2551 1 3 4
7119 4 9
7120 1 3 3 1
7124 2 2 1
9380 2 0
7130 1 1 3 3
7138 9
2147 4
7141 6
5287 2
7149 1 1
7151 0 0
7152 3 7
7154 2 6 6
2558 2 0 2 3 2 2
7162 0
7164 0
7167 0
7168 2
7170 0 0
1195 3 3
7172 4
7176 6
7180 7 0 0
7183 9
7194 0
7196 9
7200 3
7201 1 9 9
7203 6 6 0
7204 6 2 0
7205 1
7206 3
7207 4 8 6
7209 6 7 9
7210 4
7212 3 1
1202 0
7214 1
7216 8 8 6 4 6
7218 9
9868 6
7224 6
7227 4 2
7229 2
7232 1
7233 2
7237 6
7238 1
7242 6
7243 4 9
7248 0
7249 9 0
7250 2
1209 7 9
7256 1
1210 6
7265 6 8 2 4 4
7266 3 1
7268 3 1 3
7269 0 0
7270 2 2
7275 2 4
10770 3
7278 3 3 3
7279 9
7282 2 1 1 1 1 3
7285 3 1
7288 9 9 0
7295 2
7296 3 3
7299 9 0
7307 0
7309 9
7310 6 6
2584 0
7314 4
7315 7 0 1 1
7316 6 7 6
7318 4
7319 4 9
7325 4 0 3 3 2 4
7328 8 4
7329 0
7332 9
7333 3
7334 3 1 1 3 1
7336 9 0 7
7337 3 1
7338 6 0
7342 7 0
7353 4
7357 1 1 3 3 3 1
7358 4 4
9419 0
7365 6
7368 6 0 4
7369 3
7370 6
7380 0
1230 0 7
7383 3 1 3 1
7384 6 6
2596 7
9423 6 6 0
7391 6
7394 7
7395 6
7396 0
7397 9
7398 0 6
7399 6 1
7401 9 9
7402 2 2 2 2 1
7403 1 2 2
7404 2
7405 0 2
7413 2
7417 4
7418 1 3 2
7421 6
7422 3
7427 9
7432 6 0 9
7435 4 4
7436 3
7437 3 3 1
7438 0
7439 9
7445 0 0
7447 3 3
7449 0 6
7451 0
7455 6
7458 0 2 6 0 2
7463 1
7466 3 3 3 3 3 3
8071 1
7469 1
7471 8 2 8 3 4 7 6 7
7477 1 1
7482 6 6 6 0 6 0 0
7483 2 0
7486 8
7488 7 9
7491 2
7493 2 7
7494 0
7502 4
7504 7 2 6
7506 3
7507 3 3
7509 9 2
7510 4
7512 9 9 7 7
2618 8 8 4
7523 0
7524 1 3
7525 2 1
7529 2
7531 9
7532 9
7535 6 7
7537 0 6 9 6
7539 4 6
7540 1 3 3
7541 3
7542 9 9
7543 8 8
7545 6
7546 3 3
9450 0 6
7550 1
7553 2
7554 1
7555 9 6
7556 0
7562 9
7565 1 1
1261 0 2 9 7 0
7569 0 0
7570 2
7571 4
7575 9 0 0
7577 0 4
2629 1
7586 0
7588 0 2 6
7591 9 0
7593 0
7594 0 6 4
6727 1
7596 9 0 7 0 0
7598 6
10824 0
7603 4 6 3 3 0
7606 9
7609 2
2634 1
7617 1 3
7618 2 3 2
7619 3 3 3 3
7620 0 7
7621 3
7622 3
7623 0
7627 9
7628 4
7629 0 9 0
7631 7 4
9464 9
7634 0
10830 2
9465 2
7642 0 6
7643 0 0
7649 7
7651 0 2 0 0 0 0
7652 3 3 3 3
7657 6 6 0 4 0
7660 8 4
7661 6
7662 6
7664 8 8
7668 0
9257 0 0
7672 4 1
8398 9 9
5711 7 1
7675 9
7678 6
7681 9 9
7682 9
7683 8 8
7684 0 9
1281 6 6 2
2647 0
7692 6
7697 4 3 4
7698 1 1 3
9475 6
7702 4 8 4 4
7708 2
7711 3
7715 9 9
7716 7 1 3
7718 3
7721 3
7722 3
7728 1 1 0
7729 2 0 2
10623 0
7737 3 1 1
7739 4 7
7740 2
7741 3 3 3
7742 0 7
7744 1 4
7745 1 1
8714 0 0
7750 1 0 3 3
7754 4
7757 9
7769 6 6
7774 4 6 4
2661 3
7780 1
10854 1 3
7784 6 0
1623 3 3
7797 6
7798 2
7799 9
7800 4 6
7803 0
7804 0
7805 6
7806 0 6
7811 0
7813 6 4
7814 9
7819 3 1 3
7822 6 0 6 0 0
7826 1
7827 2
8444 6 0
7832 6
8132 3
7836 4
7839 2
7842 9 4
7843 3 3 3 1 3
7844 9
7850 1 1 3 3
7853 0 0
7854 4
7855 3
7865 6 6
7876 3 8 2 0 2
7877 6
7878 1 3 1
7880 6
2679 4 2 4
7888 0 0
7892 7
2681 0 6
1316 6
7898 9 9
7899 9
6778 3 3 3
7904 9
7906 3 1 3
10875 0
7913 0
7915 3 2 8 3
7924 7 6
10878 0
7927 9 9
7928 0 4 0 2 2
7931 6
7938 0
7940 0
7947 3
7948 1 3 3
2174 9
7951 2 2
7953 0
7955 9 6
7961 9
7962 2 9
7965 7
7967 7 0
7969 6
7970 0
7972 2 4 4
7973 7
7976 0
7977 3 3 1 3 3 1
7982 4 4
7983 0 4
7985 3
7987 0 0
7989 3 3 1
5176 4
8995 3
7995 0
7996 2
7997 3 3 3 3
8002 0 2 3 1
8009 4 4 4 4
8010 3 3
8011 6 2
8014 2
8015 2
8019 0
8022 3 3
8023 3 3 2
8027 6
8031 3
8039 0
8044 4 7
8047 4 9 2
7633 9
8051 3 7 2 1
268 3
8056 4 7 7
8057 9
8058 4
8059 2 1
541 1
2709 3
8064 0
8067 3 1
2178 0
9537 2
8072 0 6
8074 6
8078 6
8080 6 0
8083 3 1
8084 9
8085 2 2
8086 6
8089 4
8094 9
8097 1 8
8099 0
8100 2
8105 6
8107 2
8109 3
8110 7 4 1 4
8114 1 2
2718 2
8120 6 9 0
8125 3 1 1 3
8126 8
8131 3
9818 6
8136 6
8137 0 0
8141 0
8143 0
8146 4 0 2
8148 9 4 7
8155 1 3 3 5 1
8157 0
8674 2
8160 4 7 7 7 7
8167 1
8168 6 0
8169 4
2727 7 0
8174 8 6
8176 6
8178 0
8179 6 0
9556 2
8188 2
