8193 9
2 7
3 6
8200 2
8202 3 6
8203 6 4
8205 0
15 3
8209 3
20 9 0 9
24 3
26 0
28 3 3 3 3
8223 6
8228 7 1
38 9 9
9564 6
10930 3 3
1373 0 9
8240 0
8 5 5 5 5 7
54 2
8251 3 1
62 9 9
63 7
8257 1 0 9
66 6 6 4 4 9
11 4
68 0
69 4 0 9
71 1
72 4
74 7 0
8267 1
8269 6 9 0 0
8271 7 0
8273 6
84 4
85 7 7 6 6
8278 1 1
8284 4
8287 0 6
8290 1 3 3 3
8292 3
101 6 0 9 0
8295 1 1 2 1
105 3 3 5 5 5
8301 3
8302 6 9
111 6 2
112 3 7
113 7
115 9
117 4
118 9 0 0 0
120 7 1
8316 0
125 4
8318 3 3 3
128 0
131 6
8325 1 1 3 3 1
8326 9 9 9 0
138 6 9
139 6
8332 0 2
8333 9 0
8336 5 5 5 5 7
146 0 4
8340 7
8343 3 1
152 9
4915 7 6
8346 0
8347 0
156 3 1
8350 4 3
8352 9 9
8353 0
8354 2
8356 1
8359 9
8361 1 3 3
8362 2 0 0
8365 2
175 6
176 7
8370 3 1
8372 9
8375 9
8377 2 0 0
8379 9
8380 4
8383 9
8388 5
199 9
200 9 6 9 9
8393 4
9591 0 6
204 7 7
205 0 0
2765 7 7
8400 9
212 0
8406 3 3 3 3
9593 0
8408 6
217 9
8410 1
8411 7 2
222 0
8417 1
226 9
8421 2
233 6
237 0
241 3
243 3
244 0 4 9 0 0 0
8437 9 7
8438 0 0
248 9
8444 9
8445 6 9
260 4
8453 0
8454 0 6 0
8455 9 9 4 3 0
264 1 1
267 4 4
9602 9 0
272 3
8465 0
274 5 5
278 9 0 0
8472 0
8475 2 2
284 9
285 9
8479 3
8480 0
289 8
8484 0
293 6 6
8486 9
8487 0
300 3 3 2
302 2 2
8495 1
8496 4
305 2
307 7
308 9
310 0
8503 0
8505 3 2 5 5
8509 6
318 2
322 0
8515 3 1 1
8516 9 9
325 0
8518 3
327 6
330 0
331 7 2
333 1
8527 2 9 9 0
8528 0
8529 6 6 9
338 4
8531 3 3 3 3 3 1
8532 4
342 0
343 9 0 7 3
344 2
8537 0 0
8538 9 9
8540 9
8542 6
351 1
8544 3
360 7
8553 6 2
364 4
8557 1 3
8561 6
372 9 0 0
8565 0
8566 0
376 4
8569 3 3 3 3 1 1 3 3 3 3 4
379 0
381 2
382 4
1429 7
8577 0 0
388 1
1430 3
391 4
8586 2 1 3 3 2
8587 0
8258 9
8591 9
400 0
8593 4
402 3 3
8599 3 1 3
8600 3
410 3
411 9 6 9
8606 0
8607 3
8470 1
8614 9
2469 4 4
8618 4 9
8621 6 4
432 1
8628 9
442 2 1
8635 2
444 7 9
445 9
8640 0
451 3
453 2
457 6
459 9
460 6 9 9
462 3 5 5 5
463 7
464 2 6 4
465 6 4
467 0
8663 4
472 2
473 3
79 2
476 5 5 7 7
8669 3 3 3
478 0 1 0
480 2 2 1 3 3 1 3 3
8673 0
8674 6
483 0 4 7
8676 0
8678 0 9 0 0 6
8684 6 0 1 3
493 3 3 3
8688 3 3 3 1
8693 9
8694 9 9
8695 9 9 2 3
8696 3 3
8697 0 7
506 3 9
507 0
509 3 0
510 0 0
512 7
514 9
515 0
518 2 0
519 7 1
8713 9 7
522 3 9
8715 6 0
11010 9 9
527 4
8720 9 9 7
8722 0
531 1 3 1 3 1
8725 9
8728 9
539 2 2
8734 3
547 7
8740 9
8742 4 4
551 7
554 6 9 7 0 9 6 9
555 7
556 0
558 4
8751 6
8752 9
561 3
562 9 0
8755 6
566 0 7 7
567 3 4 7
8762 9
8763 2
572 6
8765 3 3
8766 3
8767 3 3 3 3 1 1
578 9 1
579 0 9 3 7
8776 5 5 5 7 6 0
2828 6 9 2 6 6
8779 3 1
8781 9
590 6
591 0 0
592 6 4
8788 9 6 9
597 7 6 4 4
8792 0
8793 9 9
602 6
8795 0
609 9 7 9 0
9659 2 3
8804 9 9
103 3
11026 3 1 3 3
8814 2
623 5 5 7
8816 2 0
628 3
8297 1 3 3
632 4
633 0
9663 9
636 0
637 3
8830 1 3 1
640 4 9 9 7 9
8833 0
8834 7
643 8 7
8839 8 4 7 0 6
8842 3 0
651 3
653 2
8847 0 0
656 3 3 1
657 0 7 0 0 9
658 6 9
8851 9 0 0 4 9
8853 0 7
8854 3 3
663 1 1
8857 9 7
8858 0
4207 9 0
671 7
672 3
673 3 1
674 1 1 2
677 0 0 4 8 4 7
8874 6 6
8876 3 3
690 3 1 3 1
691 7
692 9 2 9
8885 0 4
694 0
695 9
8889 7 6
698 9 7
701 0
8894 0
8897 0 6 9
8899 3 3
708 0
711 3
8904 4 6
8905 5 5 5
8910 3
9677 3
720 9 9 6 0 0 0 9
8915 0 0
725 3
8919 0
730 7 2 3
733 4 0
8926 3
8927 9
8928 0 9 0 1
737 0 6 0 9
739 3 3
740 9
741 1 1
743 0 6 0 6
8936 6 6
124 7
747 0 7
750 9 9 9 0
751 5 5 1
8947 7 2
759 0
760 6
9684 2
2858 0
8959 6 9 4
771 7
8966 3
8967 0
8968 2
8969 1
778 1
8971 9 9 6
780 3
8973 9
8974 1 2
784 3
786 9 9
788 2 7 7
792 1 3 3 4
793 3
2863 3
797 0 9
8990 1 1
8995 3 2 1 3 3 3
8996 0
806 1 1
9004 9
1501 9 9
9008 0 6
9010 3 3
819 0
9013 3 9 6 9
824 9
9017 3
826 0
8330 9
9024 9 6 9
1504 6
834 7 5 5
9030 9 7 6
9031 0 9 9 9
840 7
842 7
9036 0 9
9037 3 1 0
846 4 4 4
141 9
9047 3 1
856 5 5 5 5 5
857 4
9050 0
9054 6
1509 5
9056 2
9057 1 1
866 3 3 3 1 1
867 9
9060 0
869 0 9
874 0
9067 3 3 3 3 1 1
9070 1
9074 2 2 1
9076 0 7
9077 0 7
9078 2 3 1 3
9705 6
9080 3
889 9 9 9
891 3 1 3
892 2 3
895 4
898 0
899 0 8
900 0
902 9
9095 9
904 4 9 7 9
9097 4 6
9099 1
9100 6
9101 3
910 2
9103 0
9104 0
9107 1
9108 0
9110 2 1 7
919 7 6
9113 0
9115 1 3
928 9 0 1 1
930 0 4
933 0 6
1521 1
937 9 7 6 6 7
938 2
9131 6
940 9 9 0 2 9 9 7 7 2 0
9134 1 2
943 9 2
944 9
948 4
9141 2 7
9143 8 4 2
952 3 1
9146 9
9149 9
958 0
9152 1
961 9 7 7 7
965 1 1
966 0
9159 2 0
9160 3 3 1
9164 6
162 3
9720 6
9170 4
9172 3 1 3 3 1
983 9 9 0
984 3
9177 7
9178 3
987 9 9
1530 9 3
990 1 1 1
9184 9
993 1
9186 7
996 0
9190 8 4 8 0
9191 9
9192 7 5 5 5 6
1002 4
1003 7 7
1004 3
9197 0
1006 9
1008 6
9205 9 2 7 9 7
1014 9 0
9207 0
9208 3
1017 0 3 3
9211 0
9213 1
9215 0 7 0
1024 2
1025 3
1026 9 2
9219 7 8
1028 3 1 1 2 7
11094 9
1031 9
9225 9 7
1037 0
1038 0 1
1039 3 3
1040 9 6
9233 3 3 3
9234 3 3 3
9235 3
9243 2
1052 0
9245 9
1055 3 2
9250 3
1060 7 9
1061 0
1062 9
1063 1 1
1064 2
1065 1
9735 6
9260 9 7
9262 6
9263 0 4
1072 9 9 9
1073 9
9268 6 4
1078 9
1545 1
1080 9 9
9273 7 5 3
1082 0 0 0
1084 9
2491 1
9278 9
9038 3
1093 0 0
9287 9 2 0
1097 2 0 6
9290 6
9292 9
1101 3 2
9295 0 9
9298 4
9299 3
9300 3 3 3 3 2
9742 9
1111 6 8 4 0 0 1
9305 0
9308 0
1118 1 3
9315 0 2
1125 2
1126 9 9
9319 0
1129 2 9 6 0
1130 0 0
1132 7 5
1135 6 0 9 2
9329 6 0
9332 6
9333 9
1142 6 6
1143 9
9336 9
1151 3
1152 4 9 0
9345 3
9348 3 3
1161 0 0
9354 0
9356 7 2
1166 2 2
9752 9 3 1 0
1170 0
9365 9 6
1176 5 5 5 7
1177 1 1 1 1
1178 6
1179 7
1181 9
1182 9
2928 4 4 4
1190 0
1191 3
1192 9 9
9387 1 1
9390 9 9 0
8392 0
1202 0 9 2
2931 1 1 1
1205 9
201 4
9401 0
1211 0 9
1212 9 9 7
9405 4
9406 0
1217 9 7 7 5 5 5
1219 9
9412 7 9
1225 3 3 2
11127 4 6 0
9420 1
9421 0 9
9423 7 9 0
1233 9
9429 3 3 1
9430 9 9 7
9431 9
9435 0 9
9439 0 0
1248 0 9 0 0
9441 5 5
1250 9 0
9443 0 9
1253 6
9446 9 3 0
1255 4 6
1256 1 3 1
1257 0
9451 2
9452 9
1261 2 9
9456 2 2 2
1268 6
1272 7 2 0
1273 0 4
9466 2
1275 4 7
1278 7
9471 7 5 7 5 9 0 0
1281 6
9475 9 0
214 0 0
1286 7 5 5 5 5 5 5 5 5 2 2
1287 3 2
1288 9 4 6 9 0
1290 3 0
9773 2
1296 2
9489 3 1
1298 4
9491 9
9494 5 5 7
9495 6
1304 9
9497 0
1307 3
9500 0
9501 3 3 3
11141 7 0 0
1315 9
9513 6 9 9
2951 4
1324 1
1326 9
9519 6 0
9520 0 6 3 1 3 3
9521 3 3 3 3
1330 2
9524 2
9525 0
2953 0 0 0 7 0 9 9 7 9 9 9 9
1337 1 3 1
9530 9
1339 0
1340 6
1342 1
1343 0 0
9536 4
9537 2
1590 8 9
9542 3 1 1
9543 1 3
1352 4
9548 4 9 0 7
9550 3
9552 1
9784 4
1365 7
9559 0 0
1369 7
11151 9
1372 6 0
9565 9 0 9
1375 0
9569 3
9570 3 3
1380 3
9574 6 6
1386 7 0 2 0
9583 3 1
1393 9 9
1395 9
1397 3
1399 3 3
1400 7
1401 9
9594 2
9595 2
1404 9
1406 1
9599 9 6 0 0 0 7 9 0 0 0
1600 7 6 7 9
1410 0 4 0
9603 5
1412 3
9608 9 9 9 0 9
1417 0
1420 9
9616 8
1425 3 3 3
1426 9
1603 0
9621 9 0
9622 3 9 9
1431 1 1 1 1 1
1432 0 0
9625 7
1435 2
1436 2
9631 7 1
9637 6 0
8433 9
1448 1 1
1449 9
1450 3 3 3 3 3
9644 3 3 3 1
9648 7
9649 2 0 9
1458 2
1459 3
1460 0
1461 0
9656 0
1467 0 9
1468 0
1610 6 0
1471 7 6 4 9 7 9 0
9665 6
9666 2
1475 9
1476 0 6
9671 5 5
1480 6
1484 3 3
1485 9 2 7
9678 9 9
1487 7 9 9 9 9
9682 3 1
9683 9
1492 4 0
1494 2 2
1495 6 7
9688 9
1615 9
9692 6
9693 4
9696 4
9701 3 3 1
1511 2 2 0 9 4 6
9704 9
1513 9
9706 0 7
1516 0
253 2
1520 9
9713 0 9 9
9714 1
1528 4
1529 7 0 0 2 4
9722 7 9
9725 0 2 0 9
1534 6
1535 0
9733 0
1542 3
1543 0 4 0
1544 4 8 2
11180 9
1550 3 3 3
9744 9 4
9746 9
9748 4 7
9749 0 0 6
1560 9
9757 6 9 9 9 0 0
261 9 6
1568 0
9763 6 6
1572 8 8 8 8 8 4 0 4 7 7
262 3
11185 4
9769 4
1578 4
9772 0 0 7
1581 3 3 3 3 3
9774 9
9775 1
9781 0
9782 6
9783 1 3 3 1
1592 6 2 0
1593 2
9787 9 0
9789 1 3
9792 6
1601 3 3
9795 9
1604 6
1606 1 3
9801 6 9
9802 2
9804 1 3 3 3 3
9826 1 3
8461 6
9808 9 3
1617 0
1618 1 1
1620 0 0 2
9813 0
1622 3 3
9817 0 0
9821 7 7 0
1634 0
1635 1
9829 9 0
1638 4
9831 9
9833 3 1 3
9834 3 3 3 1 3
9837 2
9839 1 2 1
1655 7 3
1657 9
1660 9
9857 4
9859 2 7
9861 9 2
9862 3 1 3 1 3
9864 1
8239 9
9866 6 6
9869 7 6 3 7 5 4 7
1678 4
9871 7 4 1 1 3
1681 9 6
9874 3
9876 0
9877 1
1686 1
9882 6
9883 9
9884 2 7 5
1695 9
1697 0 2 2 2
1698 0
9891 3 2
1700 0
9893 9
9896 9
9898 8 6
1708 3 3
1713 1
9906 3
1720 9 0
1721 3
9915 0
1724 9
1725 9 9 0 9
1726 3
1727 9
9920 3 3 1 3 3 3
9921 9 4
9923 9 9
9927 1 3 4 4
1737 0
1738 2
1741 9 9
9935 0 7 9
9937 7 0
1746 9 4
1748 9
9941 6 9
9944 0
1756 6
1757 7 2 0
1758 9
1759 9 9 0 6 6 9
9953 0 7
9954 0
1763 6 0 0
1770 3 3 3
9963 1 1
1774 1 1 3
1775 6
9971 1
9973 9
9974 9
1785 7 3 3 5 3 3 1
9979 1
1790 0
1792 0 0
9985 9
5761 7
1801 3
1805 9
9998 2
10000 9 9
1810 6
10003 1
10005 9
10009 0
10010 3
1819 7
1820 0
1825 0
1826 7 2
10019 3 1
10021 4 4
1830 7 0 7 7
1833 0
1836 1 1
1837 5 5 3 1
1838 3
10032 3 3 3 3
10033 1
1842 1 3 3 3 3 1 1
10037 2
10039 6 0 2
1849 5 5 5 5
1850 3 7 5 5 7
10046 9 4 0 0
10049 7
10051 2
10054 9
10055 1
1153 3 3
10057 0
1867 1 4
1869 3
10062 3
10063 8 0 0
10064 2 6 9 4 6 6
10065 1 3 1
1874 9
10069 9
1879 9 6
1880 1
10074 3 1 1 3
10075 0
1884 0 4
1886 2 0
10080 9 3 9
10081 9 9
1893 6 0
10087 3 3
1898 2
1899 6 7 7 7 7 5 5 5 5 5 5 5
1900 4
10093 1 1
10094 3 4 1 1 3 3
1905 9 0
1911 0
10104 3 3
10105 4
10107 9
1916 0
10109 1 3 1 1 3
1685 9 9
10112 1
10113 7
1924 9 1
1926 9
10119 1
10120 7 0 9
10122 6 9 6
10123 1 3 3
10124 2 0
1933 2 0
10126 9
1937 9
10131 6 9 7 9 9 0
1940 1 1 1
1941 7 9
10134 0 9
1943 1
10136 0
1945 7 5 5 7
1946 9
10140 6 0
10142 0
1952 7 7
1953 7
10146 9 9
1956 9 9 0 0
1957 2
1959 7
1960 8 4 4
1961 0 0 9 7 6
1962 6
1965 3
1966 1
1967 3
1970 6
1971 2 0 6 9
1974 3
1975 9
9277 3 3
1977 6 0
10171 0
1980 3 2
10174 3
1983 3
1984 3 2
1990 3 3
10185 3
10187 1 9
9890 4
1998 9 0
1999 2 2
10192 0
10194 3
1699 1 3 3
10200 9
10201 0
10203 3
10204 9
10207 1
2016 0
2017 3 3 3
2019 7 3 5 5 1
10213 1
10214 9
10217 9
2029 1
2030 6
2031 0
10224 0 2 0 9 9 3 9 9
2033 3 3
2036 3 1
10233 6
2045 1 7 1
10239 2 0
10240 0
10243 1 1
2052 1
10247 4 4 4 0
2058 0 6
8535 7 2
10252 0 6 0
10253 7 6 7
2063 0
2064 7 5 5 7 7
10257 6
2067 7
2068 7
10261 0
2070 7 7
2072 3
2073 7
2074 1
10268 0
2077 2 0
10275 2
2085 1 3
10279 9
2089 7
2092 0
1714 7 2
2094 3 3 3 3
2095 4
10288 6
2101 0 9
2103 2
10296 9
2105 5 5 7
10298 0
2109 1
10303 1 0
2113 4 0 4 2
10307 2 7 2 0
2116 6
2117 3
2118 1
2123 0 0
10316 9
2125 6
10318 0
2127 4 7
10321 9
2130 1 2
2131 7 6
2133 3
2134 2 2
2135 0 0
2138 3
10332 2
2142 0 0
10335 7
10336 9
10337 6 7
10339 3 3 3 9
10343 7 9
2152 1 3
10345 0 4
2154 3 3
10348 0 0
10352 9 6
10354 0 6
10356 0
361 9 9 0
10361 0
2171 9
2173 6
2174 9
2176 4 9 9 4
1728 1
10371 3 3
10372 2 9 0
2181 7
10374 0
10375 9
10377 0 9
10379 2 2
10380 0 0
10382 3 1
2193 6
2194 2
10390 9
10391 5 1 3 5
10394 7
10395 4 9 9
346 2
10404 4
10406 9 0
2216 6
2227 4
2231 2
10424 1
10425 9
2235 3 3
2238 1 0
10431 0 2
10436 1 1
2246 2 2
10441 2
10443 1
2252 9
2253 3 3 3
9933 2 1
10448 6 9 0
2257 7
10450 0
2259 7 0
2260 3 1 3
10453 9 0 0 0 0 0
10455 3
10460 3 3 1
10462 0
10463 6 0
10464 4
2273 1 3
2275 0
9623 2 7 0 9
2279 9 9 6 9 6
2280 9
10473 2
2285 9
10479 6
2289 3
2290 9 9 9 9 9 0 9 6
10483 6
2293 0 0 0 9 9
10493 0
2302 2
2305 0 4 4
9624 6
2307 9
2308 6 0
2309 0
2310 4 2
10503 4
3116 9
2314 6 0 0
2316 0
2320 7
2321 6 0
2323 1
2326 4 0 9
8580 9
10522 3
10524 6 1
2333 0
2335 3 3 3 3 3
10530 0 9
10531 3 3 3 3 3
10533 3
10536 7 7
10537 0 6
2347 7 7
2348 2 2 2 7
10541 1
10542 9
10543 2 9 0
2353 0 7 2
2354 0
2355 3 1
10550 7 0
2359 2
2360 4 0
10553 1 1
10557 0
2369 0 7 5 7
10562 3
2373 3 1
2374 3 3
2377 3 3 3 3
10572 8
10573 6
2385 9
10578 9 9 0 6 0
2388 0 6
10581 9
10584 6 9 9 6 9
2393 0
10586 3
10587 9 6
2399 1
2400 7 1 2
2401 2
2402 0 0 2
2403 7 0 2
10598 2
10601 1
10604 7
2413 0
10610 8
2423 0
2425 3 3 3 3
2429 0 9 9
2430 1 1
10624 1 1
2436 9 9 6
10633 7
2442 3
2443 1
10636 6
10447 4
2447 9 9
10641 9 8 1
9966 0 0
10647 9
2459 7
2460 9 0
2462 0
10656 0 2 4
2465 9 9 9 9 9
10658 2
8603 0
10661 7
10662 6 8
2471 0
2472 0
2474 1 2
2478 7
10671 6
10674 2
10677 0
10679 2 6 0
2488 6
5876 1
415 4 0 9
10685 3
1781 1 2 3 1 2
2500 0
10693 0
10694 9
2505 7 0
10700 0
10701 2
10703 6
10704 6 6
2513 2 0
2515 0
10709 6
2518 2 7 7
10712 2 1
10713 3 3
10714 9
3151 9
2526 9 6
10719 6
10720 0 9 9
10722 3 1
10727 0
2536 2
10731 6
10733 0
2542 9 0 0
10739 4 9
10740 1 3 1
9982 7
2550 3 3 1 1 1 1 3 1 1 7 7 7 3 1 1 3 3 3
425 9 6
2554 0
10748 9
2557 0
2559 0
2561 3
2563 6
2564 2
10757 0
1793 2 2
2574 7 5 5 5 5
2575 0
10772 6 0
10773 0
10775 6 7
2584 0
2585 0
10780 3 3
10783 1 3 3
10785 4
3163 7
10788 9
2597 2
2598 4 7
10791 9 2
10792 5 5 5 7
2601 3 3 7
10796 2
10797 5 5 5
2606 0
10800 3 3
10803 3 3 3
10804 6 0
2613 0
2614 3 3
5897 4 4 4
10809 3
2619 2 3
2623 7 8 2
2625 0
2626 5 5 5 7 7
2627 3 3 3
10822 0
2633 6 0 6 7 9
2634 7
2635 7
10830 9
10832 9 0
10833 9
2642 1
2644 0
2650 0 9
10843 3
2652 3 3
10845 0
2654 9
10847 6 9 6 0
2656 1
1808 1
10850 3
10851 7 7
2668 2
10002 3 2
10863 0 0
10865 4 2 0
10867 9
2676 9
2678 2
10871 0
10872 3
2682 6 2 9 0 0
10878 7 9 0 2
448 6
2690 0 6 4
10883 0
2693 0 2 2 7 4
2696 9
2697 0
10891 7
2702 7 7
2703 3 3
10898 9 9 0
10899 0
10901 0 0 6 0
10903 7
10905 6
10910 3 3 3
8645 2
2720 0 9
10913 7 1 9
10916 0 0
2727 8 7 7 7
2728 0
2729 9 9 0 9 9
10922 9 0 0
2731 1 7
10926 9 9 7 0
2735 3 1 1 3 3 5 5 1 1
2736 3 3
10929 0
2738 9 9
10931 0
10932 9 2 0 0
10935 0
2745 1 7
10939 3
2749 0
10942 0 6
2751 7 6 7
10945 5
10946 3 3
4555 1
2756 4
10951 3 2
10953 3 3 3
2762 0
10955 6
10957 3 1
2768 3 3 3 3
10963 0
10964 0 7 9
2782 1 2
10975 1 3
2785 0
2789 0
10982 6
8657 1 1 0
10988 7
2801 6 0
8659 0
2806 7 0 0 6 9
10025 1
11000 7
2811 0 7 9
2813 3 3
11006 4
2816 9
3367 9 9
2818 0
2820 3 3 3 3 1 3 3 1 3 3 1 7
2821 3 7 7
11014 3 2
2824 9
11017 2
11018 3
2827 6 7
11020 9
2830 9 7
11023 2
2834 6 9 2
2835 7 6
11031 0
2843 3 0
2844 9 9 9
2846 3
2848 0 9 0 9
1840 7 5
11043 3 3 3 3
2852 2
2853 5 5 5 7
2855 0
11048 0
2857 2 2
95 9
2860 1 1
11053 6
2862 6 9 0
11055 3
11057 0 7
2867 3 1 3
2870 2 0
11066 5 7
2878 3 3
11073 6
11074 9
2884 0 9 9 9 0 7 9 6 0
2885 1
11078 7 4
2887 3
2891 1 3 3 3
482 4
11086 7 0
2896 1
2901 0
2902 3
5693 3 3
2905 2
11103 7
11104 9 0 0 0
2913 0 0 2 2
2914 7 6
2915 3 1
2916 0
11110 3 3 3 3
11111 5 5 5 5 7
2921 6 6
11114 6
11115 0
11116 7
2925 7 5 5 7 5 7 7 5
11120 3
2930 0
11123 6 0 7 0 0
1854 9
2935 1
2936 1 2
11129 4
2941 6
2945 9
2949 1 1 3
2950 6
1857 9 0
11144 0 9
11145 7
2954 1 1
2959 7 9
2960 9 9
2964 0
2971 4 3 1
2974 3 3
11173 6
2982 0
2985 6 9 9 0 9 9
11178 1
11179 0
2988 9
2989 3
2990 0
11183 7
2992 2
2993 9
11189 3
11192 7 7
8556 2 2 1 3 1
3003 1
3009 9 7
3010 6
10059 2
3012 0
3013 3 1
3016 4
3018 3
3019 1
504 9
3031 9
3034 1 1
1872 9
3042 6 0
3043 1
3046 0 7 0 2 0
1873 0
3051 3 3 3
3054 9 6
8701 3 1 3 1
3056 4 4
3062 1
3064 7
3066 9 0
3068 1 2
3070 1
3071 5 7 5 5 5 5 5 5 5
3076 6
3077 0
3078 0
3080 9
3082 6
3083 3 3 3
3087 9 9
3088 3 3 3
10072 7
3094 2 3
3096 1 2
3097 0
3099 0
1882 9
2831 9 5 5
3105 6
3107 3 1 3
10742 3 1 1
3114 7 6 9 0 6 6
3115 1 1 1
10659 0 0
3119 3
3122 3 5 5 3
3123 9 9 9
3128 2 1
3130 4 9
3133 9
377 0 9
3137 3 3 3
3140 3 7
3141 0
3145 9
3149 9
2287 2
3158 9
3159 3
8719 0 0
3164 9
528 6
3170 0
3179 3
10948 6
3181 4 6
3188 0
3189 0 6
3192 9
3195 0
3198 4 0 4
10091 4
3207 5 7 7 5 7
3208 9 4 4 4
3209 2
3228 0
3229 9 9 9 9
3231 9
10746 7 6 9 7
3235 7
3238 2
3239 0
3240 3
3243 9
3252 9
3253 3 3 3 3
3256 0
3259 9 7
3265 0 0 7
3267 0
3270 0
3280 0 9
3286 9 7 6 0 9 9 6
3287 0
3289 0
3293 0
3297 9
3301 6
3303 7
3307 4
3312 0
3318 5 5
3319 2
3324 1 1 3 1
3327 6
3329 9
3332 1 3 3 2 1
3333 1
3337 7
3343 6
3344 7
3349 3 3
3352 2
10116 9
3357 0
3360 3 7 3 5 5 5
3362 3
3364 6 0
8753 9 6
3368 9
1928 1 6 2
3384 9
3388 5 5 5 5
3394 0
1931 9 7
3396 3 1
3400 0
3401 0
3403 9
3404 9 9
3405 1 3 3 1
3409 7
3414 0
3415 1 3 3 1 1
3418 0 4 2
3421 0 0 2 0 0 2 1 2
3422 0
8764 3
3434 9
3435 9 7 1
3444 9 0 6 0 0
3447 3 3 3
3449 1
3450 4 3
3454 3 3 3
10133 1 3 3
3462 0
3464 0 9 2 7
3465 2
10481 2
3470 2 6
3471 2 1 1
3472 9 0 9 6
8771 7
3480 4
3481 0
3486 3 5 5 7
3487 9
3488 9
3490 0
3492 1 3
3494 3
3495 2
3498 2 1
3501 0 6 9
3502 0
3505 1
3506 0 7
3507 6
8573 4
3512 9 9
3516 9 9 9
3517 4 2
3519 6 4
3520 6 6 4 7
3524 9
3527 0 7
3532 9
1954 5 5 5 5 5 5 7 7
3538 0
3539 4
3540 3 3 3
8782 2 0
3542 1
3548 9 9
10211 9 6
3561 9 9
10151 3 2 2
10152 1
3573 6
3574 7 5 5
3577 7
3582 0
8789 0
3590 6 4
3594 9 7
8303 4
3598 1
3601 0
3602 6
3603 9 7 9 9
3608 9
3609 9
10759 9
7431 6 0
10162 0
3631 4 1
10163 9
3636 2
3639 2
3643 0
3644 3 3
3645 3 1 1 3
3650 6
3651 9 9 9
3652 2 0
3657 0
3660 1
3664 3 9 9
3665 9
10499 6
10169 2 1
3672 1
612 7
3680 3 3
3681 7
3686 9
3687 0
3689 0 0
3692 9
3696 0
3699 0 6
3700 9 7
1982 0
3702 4 4
3712 2 2 9
3719 8
3722 0 0 9 1 3 3
3724 4
3728 7 5 7
3730 1
3731 7
622 6
3734 7 0
3735 1 1 3 2
3739 6
3742 9
9814 9
3744 0 0 4 3
3749 3 8
3751 0 0
3755 3
3756 0 9
9127 0
3769 3 1
3776 9
3783 2
3785 1 3 1 1
3786 0
3789 9
3793 7
3794 2 2
3796 7
3806 3 1 3 3 3
3811 9
3812 4
3814 3 3
3816 1
3819 6
2002 2
3823 3
3832 9
3833 6
3835 0
3836 1
3841 9
3842 9 7
3845 3
3847 9
3848 0
3850 3 1 1 1 3 3 3
3855 4 9 9 0 7
3857 1 1 6 2
3865 4
3866 3
3868 4
3869 0 2
3873 4 0
9949 3
3875 3 1
3880 2
647 0
3884 2
3892 3 3 3 0
3893 9 0 2 2 0
3897 4 0 9
2015 9
3900 6
650 4 9
3904 4 6
3906 3
8935 4
3908 7 9 9
3911 3
3916 6
3918 4 4
8845 5 5 5
3923 9
3924 4
3928 9
3936 6
3944 3
3945 2 7
3947 2
3951 2
3967 3 3
3969 1 1 2 1 2
3974 0
3976 0
3980 6 6 0 6
3984 0
3985 0 9
3988 0
3993 6
2588 2
3999 6 2
4002 4 7 6 2
4003 6
4004 9
4007 9 9 7
4008 4
4010 3
4012 2
4014 7 0
4022 9
4023 1 3
4025 9
4026 9 9 9 9 2 9 4 0 9 0
4029 9 0
4030 4
1827 3
4033 3 3
4036 4 4
4041 0
4044 6 9
4055 9 9 0 9 9 9 9
4057 0
4058 3 1
4060 7 9 0 0
4064 9 6
4069 9
4072 3 3 3 3
4077 2 3
4078 2 3 1
4079 9 9
4080 0
4081 0
4084 3 1
4088 7
4089 1 3 3 1 1
4090 1
4093 3 0 0
4094 3 3 1 3
4097 1 1 1
10502 0
4099 0
4103 7 7 3
4104 9
4107 3 3 3 3 3 5 5 5
4111 9
4112 4
4114 3
4115 0 4
4116 1 3
4119 9
4120 9
4124 9
4126 9
4128 1 1
4133 4
4134 7 4
4135 0 0
4136 0
4137 0 0
4143 1
4146 2
4153 0
4155 2
4157 1
4161 6
4164 2
4165 3
4168 7 7 9
4171 9
4175 1
4178 2
4179 9
10255 9
4188 3 3
4190 0
4192 1
4201 7
4204 9
8893 6 6
4209 9
4210 9
4214 4 3 3
4219 1 3
4223 9 9 9 9 9
4224 1
4226 1
4227 3
4236 3 3 3 1 2
4241 3 3
707 0
1883 6
4245 9
4246 0 7 7 0 9
4251 6
4253 9 0 4 6
4256 7
4261 7 0 9
4262 7 3 3 3 3
4263 0 0
4266 2
4267 3
4268 4 3 1 9
4269 0 2 0
10269 3 1
4276 5
4278 9
4279 9 2 0
4287 0
4288 1 2 1
4298 6 9 9 9 9 9 9
4305 2
4306 0
4311 2
4314 6 2 0
4319 3 2
8912 7
4324 3 1 1 1 1
4330 0
4331 6
4332 9
4334 9
723 7
4342 9
4344 0
4347 6 2
4351 9
4357 7 0 2
4358 0 7 7
4823 4
4365 0 7
4366 3 1
4371 2 0
4373 9
4376 9 6 0
4378 4 8
4380 2
4383 3 2
4384 4 2
4387 9 9 9
4389 4
4390 2 3 3 3 3
4391 9
4395 4
4402 6 9
4409 1 0
4412 3 3 3
4413 9
4414 3
4419 0
4420 2
4427 9 9 6
4428 6 2
4432 9 9
4441 0
4442 9 0
4453 9
4457 3 9
4459 3
4460 7 7 4
4463 9 6
4464 1
4465 6 9 9 0
4466 7 5 3 3
4469 1
4475 3 2
4477 3 1 2
4479 9
4480 3
4481 3 3 3
4484 2
4489 2
4495 3 3
4496 7 7 5
4499 0
4500 9 9 9
4501 1
4506 2
4510 4
4516 0 0 9 6
10310 6
4519 7 7 9
4522 2
4524 2
4530 1
4537 9
4542 9
10315 3 3
4550 3
4551 1 1
4552 9
8951 2
10317 9
4560 9
4561 2 2
4564 9
8953 2
4572 0 9 2 9 0
4573 6
4576 3 3 3 1 1
4577 1
4579 3 3 3 3
4589 6
10323 6 9
4597 3 3 3 3 3
153 7 7
4602 0 9 9
4603 0 0
4604 0
4608 1
4613 7
4614 1
4620 7
4624 7 6 0 4 4
4625 0
4626 9
4627 9 0 9
4629 0 0
4632 5 5 5 5 5
4635 4
10330 3 1
4638 7
4641 9
4645 3
4646 6 6
4648 0
776 0
4658 3 3
4661 6
4663 4 9 9
4666 9
4669 2 1 2
4670 3
4672 0
4678 6
8972 4 0
4683 0 0
4686 4
4690 4
782 1 1
4697 1 3
4699 1 3 3
4700 3 3
4701 1
4703 9
4705 9 0 0
4715 4
4720 0
4883 2
4724 2 2
4725 9
4726 2 2
4729 6
4735 9 9
4740 2
4741 0
4742 3 3
4747 6 7
7619 3
4757 1 3
4758 0
4759 3
4761 0 2
4763 6 0 0 0 9
4767 9 0
4773 7
4776 0
4777 4 6 6 0 2 4
2162 0
4784 7
4786 9
4788 8 0
4789 1
4796 0
4801 9 9 7 9 9 0
4802 0 2
4804 6
4806 3
4807 6
4808 0
2167 3
3533 2 1
4816 1
4822 0 9
2169 6
4828 9
4830 1 1 1
4833 0 9
4835 1
4836 9
4844 6
4845 5
414 0 7 2
4851 9
4852 9
4853 4
4855 3 1 3
4860 0
4861 6
4864 9
4869 3 1 1
2179 3 3 3
4884 9 7 9
4885 9
4886 7 7 2
4887 2
4889 3
4890 3 3
4892 9
4894 0 4
10373 3 3
4900 2
4901 0
4904 6
4908 1
4909 6
4911 5 5
4913 2 6
9011 6
4916 7 7
4918 6 0
9711 6
4924 7 6
4925 0 9 6
2187 0
4933 0 0
4939 9
4941 6
4943 7
4944 6
4948 3
825 1 1
4956 2
4959 4 4 4
4961 1 2 1
4964 9 0 6 9 6 6
4972 6 4 0
9021 2
4979 1 9 9
4985 9
4989 1 2 1 1
4990 3
4993 7
4998 2
5000 9
5001 9
5002 5 5 5 5
2199 9 3 1 9
5004 9 0
5007 0
5008 0
5009 3
4931 0
5016 6
5022 2 0 9 2 6
5023 2
5024 7 5 5 7
5028 2
5030 6
5035 9 9
5036 7
9032 1
5042 6
5044 3
5047 9
5049 0
5050 6 9
5052 7 9
5055 0
5057 1 1 3
5058 3 5 5 5 5 7
5059 3 3
5063 3
5064 0
844 7
5066 3 1
5067 6
5069 3
5076 6
5077 1 1 3 1
5083 0
5093 1 3
5094 4
5098 0 6 0
5102 1 3
5108 0 0 2
3583 3 3
5116 7 7 7
5119 9
5120 3 3 2 3
5121 0
5125 0
5129 2 1 2
4951 9 5
5133 0
5141 0
10264 2
5148 3 3
5151 6
5152 5 7 7
5153 1
5154 9
5159 4
5161 3 1 3
5165 4 4
5167 1 3
5168 9
862 6
5175 3
3635 7 2 0 2 2 2 2
5178 0
5182 9
5185 9
5191 7 9
5197 7 7
5198 0
5202 2 3
9059 9 0 0 0
5204 3
5208 9 9 2
5209 0 0 0
5217 1
5218 6 9
10427 6
5220 3 3 1 1 1
5222 3 9 9
5223 2 0 0
5230 9
5231 3 3 1 1
5232 0
5243 2
5244 5 5 5 5 5 5 5 1 1
5245 6
5246 3 3 3
5247 1
5250 3 3
5255 3 3 3
5260 0
5267 6 9
878 0 9
5270 7 6 6
5273 0
5278 0
5280 7
5283 1 3
5291 1
5296 2 2
5302 5 5
5304 1 7
5305 9 7
5306 1 1 3
5308 0 0
5310 9 0
5314 6
5315 6 4 7
5316 9
5323 9
5324 3 1 1 1
5325 9
10445 3 3 3
5328 4
5329 0
5331 1
9081 5 5 5 5 5 5 5
5337 6
5339 4
5341 9 0
8634 9 0
5344 2 2
5353 3 3
5354 0
5355 1
5359 7
5360 0
10451 3 1
5369 3 3
5373 0 9
5374 1 1
5382 9 2 0
5383 4
5385 3 3
5389 0
5392 3 3
5393 3
5397 0
5399 9 9
5401 9 9 0 6
5402 7 5 5 7 7 6 6 0
5404 0 1
180 3
5413 3 3
5415 2
5418 9 6
5425 0
5427 5 7 1
5429 9 7
5430 7 5 5 5 5 5 5 3
5435 1
5437 9 9 9
5443 0 4 0 4
5445 6 0
5448 4 2
908 2 2
5450 6
5463 4 4
5464 1 6
5467 9 7 0 0 4 0
5468 4 2
5469 6
5484 1 1 1
5485 2
5486 0
5488 9
5492 9
5499 9 6 9
5500 7 7 0 4
5501 9
5502 3
5503 6 9
5506 4
5508 7 9
5516 6 7 0
5521 3 3 1
5522 2
5525 7
5528 5 5
5530 0 4
5531 9
5532 9
5533 4
5534 9 0
5543 1
5549 3
5550 4 7
5551 9 1
5553 0
5558 9 0 7
2640 1 1 3 3 3
5564 0
5565 0 7
9120 9 9 0 6
5570 9 9
5571 9 9 9
5572 6
5577 6 7
5588 3 3
5596 1
5599 7 0 7
5606 3 3 1 3 9 0
5610 4
5611 6 9 0 7
5615 5 5
5617 0
10494 2
5623 2 3 1 3 3
5627 4 4
5628 9
5630 0
5639 9
5640 1
5642 6
3671 8 6
188 9
5652 7
5653 6 0
5654 9 7
5656 3
5657 0
5658 1
5659 9 9
5664 0
5665 7
5667 2 2
5669 3 3
5670 9
5671 2 7 7
5675 1
5681 3 3 3 3 3 3
5685 0 4
5689 0
10506 3 1
5698 2 0 2
5704 9 0 2 1 6 9
5705 1 1 1 3 3 3
5713 9
5714 0
5715 0 6
5718 1 1
5719 9
5721 9
5722 5
5723 9
5724 9
10512 1 2 3
10513 7
5736 2 9 6
957 2
5744 3
5745 3 3 3 3
5747 9 0
9150 1
5751 7
5752 9
5756 6
5758 1
5759 4
5760 3 3 1 3
960 4
5762 2
5763 9
10518 0
5766 9
5775 0 0
5781 4
10521 7
5784 0 6
5785 2 2 2 2 2 2
5790 9 9
5794 2
5798 1 1
5804 9
5807 0 0 0 9
5809 3
5818 6
5819 7
5820 1 2
5823 0 7
5825 0
5826 9 9
5828 0
5831 7 7 9
5837 0
5838 3
5840 0
5845 1
5847 4 0
5856 0 0
5858 6 0 9 6 9 2
5862 2
5863 6
5864 0
5865 7
5867 1 9
5868 6
5873 7 5 3
5874 4 1 3 1
5875 1
10834 6
5880 0 9
11107 1
8652 7
5886 3 3 1
5889 9
5890 0 9 9 9
5895 4
5896 0
10540 7 7 9 7 0
5900 0
5903 9 9
5906 7 2
5910 7 7
5911 2
5916 9
5920 6 9 9
5921 1 1
9179 0
5925 3 3
10545 9
5932 9 0
5941 9 0 9 9 9
5942 3 3
5944 2
5948 9
5952 6
5963 9
5966 6 7
5967 7 0 7 6
5968 3
5970 0
9188 4
5982 9
5983 3 3
5984 0
9096 9 2 0 6 0
5989 5 5
5991 0
999 4
477 6
6005 6 0
6007 0
6010 4
6012 9
6013 3
6016 2
6017 9 9
6023 0 9 4 6 6
6024 9 6 6
6026 6
6027 3 3 3 3 3 3 3 3 3 3 3
6029 9 9
6036 2 0
6037 3
6039 9 9 9
6048 6
6049 6 9 9 9
6051 3 3 3 1
6052 9
6053 6 0 9
6057 0 7
6059 9 7
6065 2 2 3
6068 1
6076 2 0 0
6080 7 7 4 5 7
6083 1
4567 6
1015 9 9
6092 9
6099 2
6102 0
6103 3
6104 9
6114 6 3 1 0
6115 2
6118 6 0
6122 7
6123 6
6128 3 3 3
6129 2
6131 1
6135 9 9
6136 4 1 4
6138 4 7 9 9 9 0 0 9 2 6 7 4 9 9 0 9 7 2 0 9 9
1023 7
2389 7 7 6 6 6
6144 4 9
6151 4
6152 2
6155 6
6162 3
1027 0 9
6169 7 5 7
6171 0
6185 1 3 3 2
6191 3 3
6194 7 7 5 7
6196 2 4
6200 5 5 5 1 1
6202 7
6207 1
6209 3
6214 1
10593 3
6217 0
6220 3
6223 3 2
6224 4
6225 0
10595 7 1
6228 9
6236 7
6237 9 0 6
8391 6
6240 3
6241 3 2
6242 1 3
6250 2 1
6254 3
6256 3 3
6257 2 7 9
6262 6
6263 1
6264 2
6272 1
6274 6 6
6276 1 7
6279 3 1 3 2
6281 6
6284 7 0
6287 2 0
6299 9
6300 9 0
6302 9
6304 0 7
6306 7
6307 9 6
6312 9
6315 3 3
6318 9 9
6323 3
6324 7 4 4
6327 6 4 4 9 4 9
6329 9 0 0 9
6334 6
6335 4 0
6341 1 3
6346 1 1
6347 2
6353 6
6362 0
6364 1
6365 3
6366 1 2 1
6369 0
6371 0
6376 2
6378 9
6383 7
9256 9
6387 6
6388 1 3 3 3
6389 4 0
6395 0 7
6396 3 3
2432 1
6402 2
9259 0
6407 8 2
6408 3 3 3 3 1
6421 2 2 0 2 0 0
6422 0 0 0
6427 9 9 0
6429 1 3 1
6431 0 9
6433 0
6438 0 7
6440 0
6442 7
6447 7
6450 3 1
6452 7
6456 3 3
1076 7
10634 7
6465 3 3
6469 3 3 5 5 3
6475 6
6479 3 1 1
9272 3 3 3 3 1
6482 1
6484 2 9
8672 3
6486 2
6494 0 7 0 0
6497 2 9
6502 2 2
6504 1 3
6506 3 2 3 1
6511 9 9 9
6512 1
11128 3 3
6518 0
6519 2 7 2
6522 7 7
6523 1 1
6527 4
6528 9
6529 6 0 7
6532 3
6537 6
6540 9
6548 6 9 9 0 0 0 9 0 2 6 0 2
6551 7
6552 0
6573 6 9 6 0
6577 4
6581 2
6584 2
6587 3 1
6588 3 1
6589 1
2464 9 9 9
6594 7 6
6596 1
6598 9
6599 0
6601 0
6603 4
6604 2 4
9293 9
6609 3 3
6611 3 2
6615 7 0 6
6617 9 9
6619 9 9 6
6621 3
6623 0 9 9 9
6624 9
6625 2 3
6627 2
6629 7
6630 9 4 7 7
6634 0
6635 3 3
6637 6
1107 0
6644 7
6651 4
6656 1 2
6657 9 5 5 5 5 5 5 7 6 7 9 6
6658 1
6669 1 3 3 3 3
6672 9
6676 4 0 0 2
1113 3
6680 2
6690 3
6693 2
6705 1
6707 0
6708 0
6710 9
6713 9 0
6715 7
6717 9 9
2485 9
6721 2
6722 0
6723 3
6726 2
6730 5 5 5 7
6731 2
6733 9
6739 6
6746 3
6749 0 9 9 0
6751 0
6754 6
6755 2 2
6756 9 9 9 7 0
9318 3 7 5 5 3
6762 0
6763 9
6766 9
6770 0 0
6773 3 6 4
6776 0
2495 1
9322 6
6783 1
6785 9 6
6787 1 4
6788 2 6
6793 0 0
6795 5 5 7
1409 3
6806 7 6
6810 9 4
6813 6 0
6814 3 3 3
6815 0
6818 8 4 0 7 8 4
6820 6
6824 7 2
6827 0 0 0 0 2
6828 0
6831 9 0 0 2
6834 2 9
6838 6
1140 0
6842 0
6844 4 6 2
6847 7 4 4
6850 7 0 6
6852 6 9
6854 0
6858 3
6859 6 6
6860 7
6862 0 9
6869 3
6872 1
6877 9
6883 0 6 9
6890 0 9 6
4321 0
6895 0
6896 0
6901 9 9
6902 1 3
6908 4
6916 7
6919 0
6921 6 0
6925 2
6926 9
6929 8 6 6
6931 7 4
6934 6
6941 7
6943 9
6944 7
6954 7 4
6957 3 3 3
6959 9 0 9
6963 4
6964 9
6968 0
6971 3 3
1162 7
1164 1 1 3
6986 4 0
6988 2
6995 7 0 2
6997 9
7000 1
7002 4
7006 3 3
7013 2 0
1169 4
7021 9 0 0
7022 7
7036 0 4 2
7037 2
7042 2 7
2539 2
7049 1
7050 1
7051 2 9
7053 0
7056 0
7059 1
7061 9
9369 3
7064 0 7
7067 3 2 2 1 1
9370 0 0
7073 1
7075 2
7078 6 6
2011 5 5 5
7081 1
7084 4 7 7 7 5 5 7
7088 1
7090 0
7096 6 9 0
7099 4 9
7103 4
7107 9
7109 0 9 6 2
2551 1
7118 7 6 0 0
7124 2
7127 7 5 5 5
7130 3 3
3919 9
7133 9 9
7136 5
7138 0 9
7144 3
7149 1 3 3 3
7150 0 6
7153 2 0
7154 9
7155 4 6
7156 3 1
7158 0
7161 1
7164 0
7170 2
7179 3 4
7180 9 4 2
7182 2
7184 2 7
10756 0
7194 7
7199 3
7200 2 3
7209 8 0
2567 9
7214 9
7215 0
7218 0
7219 9
7222 2 0 7 0
7224 0 6
7225 0
7228 6
7229 2 0
9397 9
10741 3 3 2
7240 9
7245 7
7249 0 0 6 2 9 3 3
7250 0
7254 0
9516 6 9
7256 1 3
7259 9 0
7261 9 9 9
7264 0 0 0 6
7266 1
7267 9 7 9
7268 3
7269 2 2 1
7271 0 9
7272 0
7278 5 5 5 5 5
7282 3 3 7 3 3 3 1 2 0 2
7283 7
7287 9
7289 9 9
8699 9
7300 0 6 6 4 9
7302 7
7306 7 0
7308 1 0
7311 0 6
7313 6
7316 6
7317 7 9 7 7 7 9
1220 7
7331 6
7336 7
7337 0
7338 9 6
7339 2
7347 3 1 3
7350 2
7354 3 1
7365 0
7368 6 0 7 0 7 7
7369 2
7374 2
7375 9 0
7383 3 3 3
7392 0
7393 2
7395 6
7396 4 6
10790 9
7398 0 4
7402 0
7405 9
7406 0 9
7407 1 5 5
7410 9
7413 0 6
7417 7 2
7421 2
7422 3 3 1 3 3 3
7425 3
7427 9 9 0
4339 3 2 3
2604 3 3
7436 1 3
7438 0
7439 0
7443 0
7444 1 1 3
7449 7 0 2
7450 4
7451 7
7453 9
7456 3
7458 7 2 7 7
7463 2
7466 3 1 3 1
7468 3 3 3 1
7470 9 0 9
7472 1 3 1 3 3 3
7474 9
7476 2 2
7479 3 3 3
7485 4 8
10805 5 5 5 5 5 5 5
7489 0 4
1249 3 1
2814 9 5 5 5
7498 9
2615 3
7500 2
7501 1
7502 0
7504 0
7505 9
7512 7 0 4 9 9 0 0 2 0
7513 0 9
7514 1 1 3 3 3
7518 2 0
10811 9 0 0
7524 4 2
7531 9 9
9449 9
7548 2 1
7551 0 0
7553 9
7555 4 7
7559 0 0 9 4
7561 9
7562 0
7565 1
10525 6 9
7569 0
7577 0
7584 9
7586 0
7590 9
7593 1 2
7594 0
7595 0 0
7596 6 0 7
7598 2
7603 1 1 4 3 3 1 3 2 2
7604 3 3 1
7606 0 0
7609 2 3 1
7610 4 9
7613 1
7614 9
7618 1 3
10827 7
7620 0 7
7621 3
7627 0 9
7628 2 3
7639 5 5 5
7640 4
7642 5 5 5 7
7646 4
7649 0 9 9
7651 2
7652 3 7
2641 6 4
7657 0 0 0 0 7
7658 1 3
7659 0
7661 0
7663 2 7
7665 1
7666 2
7667 3
7668 7 7
7671 1 1
7672 2
10836 6 0 2
7677 6 4
7679 9
7682 6 6
7687 9
7690 3 3 5
7693 0 4
7699 2 0 0
7702 9 6
7703 3 7
7704 2 3
7705 3 1 3 3
7707 7 7 2 0
10842 1
7710 9
7712 1
7724 0 6
7725 2
2653 0
7732 1
7733 3
7734 7 3
7739 7 5 5
7742 7
7743 6
7745 1 2
7749 2
7751 9 9
7753 2 2 2 1 1
7757 3 1
7761 7
7762 2 6
7763 7 0 6 0
7767 5 5 5 5
7768 9
7770 2
7773 6
7776 3 3 3
7777 0
7803 0
7805 6 4 0 0
7808 7
7811 0
7817 9 9 9
7821 9 9
2669 4 0 7
9496 4
7829 1
1305 2
7832 0 9
7838 2 9
7843 3 1
7845 0 9 0 4 2 0 9
7847 1 1 2 1
7848 3
7850 3 1
7853 5 5 7 9 9 9
7855 3
7856 9 0
7859 9
7872 0 9 0
7874 0 4
7885 0 9 9 0
7886 3 3
7888 9 9
7889 9 9
9507 3
7894 9
7897 3 3 3 3 3
7899 5 5 5 5 5 7
7903 9
7904 6
7905 3
7906 3
7907 2
7908 2
7910 9 0
7913 2
7914 3
7918 9 9
7921 8
7930 4 0
7934 2
8149 9 9 7 8 7
7937 1 3 3 3 3 1
7945 6 0
10882 2 0
7950 9
7953 4
7956 0
7959 7
7961 9 9 6 6
7965 9
1629 9 6 7 9
7967 2
1328 2 0 0 6
7973 6
7979 7 5
7980 9
7985 1
7987 2 4 6
7991 3
7992 1 1
7994 7 6 9
7997 3 1
5449 9
8003 7 0
8004 6
8006 3
8012 7
8014 0 0
8015 1 4
8020 3
8022 1 3 3
8025 1
8026 0 9 0
8032 4
8037 0
8039 6
8044 0
2706 9
8055 3 1
8057 9
8063 1 1 1
8064 7 1 0
8072 0
8074 6 6
8075 0
8078 3 2
8079 3 3 3
9667 1 3 2 3
8082 0 7 7 7
8083 2
8088 2
8091 9
8094 9
1349 9 9
8096 7 5 5
8099 2 0
8100 1
8101 1 3 3 3 3
8103 1 1 3
8111 2 1 3 3 1
2718 2 2
8118 9 0
8119 9
8129 0 0 9
8134 0 2
8135 3
8136 6
8137 0
8139 0 7
8141 0
8142 2
8144 0 7 9 0
8145 9
8146 9
8148 9
1358 2
8162 0
8168 6
8171 0
8173 6 0 6
8174 0
10365 0
8176 9
8177 3 3
8185 0 9
8186 0
2182 6 3 4 4
8191 0
