0 2
1 6
8195 0 2
5 0
8198 6 0 9
7 3 3
8 7
9 2 6 2
8202 4 9 9
8203 6 6 6
8204 3 3 2 3
13 1 2
8206 0 9
8208 3 3 1
3001 4 8
18 8
8211 9 0 2 7 2 2 1
20 1 0
21 0 2
22 8 8
23 9 4
2193 0 6 8 1
25 4
8218 4 6 6 8 6 6
8219 1 2
8220 1 2
8221 4
8222 0
31 2 2 0
8224 1 1
8225 1 2
8227 7 2 2 2
36 1
37 7
8230 2 2
39 4
41 3 1 3
8234 4 6
8235 6 6 6 8 4
8236 4
8238 0 0 2 2 0
47 2 4
48 6 9
49 2 1
8242 1
51 4 9
8244 4 4
8245 6 1 2 9 6 0 0 0 2 0 1 2 2
54 6 6
56 9
57 0 4 7
1746 6
59 3 3
8252 4 9
8253 6 0 2
8254 9
8255 4 9
8257 0 9 4 7 6
8258 9 6
67 2 2 1 0
8260 2 4 0 0 0
69 6 4 8 8 2
70 2
9569 0
72 6
8265 3 2
8266 0 6 0
8267 4 0
8269 4 0 9 0
9875 4
81 4 2
8274 0 0
83 0
84 4 4 4 4
86 1 1
87 0 0 0 0 9 0
88 6 2 0 3 3
89 2 4 3 4 4 4
90 9 0
91 4 4
92 2
8285 2
94 1 4
1381 6 2 0 0 9
96 3
97 4 8 8 8 2 1 2
98 0 7 4
99 0 0 4 6
8292 1
102 0 0
103 4
104 0
8299 0
9089 0
111 9 6
112 1 3 1
1384 7 9
8306 6
8307 2
116 6
10942 9
119 6 0
120 6
8313 2
8314 2 4
8315 2 2
8316 9 2 0
125 8 4 7
8318 3 1
8319 0 2 4 6 7 0
8320 4 4 8 2
129 1 1 1
130 9
131 0
8325 1 2
135 1 3 3 3 3
137 2
8330 2
139 7 2
141 6 9 0 0
142 0
9581 1 3 1
144 0
8216 9
146 6
147 8 8 0 0
9582 6 2 0 4 7
8342 0 0 6 6 4 6
151 1 4 6 0 8 8 6 9
152 9 0
2756 4 4 4
154 2
8347 6 0 4 4 2 1 1 1
156 9 9
157 1 9 6
158 6
10949 4
8352 0
161 2 0
162 2
163 3
164 1 0 2 3
5891 6 6 4
166 6
167 6 2
168 1 1
170 1 1 1 2 3 3
171 0
172 6 0 2 4 2 4 0
173 6 2
174 0 2
175 4
176 0 6 6
8369 6 8 0 0 9 6
8370 1 2 6 0
6163 4
181 1
182 2 2
186 0
8379 6
8380 6 6
8382 4 2 0
8384 2
8385 4
194 1
195 2 4 6 0 4
8388 2 6 4
8389 2
198 6 2 0 4
8391 4
8393 0 9
203 2
204 4
205 0 4
207 0 0 6
208 6 9
9592 6 0 6
212 2
8406 3 3 1 1 1
215 1
8408 6 0
217 6
218 4
8411 6
220 1
221 2
8415 6 4
1147 0 0 6
226 2 7 7 0 0
8419 9 9
228 4
231 1 2
234 4
235 2 3
236 2
10962 9
238 3 2
9597 6
241 3
242 6 2 8 8 3 1 2 4 6
8435 0 6 0
1606 3
246 1 2
8439 8 6 7 2 2 2 6 6 0 6
248 0 6
8441 4 0
250 6 6 9
251 4 0 4
42 0
8446 1
256 0 1 3
258 0 6 2 0 4
259 0
8455 0
264 2 9 7
8457 6 0 0
266 4
8460 1
8461 4 4
270 1 1 2
271 0
8464 8 8 8 6
273 4
274 1
275 6
8468 0 9
277 3 4 3 2 3
278 0
279 9 0
281 9 6
282 0
4143 1 3 3
2778 2 7
8479 3 3
288 6
289 4 0 6 8 8 8 4 4 6 8
8482 0
291 8 4 4 6
292 2
293 0
294 2 7
295 2 7
296 7
297 8 8 8
8490 0
9607 3 3 3 1 1
8493 1 1 3 1
8494 0 0
8495 0
304 6
306 2 0 6 0 2
307 6 2
1374 0
8501 2 1
310 0 9
8503 4
312 9 4 0 0
8505 7
8506 9 6 4 9 6
8507 1 1
8508 9 0
317 4 8 8
318 0 0
53 6 1
8515 2
324 2 0 2 3
8246 0 0
326 0 6
8519 4 0 4 2 6 6
328 6
1420 0
8522 2 2 2
8524 6
8526 6
8527 0
8528 6 0 9
8530 7 6 6
8532 4 6 0
9013 2
343 6
8536 0 0 0 0 0 2
8537 0
346 1 1
347 0
348 3 1
349 4 2 2 2 0 2
10981 0
352 1 1 1
353 2 7
9559 9
355 3 1 7
356 6 9 9 9 6 9
357 6 4 3 0
8550 1 2
359 7 1
8552 2 6 4 4 4
60 9 0
8554 0 6 0 0 0 4
363 0 0
365 0 4 4
61 6 0
8560 9
369 3 1
371 0 9
285 0 2
8565 0 0 6 9
8566 9 9
8567 1
8569 4
378 6 4
379 6
380 6
8573 0 4
382 0
8575 3 3 1
8576 1 1
385 0
8469 3 3 3 3 3 3 3 3
8581 4 2 2 2
390 9
391 4
392 0
393 8 3 4 0
394 0
8587 0
397 3 3 1 3
8590 7
400 0 8 4 4 0
8593 4 4 6 2 4 4 4
8259 0 0
8598 0 0 0 4 6
409 0
8602 2 3 1
8197 0
413 3 3
414 0
8607 1 1
8608 0 6 6 4 4 4 4 8
417 4 4
418 9 9 9 4 0 4
8611 0 6
8612 3
421 4 2 4 2
10993 4 6 6
424 0
1436 3
426 1 6
427 3
8621 6
8622 1 1
8623 4 4
432 3 1
433 4 8 4 0 7
434 0 2 0 2 2
436 4 7 2
437 2
8630 4 0 6
8632 8 8 8 4
441 2 6 0
442 1
443 0 2 2 2 0
8636 1 4 6 3
445 0 6 0
446 6 8 4 6 6 6 0 8 8 8 4
2805 0 9
448 0 6 9
449 9 7
451 2 2
452 4
453 1 2 3 1 4 2
8646 6
455 4 4 2 3 2 3 1 1 2
456 2
8650 0 7 7 7
8651 3 1
460 4
461 6
8654 6 8 6
463 8 8 8 8 8 0 6 9 9
464 0
8658 9
467 9 9
468 9 6
8662 4 7 4 6 4 8 1 0 3 1 4 8 4
471 0 0 0 0 0
472 2
473 4
474 1 3 1
8667 2 0 8 2 0 2
476 7
477 3
478 6
8671 6 6 9
480 1 1 1 1
481 1
8674 0 6
483 0 4
8676 6
485 0
8679 0
488 0 6 4 8
489 4 4 4
8682 1 2 2
491 0 0
493 3 3 3
495 6 2 9
8689 2 9
8690 9 0
499 6 6
500 6 0 0
8695 2
504 0 0 0
8699 6 2 0 0 0
8701 1
511 0 9 0 4
8705 0
514 9
515 7 0
8708 0
518 2
8711 0 9 6 6
521 1 3
522 4 0 0 0 9
524 1
526 4 0 0 4 0 6
8719 9
8722 9
531 1
532 9 7 0 7 6
533 0 9 2
8726 3
8727 4 0
8730 9 9
1455 0 4
542 6 1
543 6 6
8736 1
546 9 9
547 2 6 3
8743 6
8744 1 2
554 9 9 9
555 2
8748 6 6 4
557 3 1
8750 4
93 7 0
8752 0 9 0
2824 6 0 0 0
562 4 8 8 8 8 8 8 0 6 0 2
1459 2 3 1
564 3
8286 1 6
8758 4 6 6 9
8760 2 4 9 6 6 0
8761 9 4 6
570 4
95 0
572 8 6 6 6 6
8765 2 2
8766 3 3 1 1
5557 2 3 2
576 4 7
8769 6
8771 1 0
8772 9
8774 4 1
8775 6 1 3 1
8776 7 7 7
8777 0 4
8778 3
1463 0 0
588 6
589 0 9
8783 1 1
8784 6 0 9
8785 0 9
595 4 8 8 4
596 1 1
8791 3 1 3 1 3
601 0
8794 4
603 6 4 2
8796 1
8797 4 7 7 0
606 1 2 1
8799 6 6
8800 1 2 2 2 4
11024 0 9
610 0 7
8803 1
8804 9
613 0 6 2
8806 0 2 0 1 2 1 0
2833 1 1 1
618 0
619 1 1
10659 4 7
8814 7 0 2 2
623 9 7
624 1
627 3 1 8
8820 6
8821 4 6 4 6 4
8822 6 6 9 0 6
631 2
8824 6 9 0
634 3
8827 3 3
8828 3
637 1
8830 1 2
8831 9 0 2
8832 2
641 1
8834 6
643 9 6 6
645 3 1 3
8838 7 2 4 6 4 6 2 4 4 4
1473 0
648 4 4 8
8841 9
8842 2
8843 3 6 4
9666 0
8847 0 2 0 2 6 0
656 4 0
8849 6
659 6 9
8852 0 3 9 9 1 0 6
8853 7
8856 0
8857 2 0
8859 0
668 0
8861 4
670 6
671 2 0
672 1
8304 0
1150 4 1
8868 2 1 2 3 8 8 8 8 8 3 1 1 1 3
8869 6
8870 8 8 4
679 0 0 0
579 9 9
8873 6 6
8875 6 0
684 9 7
8878 6 6
8879 4
830 2 3
691 4 4
692 0 0 9 0 0 6 6 6
2846 1
8886 0 2
695 9
696 1 6
8308 0 0 0
8890 2 1
8891 0
8892 0 1
701 0 9
8894 2 2
703 0
704 0 0
8897 6 6 6 6 0 7
706 1 1 2 1 3
707 0 9 6 9 6
8900 0
8901 1 2 6 4 6 4 4 7
8902 3
9661 1 4 6 4
712 4 6
8906 2
7799 6
8908 0
8909 4 4 4 4
8911 2 3
8912 2
8913 4 9 6 6
8914 3
723 0
8919 6 0 0
8921 0 9 9
9679 4 0 6 8 4 2
732 2 2
8925 0
734 0
8927 4 0
8929 0 0 0 6
738 0 0
8931 4
8932 0 0
8935 4 8 8
8936 6
8938 9
8939 0
748 6 8 4 1
8481 0
751 7
752 1 3
6952 0
754 4 0
755 9 9 9 6 6 0
756 1
8949 1
8950 4 9
8951 9
9684 1
762 0
8955 3
8957 4 0
767 4 4
768 1
8961 6
8964 4 4 8
773 0 0 2 7 2 0
774 1
8969 2 0 2
8970 3 1
779 6
2861 6 9 6 6
784 0 0
8978 2
787 2
8981 6
8982 4
8983 1 3 3
795 0
8988 9 9
797 0
798 1 3 2
799 6
8992 0
801 4
8997 0
8998 4 8 4 2 4
807 6 9 6
808 7
809 4
9002 2
9004 4 9
815 1 1 3 3
27 0 4 2
817 9 4 8
818 2 0
819 4 0 0
821 2
822 2
9015 2
9017 3
9018 1 1
9019 9 4 2
828 2 2 3 2 0 6
829 0 9 2
9022 0 7 4
11061 0
9024 6 4 7
9025 7
9026 0 6 9
835 4 6 0 0
838 2 0
1505 9 6 6
842 2 6
9037 1 2
9039 0
9040 0 6
9041 4
850 8 4 6 8 8 4 8
851 4
852 0
853 4
854 4 0
9048 2
1508 2
858 6 4 6 6 8 8 6 6 6 8 2 4
9051 9
9052 6 0 6 6 0
861 4 0 0 2 2
862 6 6 6 8 2 1 0
9055 9 2 0 0
9056 3
8336 7 7
9058 1
11067 0
868 0 4 0
9061 2
9066 7 4
875 3
9068 4
9071 9
9072 9 0 0
9704 6
9075 6 0 6
9076 9
885 6 1
886 6
887 6
888 7 0
9081 7 7
9082 6
9083 4
892 1 3 3
9085 6
9087 1
897 9 0 0
898 9 9
900 9
901 8
903 0
9097 0 0
906 2 0
907 1
1394 0 0 0 0
9102 9 0
8239 2 0 6 6 6
9104 0 9
913 8 8 8 8
9106 0 2
9107 1 1 1
916 1 1 1 1
9109 1 2
9111 3 3
922 1 1
923 1 2 1
9116 1 3 1 1 3 1
926 3
927 0 0
9120 7
9122 0
155 1 0 0 2
932 2
933 6 4 6
934 0 0 0
9127 4 0 7 2 0 0 2 0 0
9128 3 1 3 1
9129 3
938 0
11079 3
940 6 0 4
9134 3
943 0
9137 8 4 4
946 8 2 8
947 2 2
9140 4 8 2
9141 9
9142 1 0
9144 1
9145 2
9579 1
956 0
9150 2
9153 3
962 3
11083 4 7 6
967 0 9 6
9160 2 2 3
11084 1
9162 3 1
9163 0
9164 6 6
973 1 2
9167 0 0
9168 6 6
9170 2
9171 4
981 6 9
982 6 4 2
9177 7 7 9
988 0
989 2 0 0 6 4
165 8 4
992 4 2 6 8 4 8 8
993 3
9186 4 6 0 2
5627 2
996 6 6 6
997 4 1
9190 2
11089 3
9192 6 6 9 9
9724 6 6 4 8 7 7 2 6
1002 6 0 4
9195 1 1 1 1
1004 3
1005 9 4 4
9199 4 4 9 1
1008 2
1009 9
9202 4 4 4
1011 0 9
9204 4 4
1013 6 0
1014 0 4 9 6 6 6 0
9208 1
2900 2 0 2 1 3 1
1018 3 2
9211 2
1020 3 3 3 3 3
1021 6 6
9216 3
9217 0 6
1026 7
1027 6 6 9 0 6 9 9 0 4 0
9220 1
11094 6 6 6
1030 4 1 1
9729 3 3 1
1033 3 4
9226 6 0
9227 1
1036 3 1 1
9230 2 2
8365 4 0 4 6 2 0 0 2
1539 1 1 2
9236 1
1045 3 1
9238 0 7 0 6 6 2
9770 6
1048 2 4 8 4 4 8 8
9241 6
9243 2
9244 4
9245 0
1054 7
9247 6 4
9248 4
1058 9
9252 9 3
9253 3 2 0
9254 1 1 1
1063 3
1065 1
9258 4 2 4
9260 0
2909 6 0 4 0 4 6 6 6 4 4
1073 0 3
9266 4 6
1075 2 4 3 1 1
1077 4 4
9270 9
9272 1
9274 4 0
1083 0
9276 3 1
1086 2 1 2 3 3 3
9280 0
1089 1 2 3
1091 0 4
1093 2 2 2
9286 1 1 3 2
1095 3 1
9288 8 8 7 2 4 4 8
389 1
9292 0
1101 0 4 8 8
1102 1 1
9295 6
9298 0 6 4 9
9299 3 1
1109 1
9302 1
1111 4 4 6
9305 0
1114 3 2 3 3 3 1
1116 6
1117 3 1 1
1119 2
1120 1 2
9313 0
9314 1
2135 2 3 2 6
1126 6 6 6 2
1128 6 9 6 9
9321 2 4
9323 6 0 0 6 6
9324 2 2 2
9325 9
1134 8 7
9327 2 6 0 9
9328 4 4
1137 0 6 4
9747 8 8 3 3 1
1140 0
190 1 3
1142 9 0 7
1143 9
1144 4
1145 1 1 0 1 1
9339 9
9340 6
11114 4 0
9342 7 4 0
1152 8 4 0 8
192 3 2 3 1 1
9346 6 4 0 9
9347 0 0 6
1157 1
1159 1 3
9352 2 4
9353 4 6 2
1162 0 7
1163 0 6 4 6 9
1166 7 1 2 1 3 3
9362 2
9363 2 1 3 3 3
1172 1 3 1
1173 0
1174 8 0
9367 6 0
2790 1 3
196 1
9371 9
9372 6
1181 9 6 6
9374 1 1
1187 0 2
9380 1
9381 4 4 1 3 1
9382 4
9383 0 0
9384 6 6 4 0 0
9385 3
3464 8 4 8 8
9388 7 0
9389 0 4 0 6
9390 9
9757 0
9392 2 6 6
1203 2 2 0 4 2 0 0 6 4 0 4 1 2 0
1204 9
9398 9 6 9 6
9399 0 9
9401 6 4
9402 3
9404 9 9
1213 2 0 4 4 2
9406 9 4 6 0 0
9407 0 0
9410 0
9411 1 3
1220 2
1221 6 7 6
1222 6 0 4
9415 6
9416 0
9417 7 8 8 8 6 7
9418 9 9 0 7
1228 2 9 9 7 2
1229 6
1230 0
9423 9 0
9861 4
9425 4 0 4
1234 9
1235 0
1238 3 3 3
9432 3
9433 4 9
9434 0
4303 9 6
9436 0
9437 1 1 1
1248 9
1249 3
9442 4 2 0 0
9444 3 3 2 2
1253 6
9446 0
1255 6 6
9449 0 9
1260 0 0 9 0 0
1261 6 8
9455 1
1576 0 6 7
1266 3 3 3 3
1267 1
9461 7
1270 0 2
9463 0
9464 2 1 1
9465 8 8 8 8 8 6
1275 4 4
9468 2 2 0
1277 1 1
1278 8 8
9471 2 9 9 3 2 4 3 0 6 8 8 8 8 8
1280 3 2 3
1282 9 0 6 2 0 4
1283 6 8
1284 2
214 0 2
2945 9 0 0 9
9480 1 2 9
9481 0 6 4
1290 1
1291 2 1
1292 0
9485 7 6
63 0
1295 8 4 8 4 9 4
1296 1 1 2
43 4 2
1298 2 0
1299 2 3 2
9492 3
1582 2
1302 7 2
8409 9 0
11140 0 0
1306 4 2
9499 1
1308 9
1309 2
1310 0 2 0
9503 2 2 2
9504 0 6 4 4 0
1313 4 8 8 4
1314 6
9508 0
1317 0 6 0 0 1 7
1318 0 0
1320 6 0 6 6 6
9513 7
1323 3
1324 2
9517 2
9518 1 1
9519 0
1328 9 6
9521 3
1330 0 0
1331 9
1332 1 1
1335 4
7955 2 0
9529 3 2 3 1 2
9532 6
1341 9
9535 0
1345 2
863 1
1347 0
1348 2
9541 1 1 3 3 1
1350 3 3 3
9544 2 2
1353 0 9 6 2
1354 4 2
9547 3
9548 9 9 9 6 0
9549 4 6 6 8 4 8 4 6 4
1358 0 3
1359 4
9552 2 2 0 0 2 6
9553 9 0 7 2 9 0
1363 9
1364 1
2958 3
1367 6
9562 2
11151 9 9
9564 2 0
1594 0 0
9566 6 9 0
1377 9 2
1378 4
9571 0 4 4 0 4
1380 1
9573 4
9576 9 4
9577 6 7 6
1386 6
1387 2 2
1389 2 3 3 3 1
1390 1
1391 4 6
1392 4 3 2
1393 0 0 0
9586 9 6
9587 2
1399 1
1400 1
1402 8 8
9595 1
9596 1
1405 7 9 4 0 4 0 0 9 6 4 0 4 0 6
9598 0
9599 6 9 4 8 8 8
9602 6 2 9 4
1411 2
1412 0
1414 2
1415 2
1417 0
9610 6 0 6
1419 8 4
9612 7 6
1423 1 3
9616 9 0 6
9617 3
1427 6 0
1428 2 1
1429 1 9 1 0 2 3 0 7 1 3 4 4 6
9622 1 3 3
9623 1 4
9624 9
9796 3 1
9626 2
9628 8
1438 9
9631 0 4 6 6 2
9634 0
9635 8 8 2
1327 3
1446 1
1447 4 6 6 4 8 8 4 2 4 4 8 6 4 6 6 6 4 4 4 8 8 1 4 4 2 6
5571 0
9642 3 3
9643 9 6
9645 6 6
1454 6
9647 6
9648 6 9
9649 4
9650 3 3
9651 0 6
1460 6
9653 0 4
1462 4 6 6
9801 6 0 6 6 6 2 8 7
1464 6 2
1465 1 2
1466 2 0
11167 4
1468 0 0
1469 3
9662 3 7
1471 0 0 4 0
9665 9 7 6 0
1474 1
1477 2 1 0
9671 7
1480 0 0
9673 0
1482 4 9 0 0
1483 0 0
9805 0 0
1488 0
1489 7
9683 0
1492 6 6 6 6 6 6 4 6 9 6 6 7 7 6 4 0 0
9685 6
1494 2 0 0 6
1497 6
1498 2 0
1499 0
9692 4 1
1503 9 1
9696 6 6 4
9697 2 2
1506 9
9699 7 0
9700 0
9702 6 9 9 0
1511 9 0 4 6 7
1512 6 6 0
1513 4
1515 2
1516 4
9709 4
9711 0 2 0
9811 0 2 2
1524 9
9717 8 6
9719 0 0 0 9 0
1528 2 2 2 2
1529 2 7 6
9722 6
10 2 8
1532 0 0 0
1533 0
9727 2
9728 8 8 8 4 4 8 4 8 4 8
8448 9 9
1538 1
9731 4
9732 0
9733 4
9734 7 6 6 6 6
9735 9
11180 0 0 0
9738 0 2
1547 4
9326 6
1550 6
9743 9
9746 8 4 0
8451 4 9
9748 8 1 8 1 1 2 1
1557 3 1
1558 4 4 4 8
1560 2
9754 1
9755 9 4
9756 2 7 0 9 6 4 7 4
1565 2 1 1 3 1
9758 8 7 4 0
1569 7 4 6 6
9762 3
1571 7
9765 0
1574 0
1575 0 4 1 0
9768 0 4 6 6
1577 9
1578 6 0 4 0 4
9771 8 4 7 4
1580 0 0 6
9773 6 0
9774 6 6
9821 0
1584 1
1586 4 9 0
9779 1 3
9781 0
1590 0
10568 1
9784 4
1593 0
9786 6 6
9823 0 2
1596 2
1597 6 6 6
1599 0 2
9285 6
9824 6
1602 0
9795 9 9
1604 6 9
1605 0 0
9798 6 6 9
9799 0 2 0 9 0 6 4 4 0
9800 6 4
268 0
9802 0
9803 3
1612 0 6 9 0 0 0
1613 3 3
9808 2 2
1617 2 0
1618 2 2 3
1619 6 3
9812 4 2
9813 0
9815 9 9
1625 0 6 0 0
9818 6 0
1629 9 0 6 9 0 9
1630 4 4
11186 8 8 4 4 7 0 0
1632 0 1
9827 2
1636 2
1638 4 9 0
9831 9 7 6
9832 3 2
9833 1 3
1639 6
1646 1 3 3 3 3 1
1648 6 0 1 1 6
8511 2
9842 4 4 8 4
1651 6 4
9844 3
1653 8 6 6 8 8
1656 0
276 1 8
1659 0 9
1660 4
1661 1 3
9854 0 0 1 6
9855 0 0
9856 2 2
1692 6 8 8
9835 0
1669 6 0 9
1671 2
1673 4 1
9866 6
9867 3 3 3 3
1676 3
9869 4 4 7 7
1678 6
1680 0 0 7
9873 2
9876 4 4 6 0 0
1683 1 1
2959 9
1685 9
1686 1 3 3
1687 9
9880 3 2
1690 2
9884 6
9885 6
329 0
9888 2
9890 0
9331 0 6 6
9892 0
1701 0 0 0
9897 0 7 2
1706 9
4631 1 1 1
9900 4
1710 7
9903 3 1 1
1712 3 3
1713 2 0
9907 2 4
9909 3
9910 4 4 4 4 2 6 6 4 4 4 8 8
1719 4 6
9912 6 6 0 6
1721 2
9914 6 9 9 9
9059 7
1724 6
1725 6 0 9 9 9 0 2
9919 2 0 0 9 0
9921 0 0
1731 1 1
9924 9
8241 0 6 6 0
1735 2 2 0 7 0
9929 0 6 2 0 4
1738 0 6
1739 1 1
290 4 8 4 8 4 4 8
9936 3
9848 7
9938 1
9940 0 4
1749 2 2 0 0
1751 9 9 2
9944 6 2
9946 0 9
1755 2 7 0
1759 6
1763 0 4 4
1765 9 6
1766 7 6 6 2 4 4 4 6
9959 6
1768 6 9
9962 1
8487 2 2
9964 0 0 0 9
1773 6 9 9
1776 4
9972 4 4
1662 0
9974 0 6
8489 9
1784 1
5631 2
9978 0 2 0
1788 6 6 0 0 6 6 6
9981 9 2
9983 4 6
10698 3
1664 4 4
1796 9
9989 9
9990 7
1799 3
9992 6 4 0 6
9994 8 9 9 0
9858 6 0
1806 2
9999 7 9
10000 2 4
1811 3 3 3 3
2788 9
10007 2
1816 4
1819 2
1820 2 0 6
1822 4 4
10015 4
8496 2 0
10018 2
10019 1 2
1830 9 0 0
10024 9 0 4 3
10025 3
10027 4 7 4 2
8498 6 6
1839 1
1425 3
10033 2
10035 0 2
1844 4 8 8 4
10427 9
10038 0 0
1848 0 6 9 9 6 6
308 2
1850 3
10043 9 6 4
10046 6
10047 1 2
10049 6
1858 0 2 3 2
1859 6 6
10052 4 4 6 8 6
10053 4
10054 2
10056 0 0
10058 2 1
1867 0
10061 4 8
1871 0 2
1872 4
10065 3 1
1874 7
1875 3
10068 6
10069 6 6 9
1878 8 8 8 8
1879 4
1880 2 3
10073 2 4 2 1 8 2 4
10074 1
10075 0
1884 2 0
1885 9
10078 3
10079 0
9872 1
1890 1
315 6
1895 4 0
10088 8 8
10089 6 0 9 6
10091 4 0 4
10092 6
10094 2
2791 2
10096 0 4
10097 0
1906 3 1 3 1
10099 1 3 1
10100 2 7 6
1910 2 2 2 0 0 7
1911 7 0
1912 0 6 2
10105 6
10106 6 9 0 6
1915 0
10108 6 2 2 4
1917 0 0 6
10110 2
1919 9
10113 7
10115 4 9 0
10116 9 6
1926 6
1927 4 0
10120 9
10121 9 6
5783 4
1936 0
10129 1
1938 1 9 1 2
323 4 4 6 8 8 4 0 0
10132 2
10134 0 0
1943 1 1 4 1 2 1 0
1944 2 2
10137 6
7151 6
1950 6 6
10143 2 6
1953 6
1955 1
1956 9 9 0
10149 6 0 6 6 7
1958 0
1959 2 3 0 9 6 2
1961 2 3 0 2 0 9 2
10154 6
10155 0
1965 1
10159 1
1968 0
1969 3 2 1 4 4 4 4 7 8
10162 2
1971 2 0
1973 7 0 0
10166 4 4 6 6
1975 2 0 0 6 6 9 0 7 0 0 4
10168 6
1977 3 3 3 0
10171 0
1980 0
1981 3
10174 3
10175 8 8 4 8 2 6
1984 2
1986 8
1987 4 6 2
10180 0 4 4 0
10182 0 6 0 2
10184 9 6
332 4 8 2 6
10187 6 4
6606 1
1998 0 2 6 0 4 6
10191 9 0 0
10192 0 2 0 6 9 0
10193 6
2003 8 1 6 1
2004 3
10197 0 6 0
2006 1
2007 2 2
10200 2
10201 2
10202 0 9
2012 1 1
2013 0
2014 0
2015 4 9
2016 2 9 7 0 2 0 4
336 1
2020 6 4 6 6
10213 3
10214 0 0 0
2023 4 6
2024 1 3 1
2025 6 9 6 9
10218 0 1 0
2027 0 2 0
10220 7 0
2030 6 0 0
6887 0 6
10224 1 1 1 2 6 6 2
10225 1
10227 6 4
9615 6
2037 2 7
10230 0
2039 8 1 7
10232 6 4 2 4 4
2041 0 9
10234 4 4 4 4 4
2045 3 3
10238 8 6
2047 2
1530 2
2049 1 1 3
10242 1
2051 4 7 7 4
2052 7
2053 4 2 2 4
10246 6
2056 0
10249 2
10251 3
2060 0 6
10253 4 4 8 8 0 6 2 4
10254 3
319 6 6
2064 7 7 7 0 4 4 6 2
2065 2 3
2066 0
10260 2 2 2
10263 6 6 0 6 4 6 6 7 0 6
2073 6 2 0 6
10266 0
1711 9 9 6 0 8
10268 0 4
10269 1 1 1 3 3 1
10270 3 3
10273 4
10276 2
10277 3 1 1
2086 1 2
2087 3 1
10280 1
8540 7 9 7
10282 2
2091 9
2092 0
10285 0
10286 8 6 2 0 2
2095 6 0 4 2
10288 6 8
10289 0 1
2099 0 0
10292 0 0 7
2101 2 6
2102 4
10295 2 1
10296 0 0
10297 7 4 2 6 4
2106 0 9
10299 0
10300 9 4 6
2109 3 3
10303 3 2 6
10304 1 0
10305 7 3
2115 6 7 4
10309 6 0
2118 1 3
2119 0
2120 3 2
10709 6 6 6
9911 7
2126 4 4 4 4 4 8 8 8
2128 0 2 0 4 3 2 4 4 2
10321 0 0
2130 2
2131 6
10325 0
10326 2
10327 1 1 2
8548 2 6
10330 3
44 1
10332 2 0 6 6 4
10333 9 9
10334 0 9
8549 0
10336 2
2145 9 9
10437 2
10340 3 1 1
358 1
10342 9 9 0
3089 3
2152 2
10346 4
8551 1 3 4 3
2156 9
2158 9
10351 9
2160 4
287 7
2162 0
2164 4 8
10357 0
10358 2 4
361 0 9
10360 2 2 6 0
2169 9
10362 1 1
10363 3 3 1 1 3
10364 7
2173 0 0
10366 0
2175 0
669 6 6 0 0 0
2178 4
2179 1
2180 6
2182 8 6 6
2183 6
10377 0
2186 1
10379 0
5826 9 4
2191 0 0 2 8 4
2192 7 6
10385 3 3
2194 9
2197 1 8 1
2198 6 9 9 0
2199 9
2200 1
2201 0 9
2202 9 0
10395 2 7
10397 9 9
10398 6 7 0
10400 1 1
2209 4
10402 9 9 4
2211 4 9
10404 9
2213 7
8561 0 4
10408 9 9
2217 0 2 4 1 4
2218 2
10411 0 3 2
10412 3
2221 2
2222 0
2223 2
2224 1 3
10417 2
10418 3
10419 0
10420 7 0 6
2229 6 6 9
10423 4 6 4
10424 3 3
372 6 0
2234 2 0 0
2235 1 1 1
10440 1 2 4
10429 0 0
11165 2
2241 0
2242 0
2244 6 9 9 6 0
374 7 6 1 2 1
10438 2
10439 2 2 2
8509 0
2249 7
2250 3
375 6
2252 7 0 9
2256 0 4 4 2
2257 2
2258 4 4 0
2259 2 0 2
1439 1
10453 0 0
10454 3
2264 3
2265 3 3 3 3 1 2
10458 8 8 8 4 8 8
2267 9 9
2268 4 4 8
10462 9
10463 0 9 0
10714 0 0
10465 4 0 8 8 4
2274 4
10467 4
10469 0 1
10470 3 3 3 1 1
8572 1 1
10474 3
10475 4
10477 1 2
2286 9
10479 0
2288 7
2289 1
10482 6 2
2291 1
10484 1 2
10485 1 3 3 3
2294 1
10487 6 2
2296 8 4 8 8 6 0
10489 2 2 6 0
10491 6 0 4 4 4
2300 1
10493 9 9 0 9 0
2302 7 0 0
10496 0 0
10497 6 2 1
10498 0 0
7211 4
2308 4
10501 4 9
2311 2 0 4 6
2312 0
2313 6 6
10506 1
10507 4 0
10509 2 1 0
77 0 2
2319 0
2321 6
2322 0
2323 2
10516 9
10517 6 4 2
10518 4
10520 1 3
10521 6 9
2330 1 1 1 1
2331 6 0 6
2332 2
10525 2 2
8261 4 6 6 4 8
10527 6 8
10528 1 3
2339 4 4 8 4 4
10532 1
10533 1
10534 2 4 1
10535 0 0 6 0
10537 0 2 4 6 0 2
2346 2
10539 1 3
10540 6 9 6 0 0
2349 3 1 3
10542 9
10543 0
8584 7 4
10546 6 6 0 6 6 6 6 6 6 6
10547 4
10548 4 6 4 0
10549 3
10551 1 2 0
2360 4
2362 0
9951 0
2365 0 0
10558 7
2368 0 0
10561 1
2370 2 1
2371 6 0 7
2373 2
10567 0 2 0 4 4 0 2
2376 1
2377 1
10570 3
10571 6 0
2381 1
2382 0
2383 0 9 9
2384 0 6
10578 6 0 6
2387 6 0
2388 6
2389 4
2391 0
2392 0
10585 3
8263 6
2395 0 2
2396 1 2 1
2399 3 3 4
10592 9 6 0 4 6
10593 3
2402 0 2
2403 7 0 9
10596 0
10597 4 0 2
2406 7 2 9
401 6 6
10600 7 6
10602 6 0
2411 0 7 9 0 0
10604 6 0 6
2413 9 9
10606 4 4 0 0 9 0
10607 2
10608 0 1
2417 0 4 6 0
2418 2 7 6
2419 3 2 1 1 3 1
2421 7 6 4
2422 1 3 1
2423 1 2
10617 2
2427 2
2428 1 1 2 3 1
10622 0 0
2432 7
2434 7
2435 0
1607 3
2440 2 3 2 2 3 3 3 1 3 1
10633 0 4 4 6 4 7 0 9
10635 4 0 4 4 4 4 0 2 0 2
10636 6 9
2445 4 9 6 2
2446 1 1
10639 2 1
2448 0
5537 0 0
10642 4 9 6
2451 4 7 0 4 4 8 8
10644 2 2
10645 2 2 0 7
9725 6
2456 4 4 0 4
2457 0
10652 1
410 1 3
10654 0 2 3 7 8 8
10655 6
10656 4
9968 9
2466 6 2
2467 6
2468 4 2 2 8 4 4
2469 7
10662 8
10663 4 4 2 4 4 4 2 4 2 2 2 4 4 4 4 2 2 4 4 4 4 2
2472 2
2473 4 0
2474 3
10667 4
2477 2 2 2 2 2 2 2 2 2 2
10670 4
8605 1
2480 0
10673 0
10674 0 1 1 2
2484 0 0 3 6 4
2485 9 6
2486 0 2 2
10679 9
1780 1
10682 2
415 7 0 4 0 0
2492 0
10688 3 1
416 4 4 4 4 4 2 3 3 4
2498 3 3
10692 0
10693 6 6 0
2502 4 0 6
2504 2
10697 6
2506 7 9 0
1720 0 0 9 9 9
10702 0 2
10703 0 6
10704 4
10705 1 1 6 2 2
10706 0 2 2
2515 0
2517 1 6 1 3 3
10710 1
2519 7
10712 1
2521 0
2522 1 1
10715 1 1 3
2524 2 4 1 3
10717 6
2526 6 6
10719 0
10720 4
2529 6
2530 2 1
10723 2 9
10724 9 6
2533 4 6 0 4 6 8 0
10726 9 9
8582 0 0
2536 4 2
2537 2 6
2538 6
423 7
2540 0 4 8
2541 3 2 3 3
2544 2
2545 3 3 3 2
10738 4 9 0 2 6 2
2548 1
2549 2 0
2550 4 2 1 1
2551 4 8 3 3 6 3
2552 0
9905 6 9
10746 4 4
2556 8 4
8618 4
10751 2 3 1 3
10754 6 6 4 4
10755 2 9 0 6 3
2565 7 2
10451 3 3
9985 9
10760 0
2570 1
7255 6 4
2572 7 0 0 2
429 6 6 4 2 0
3359 8
10769 1 1
2579 4 4 9 6 4
2580 6
10773 0
2582 7
2583 1 1 2
10776 0 2 3
2585 0
2588 7 2
2589 0
10782 9
2591 0 6 0 6
10784 4 6 0 0 0 0 3
2594 6
10787 9 7
2596 6 0 0 0 7 7
2597 2
2599 2 0 9
2600 9
2602 0
10795 1
2604 1 3
8626 7 7
10798 9 6 9 7
905 3
10801 6 0 6
10802 1 3
10803 2
10804 2 4 4
2613 0 0
2615 3
10118 6 9
10810 3 3
2619 6 2
2622 1 0 2 1
2624 3 1
360 1
10821 0 0 2 0 4
2630 6 0 2
10823 6 8 1 4 4 1 1 1 3
2632 4 0 4 0
10826 0 0
2635 8 8
2637 6
10830 9 0
10833 2
10834 6 4 6
2643 4
10836 6
2645 0
8633 3 1
2648 6
10841 6 9
10842 2
10843 3 1
2652 2
10846 0
10847 6 6
10849 0 0
2658 3
10852 1 4 6 0
2661 0
2662 9
10855 4
10857 1 1 3 1
10859 1 1
10863 6 1
2672 6 0 7 7 6
2673 6 6 6
10866 9 6
2675 7
2676 6
10870 1 3
10871 0
10872 9
2681 1 3
10874 4 7
2684 9
10878 9 0
10879 0 0
2688 0
2690 0 6
2691 6 4 6
2692 4
10728 7 7
2694 9 0 6 0
10887 0
10888 1
10889 0 4
10890 0 1 9 2 6
11001 9
2700 0 0
10893 4
10897 0 9
2707 3 3
2708 2 0 6
2709 7 1 1
2710 6 0 4 4
2713 6
10908 2 1 3
10909 6
2718 1
8645 6
10914 0 2
10917 6 9 0 0
2726 4 4
2727 2 0 0 2
10922 4
8647 2
10925 2 9 0
8819 2
10928 3
2737 6
10930 1 1
10931 6
10932 0
10933 4 8 4
2742 4 3 1
2743 6
10936 6 8 8 8 4
10937 6 0
2747 0
2748 3
10941 0
2750 9 2
10945 3 1 2 1
2754 0
2755 3 1 1
10948 6
9639 1 6 2 9
10951 2 1
10952 3
8652 0
2762 9 0 0 0 0
2763 4 4 2
2766 3 3 1 2 1 3 3 1
10959 6
10961 7
2770 0
2771 6 4 1 3 1 4 9 0 9 0
2774 2 0
2775 0
10969 6 0
10970 6
2779 7 9 4 9 7
10975 1
10976 9 0
7438 6
2787 6
10980 6 6
10022 9 0 7 2 0
10982 9 4
10983 2
2792 6 2 6
10986 2 1 1 3 2 1 1
10987 1
10990 9 0 0
10991 1
2800 9
2801 4
398 4
10996 6
10997 2
10999 7 8
2809 8
11002 2 4
2811 9 0
2812 1
11006 8 8
2816 6 9 0 6 0
2818 9 6 7 0
2819 6 9
11013 4
11016 0
8663 0 6 4 6 4 4 4 0 2 0
2828 6 0 0 4 0
2829 0
11022 6 0
2831 9 7 7 7 0
2832 9
11025 9 9
11 4
11028 2
2837 0
2838 2 4 4 4
11033 3 8 8 8 8 3 3
2842 6 0 9
10733 0 4 4
8666 2 0 0 9 0 0
11038 2 1 1
2535 9 9
11040 9
11041 4
11042 3 1
2852 1
11045 1 3 1 2 1
11047 0 2 9 2 2
5005 1 3
11051 2
11053 4
9980 1 3 7
11059 9
11060 4 4 4 4 4 4
2869 0
2870 8
11063 6 3 2
2873 6 6 8
11066 8 8 8 8
2875 6 6
2876 4
11070 0 2 6
11071 7 0 1
2880 0
2881 4
11074 6 6 6 9
11075 9
11076 0 6 0
1846 3 1
2887 3 1 2 1
2888 2 0
2889 3
11082 6
7734 1
2892 6
2893 7
2895 0
2896 1
10040 0 6 0 0 0 7 0 6 0
11090 7 7 1 2
11092 6 6
2902 1 3
2903 7 0 8 4
11097 2 2 0 6
11098 4 0
2907 9
2908 4 2 4 6
11101 0 0 9 9 9 4
11102 0
11104 6 6 2 2 9
11106 4 1 8 8 8 8
11107 1 2 2 2 2 1 1 4 1 2
2916 4 4
9512 1
1461 0
2922 6 1 2 6 6 4
11115 0 4
2925 7
2926 8 4 4
11119 0 0 9
2929 4
11122 0 4 7
2932 0
11126 0 6 0
2935 3 3 1 3
11128 3
2937 4 3 2 7 2
11130 4
2939 0 0
11132 6 0
11134 6
2943 4 0 9
11136 2 4 4 6 4 2
11137 4
11139 3 0
2948 1 1
2949 2
11142 0
2951 7
2952 3
11147 9 6
2956 4
11149 6 4
11150 8 8 8 8 8 8
8685 1 2 2 2
11152 0
2961 4
2962 6
2963 4 6 6 2 8
11156 1
2965 0
2966 1 7 3 3
9646 6 4
11160 6 6 7 6
2969 0
2970 0 9 9
2971 1
2973 4 6 4
2975 0
2976 6
11169 1 3
11172 3
2981 8 4 4 4 4
2984 0
11177 0
11178 1 3 3 2
2988 2 0 6 6 6
498 3
2990 2
11185 0 4 4
8283 4
2997 0
2999 7
11011 3
11193 1 1 2 1
3002 2 0 1 1 1
3004 9 2 2
1866 2 2 2 4 2 4
6987 0
3009 9 6 6 0
3011 0
3015 4 4
3018 6 4 6 2
5556 3
3021 6 0
3024 6 0
3025 2 3
3026 2
3027 0
3028 4 4
3029 0 8 4 6 9
3032 1
3034 8 8 4
10063 6 0
3039 1
507 0
3044 4
3047 4
3048 3 3 1
3049 4
647 2
3055 0 0 0 0
3058 6 6
3059 9
3061 7 0
3063 6 6
3064 0
3065 6 9 7 6 0
689 2
8348 9 6
3073 8 8
3075 6 6 6 6 6 6
3077 2 0 3
3079 0 6 9
3082 9
10071 1
3084 2
3085 1
3087 4 9
10072 7
3090 6 6 0 6 4 0 0
8559 4
3093 9 9
3649 9 0
3096 2
3097 2
75 0 2
3101 9
3103 0 6
10322 0
3108 0
3109 0 2
3110 9 9 9
3113 4 9 9
3114 9 6 6 0
3118 0 9
5981 9
3122 7
8423 0
3125 3 3 3 3 1
3128 1 1
3129 0 6
3131 1
8714 0 2
3138 8 4 2 6 0
3140 0 7
3141 2
3143 4
3144 6 6 9
3145 2 9 4
3146 0 0 2
3153 3 3
3154 6 4
3155 4
3158 0
3160 3
3163 0
3164 0 9
3167 2
3171 0
3172 6 9
3174 7
3175 2 4 0 6 4 0 0 0
530 9 0 0 0
3183 0 6 0
3184 4 2 4
3186 2
3187 7
3189 0 0
3190 3
3193 3 3
8017 0
3199 4
3200 6 0 1 3 1 3 1 1 3 1 1 1 3 3 1 3
3201 4
3204 6 0 4
3206 3
3207 7
3208 0 0
3209 2
3210 0
3211 3
9927 2 0
3215 3 3
1681 4
3219 0 9
3221 6
3222 2
3223 2 0
3224 6 9
3226 6
3228 6
538 0 0
3230 4
3231 0 7 0
3233 6
539 0 6
3236 6 6 0
3237 6 4
11019 0 6 6 0 6 6
2290 6 6 1 3 6 7
3242 6 7
3243 2
3245 0 0 2
3248 0
5441 3 1
3252 4 1
3254 1 1 1 1 1 3
3273 4 6
3256 6 0
3257 4 6 0 6 6
3259 0 9 9
3261 9
3262 3
3263 2 2 7 4 2 2 2
3264 1 0
458 6
3266 3 2 0 1 3 3 0 3
3269 6
3272 0
3276 0 4
3274 6
2804 4 0 6 6
3277 2
3278 6
3279 2 4 4 1 2 4 6 2 4 0
3282 1 3
8739 8 8
3284 0 0
3288 2 1
3290 2
3292 2
3293 2
3294 1
3297 2
3300 0
3301 6 4 4 9
3303 0 0 0 0
1916 6
3306 9 9
3307 0
3308 4 4
3309 9 9
3311 2
3313 2
3314 1 3
10824 9 0 2 9
6014 0 0
3323 0
8294 2
7381 6 6
8470 2 1 1 1
3330 6 4 4 4
3336 4 4
3344 4
3346 2
1923 0
1748 0
3349 2 2 6
3350 6 6 6
3351 0
3353 7
3354 6
3356 1 1 2 4
3357 9 0
3358 2 8
6021 0
3361 1 2
3362 0 4 0
3365 6 6 7 6 0 6 0 0
3367 2
3370 6 6
3372 0 6 9 9
8754 6 6 6 6
9114 0
3375 2
3381 9
3384 2 0 9
9965 0
3388 7 7
3390 2 0
3391 2
3392 8 8 8 4
3393 4
3394 6
3398 3 2
113 0
3401 4
3403 6 6 6 7
9115 4
3409 6 9 1
3410 2 4 0
3411 2 1
3412 7 2
569 1 1
3416 8
3417 3 1 2 4
3418 0 6 0
3419 2
3420 0 0 0
8762 0
3424 0 0 6
3425 8 6 6
3429 1 1
3433 9
3434 9 0 2
3435 3
3440 2
3442 2
3447 7 3 3
11026 1
3454 3 1
8009 2
3458 2 3 1
3459 3 1
3462 9
3463 2 0 0 0 0 6 6
2843 0 6 6 6 9
9843 1 3
3466 0
3469 0
3470 9 0
3472 0
3473 6 9
3474 3
3475 9 9 6 6 6 2 0 6
3476 4
3479 0 6 6
3480 6
3481 0 0 4
3484 1
3486 3
3489 7 6 6
3492 0 9
3493 2 6 0 6
3496 1 1 0 6
10098 4 4 1
3499 4 4
3501 7 0 6 0 0
3502 3 2 1 2 0 2 0 3 3
584 9
3506 9 9
3508 1 2 2
3509 6 0
3510 6
3512 1 2 1
3513 6 4
1951 0
9516 4
3523 0 6
2845 9 6
3525 4
4446 8 6 4
3528 3
3530 4 4
3532 6 9 8 2 1
859 0 0
8781 0
3538 8
3539 1
11029 0
8574 3
3543 4
3544 1
10148 6
3546 3
591 6
3552 2 6
592 6
3556 2 2 1
10150 2 9 3 6 0 1
3559 0 6
3562 0
3564 0 9 9
1442 0 0 8
3567 1 6 1 2 1 1
3568 2 0
8787 3 1 3 1 3
3575 6 6
3577 6 0
3578 4 0 6
3327 7 0
3580 6
1962 9 0
3582 0 0
3586 6 4 4 4 4
3587 6
3589 8
3595 4 6 8 8 4 6 4
3598 1 3
3600 8 4 4 4 8
3601 6 0 6
3602 4 4
3604 3 4
3605 6 0 6
3609 0
3610 6 6
5751 6 9
3612 4 4
3614 0
3615 6
3616 9 9 0 0
3618 6 6 0
8795 4 2
3622 0
10161 3 1 3
3624 6 9
604 6 6 4
3626 0
3629 6 1
3630 0 4
3633 0 0
10163 4 7
3638 0 0 4
3640 0
3643 0 9 6 4 1
3644 1 1
3646 6
10165 9
3648 4 2
608 6 7
6941 4
3658 2 0
3660 1 6 3
3661 6 0
3663 0
3665 4 6 9 6
3667 2 2
3668 1 3 0
122 0 0 7
3673 1 2 1 3 8 2 1
3675 0
395 1 1
3677 2
3678 2 1 7 0
3684 2 4 6 4 6 7
614 1 2 2 2 3
3686 6
3687 0
3688 0 0 6 2 6
10172 0 2 0 2 6
3690 0 0 0 2 2
3692 9
3693 1
3694 0
3695 2 7
3697 0 0 6
2807 2 0
8317 7 0
3701 0 6 2 4 0
8810 0
3710 7 0 4 2
3711 3 1
3712 9
3715 0
3716 0
3717 6 6 4 0
3718 3
3719 6
8580 0
6125 0
10178 9
3726 4
621 0
3728 6
3729 3 1
10179 1 1 3 3 3
622 0 9 9
3736 3 1
1988 9
3738 9 0
3739 6 2 0 0
3743 6
3744 2
3745 1
3748 0 6 0
1990 3
3750 0 9 4
3751 9 0
2307 0
3754 2
3755 3
3759 0 9 0 6
1992 0 0 2
3763 1
3764 2
2853 7
3766 3 3 3
10185 4 1 1
3768 3
3771 2 6
3774 1
629 9
3778 3 2 1
3780 6 6
3782 6 6 2 4 8
3784 9
3786 9 8
3789 6 6
3790 7 0 4
3795 4
3797 0
3800 0
3803 2
3806 3
2000 4 0
3810 7
3811 0 9
3812 7 6 4 4
9947 0
2001 7
3816 2 1
127 6 2 3 2 2 2
3820 0
1491 1 3
8829 9
3824 0 0
3828 3
3830 8 4 9
3833 0
3837 6
3838 4 7
3840 6 7
640 0
3842 4
3844 8 8 4 4 8 4 6 4
3846 0
8833 0 0 0 2 2
3848 9 9 0
128 0
3851 0 0 6
3373 2
3858 6 0
3859 6
3861 1
3862 0 1 6
3864 8 4 4
3865 1 3 2 2 3 4 1
3866 3
3871 0
3877 2 0 4 0
3880 8 8 8 8 6
10204 2 4
3883 6
3884 7 4
3885 1
3888 4 4 4
8840 7
3893 6 4
3895 4
9716 0 0 3 1 3 3 1 1 1
3897 9 0 4
2208 1
3900 4
650 9
3903 4 0 6 2 9 7 1
10208 9 0
3909 0
3910 0
3912 9
3913 4
9132 6
3916 9
3918 2 0
3919 6
3920 6 7 4
3921 6 6 4 6 6
3923 9
3925 0 6
3926 6 6 6 6 4
3927 6
3928 6
655 9 6 9
3386 9
3935 6 4 4 4 8 8
3936 4 6
3937 9 6
3940 9
3942 1 1 1 2 2
10215 0 0
3948 3 1
3952 4
3954 6 0
3957 6 9
950 4 4
3960 4 4 4 2 4 2
3961 3 1
3964 8 4 8 8 4 4
3966 4 4 8 4 8 8 8
3967 1 3
3968 4 4
3970 0
10219 4 1
5591 6
3976 0 9 6
3981 6 2 1 4 4 6 4 2
3982 4 0 0 4 1 4 4 4 6 7 2
3983 2 0
3984 4
3985 9
4991 4 2 4
3989 2 3
11044 0
2031 9
3996 0 6 0 1 1
3999 7 0
4000 9 9
4002 7
4004 6 0 6 6
4005 2 6 4 0 4 6 4 6 1 6 6 6 6 4
2033 3
4012 9 7 0
4015 7 9
4016 4 1
4018 0 0
4021 2 3
4022 6
10228 7
4027 0 4
4029 2
4030 0 4
1827 3
4032 9 0 6 7
8864 6 0 1
4035 1 2 0
4036 6 7 9 9 6 0 0
4038 3 3
1771 0
4040 0
3404 9 0
4042 9 9
4043 0
4044 0 6 6
1718 1
4046 9 7 6
4047 2 3 6 2 1 4 4
4049 6 0
675 4
4053 0
4055 0
5046 4 0
2590 6
2042 4 2
677 0 7 4
4068 0 4 6 0
4070 9
4071 9
681 6
10774 1
4077 1
4078 1
4079 0 0
10229 4
8592 2 4
4087 1
4088 4 0
4090 1
10239 0
4092 4 8 8 8 8
4094 3 3 3 2
4095 3 1
4097 1 2 1
4098 2 2 0
4100 0 0
4103 2 0
4104 9 4
4109 4 0
4110 0 4 0 6 8 8 4 6
4113 0 4
4115 0
4117 3 3 3 3
4120 9
10244 2
4122 4 4 4 6
687 6 6 6 6
4125 4 8
4127 4 4 0 0
4129 1 3 3
4131 6
4132 6 6 9
4133 8 8 8 8 8
4135 0
4137 6 7
3421 4 9
4144 6 6 4 6
9958 4
4147 0 4 8 8
4148 3 1
8811 6
4153 9
4154 3 1
4155 7
4156 1 1 1
6154 3 1 1 1
4159 4 4 9
11157 7
4164 0 0
694 2
4173 6 4 6 6
4174 9
2061 1
2810 6 8 4
8888 0 0
4179 9 9 9 9
4181 2
9084 9 3 6 1
8889 7 6
4185 9 9 9 6
4186 6 9 0 0 0 2
4191 4
4192 2
4195 0 4
4196 0 0
4198 6
10257 9
9957 0 0 0
4203 6
8893 6
4209 9
4211 0
4212 4
4213 7 4 4
4218 0 6
4219 3 1
4222 6
686 6 6
8896 1 2
4227 3 1
9739 4
4235 0
4237 0 2 0 9
4238 4
4240 3 3
4246 0 0
4247 9
4251 6 7
4252 0 0 0
2074 9
4254 7 6
709 0 2
4259 2 4 4 0
4261 0 7 9 9
2324 9
4264 9 9 9 9
4266 9
4267 4 4
4269 2
4272 3 3
4273 0 0 0
4274 1 1
4275 1 1 4 1 1 1 0
4276 6
4279 9 9 9 0 6 0 0
4280 3 1
4281 2 2
4282 0
4284 2 0
4285 0
8430 0 6 0 2
4287 0 6
4288 0 0 0 0 0 0 6 6 0
4291 9
4292 9 9
4293 8 2
4294 3
9963 1
4297 6 9 9
143 2
4301 0
717 1 3 3
4304 4 0
4306 6
4307 4 8
4308 4 4 4
4313 1
1700 6 8
4317 0 0 0 0
4319 2 6 6 8
4326 0 6 6
4327 3
4328 6
4329 4 8 4 8 7 2
4331 0
4332 6
4333 9
4335 4
2088 8 4 6 9 4
4338 0
4342 0 0
2089 6 9
4345 6 0
4346 4
4349 6
4351 9
4353 0 0 2 0 4
4354 1 2 2
4355 4 0 8 4 4 6 4 8 4 8 4
4357 0
727 9
4364 4 4
4365 0 0
4368 2
4369 0
4370 2
9341 2 4
4374 6 6 6 0 2
4375 3 1 1
4377 6 0 6
29 3
4385 9 9 0
2097 2
4392 2
4393 0 0 6
4396 2 6 4 2 0 4 4 1 3 4 6 7 2 2
4400 4
4401 3 3
6195 0
4405 7
4406 3
4407 0
2177 1 4 6 8
4409 7
4410 0 1
4411 2 6
4413 0 0
4414 1 1
10293 9 9
4420 2
4423 7 0
4427 0 0 7
4428 0
4430 6 9
4431 7 4 6
4432 4 6 6 4 9
2104 9 6 9
4434 2 0
4435 4 6 4
4436 4 4 4 6
9695 6 0 6 0 9 0 6 2
7203 6 0
8604 6 7
4443 4
4444 0 7
2539 0
4447 0
4449 6 4
8331 0 2
4457 9
4459 2 4 7 4
4460 0 7 0 9 9 9 9 9 9 6
4462 6
4463 4
4466 1
4467 6 0
9073 2 0
7241 6 9
4472 0
4473 0 6 9
2111 6 0 0
4476 3 3 1
4477 1 3
4479 2 0
4480 1
2112 6
4482 3
747 4 8 8 8 8 8 8 8 8 8 8 8 8 8 8
4487 8 2 4 4 2 4
4492 4 2
4176 3
8941 9
2059 6 4
4497 4 0
4498 1 3
4499 0
739 1
4501 3 3
4506 2
4507 2 3 1 1 8 1 4 2 1
4509 9 6 6
8944 0 0
10310 2
10311 8 8 4
4525 4 0
4528 0
4530 0 6 1 9
4531 0 9 9
4536 2 1 2
4538 9
4540 9 6 4
2122 4
4542 0 0
757 0
2879 1 1
4546 7 0
4547 0 6 0
4549 2 0
4550 1
4551 1
697 2 8 9 2 4
4556 7 4
4561 6
4564 2 0
4566 7 0 2 9
4568 0
4569 7 4 4
4570 2
4571 1 6
10245 6 2 4 2
4574 6
10320 3
4578 3 1 2
4581 7
4582 1 1 3
4584 0
4585 0
4587 4 2 2 2
4588 0 0 9
4589 9
4590 4
4592 9 6
4593 9
4595 6 6 6
4600 0
4601 4 6 0 8 0 4 4 4 6 0 6 6 4
4603 0 2 0
4605 9 6
4606 9 0 0
4609 6 4
11037 6
4611 4 6
4612 1
699 2
4614 1
4615 4 4 2 4
4617 0 2 7 0 4 7
126 9 0
4620 9
4622 4 4
4623 9 9
4627 0
8883 6
4630 1 2 1 1
10329 9 9 0 0
4633 4
4635 0 0 6 4 6 6
4636 1 0 1 1
4637 9 0 6 6 6 6
4638 0 0
8965 0 4
4640 1 2 1
4641 0 6
4642 0 1
4177 8 8 4 4 4
4645 3
4647 0
4649 0
4650 9
4651 3 3
4652 0
4653 6
4657 0 2
4659 0
4662 0 4
4665 6
4667 0 4 4 6
4672 9
4673 9 4
4675 6 9
4677 4
4678 6
4681 4 2
4683 8 4 4 6
4685 8 8 4 0
4686 0 0 4
4687 2
4691 0 0
4692 0 0 6 0
4694 6 0 9
4700 3
702 3 1 2
4704 4 0
8976 9 6 7
4706 6 6 6 6
4707 4
4708 3
4710 7 7 7 4
4712 2 9
4714 9 4 6 4
4717 1
4719 3 1 1 1 3
10344 6 2 2
4722 3
4723 1
4729 6
4734 1 1
4736 0 6
4740 1
4741 0
4744 7 7 6
4745 9 9
4746 8
4749 4 1 4 4
4751 7 7 7
4752 8 4 4
4754 3 1 1 3
4755 0
4757 1
4761 0
4763 6 9 2
4765 7
4766 2 9
7621 1
4768 1
4770 4 4
4773 1 7
4775 0
4780 3
4783 0 4 2 0
4785 2 1
4787 6
4788 9 4 0
4790 6 7 6
4791 2 2 1
4792 2
4796 6 9
4800 6 6
4803 9
4804 9 0
4805 2
4807 6 6
4811 0 6 6
4813 6 0 2
4814 4 4
4815 8 6 6
2168 6
159 7
8653 0 9
4822 7 0 4 8 8 8 8 8 4 8 6 9
4823 6
2985 9
4826 3 1 3 3
4827 6
4828 6 0 2 0
4829 2
979 3 3 3 1 8 8 1
4831 3 1 3 1
4834 0
4835 1 2 3 3 1 4 1
4836 2
5815 4
4841 6 4 4
4842 0 0 0 0 9
8999 1 1 2
4844 4 6 0 9 9
4846 7 7 3
4848 4 9 6
4849 7 6 0
4850 9
4852 1 0 9 0
4856 6
4858 4 4
6271 6 6
4861 0
4862 1
4863 1 3
4864 0 4 2
4865 4 3
4867 1 3
4870 0 2 4
4871 4 4 0 7 9 6 3 0
4872 3
2134 2 4
4877 6 6 0 6 7
4879 1 1 1 1
4880 6 2 0 1
4881 9
4882 1 3 2 2 2 2 4 2 1
4883 0
4884 0
4885 7 0
3545 0
4888 6 0 0 0 4 0 4 4 4 8 2 6
4889 3 1
4890 1
4891 0 2
8619 9
4894 0 0 2
4895 3
4903 0
4904 0
4906 6 9 6 0 0
4907 3 3
4909 1 0 2 2 4
1800 0 6
4914 4 4
4915 6 6
4916 9 6 4 6
4920 6 6 6
4922 0
4924 0
4925 9
4927 2 0 6
2187 6 4 0
4932 6 2 1 6 6 4 6
4935 3 1 3 3 1
4937 4
4939 6 6
4940 1 1
4942 6 9
4943 3
710 0
4945 0 0 4
4946 0 0
301 9 6
2215 6 4
4952 4
4956 9 2 0 2 0 6
4957 1
4958 7
4960 8 8 8 8 4
4961 3
4962 3
4963 0 9
4966 4 2
4967 1 3
4968 2
4969 9
4971 3
4972 9
10386 0 4 0 0 0
9021 0
8349 4 2
4977 4
4978 4
4979 1 9
4980 2 1 1
4981 4
4984 6 6 0
4987 4 4
4988 0 0
4989 3 1
4990 1
10389 9 0
832 2
4994 0 9 9 6
4997 4 4 8 4 1 2
4998 0 9 6 6
4999 6 6 6 0
5000 0
5001 1 7
5003 2 2
5004 6 9 0
834 9 3
3565 3 3
5012 0 0
5013 0
5014 6 0 7 9
1288 6 0 8 8
5017 7 6
5018 3 2
5019 7
5020 2 2 2 2 2
5026 3 3 3 1
5027 3
5028 1
5029 2 1 1 1
5030 9 6 0
5033 2
5034 4 4 2
5035 9 6 9
5037 2 2 0
5038 6
9715 0 0 9
5040 0 2 1 2 2 2 2 4
5045 0
9988 1 1 2 3 3
5047 9
5049 0
5050 0
5051 9
5054 4
5057 2
5058 7
5061 6 6 6 6 6 6 6 4 2 9
5062 0 4
10401 7
5065 0
9690 0
5067 0
5068 6 0 0 1 0
2210 3
5070 0 4 6 0 2
11135 3
5073 0
5074 3 2 3
5075 8 8 8 8 8
5078 0 0
847 0 0
5088 3 1 3 3
5089 4 2 0 2 2 4 0 6
5090 2
5092 0 8
5094 4 8
5097 1 1
5099 6
5100 6
5101 6
5102 1
5103 1
5104 0 0 6
5109 6 0 6 6 4
5111 1 6
5112 4 4
5116 2
10410 2 6 6
5122 7 7 6
2219 7
5124 9
7681 9
5128 4 2 2 3 1 1
5129 2
5132 4 8 4 0 2 0 0
5133 2 2
10620 0
6317 6 4 4
5137 4 2 0
5139 4 7 6 0
1535 1
334 3 1 1
9050 0 6
5152 0
5153 3 1 3 1 1 4 1
5155 2 1 2
5157 0
5159 6 6 4 9
5164 1 0 1
5165 6 6 4
5167 2 1 1 2
1096 1 1
5171 0 6 2
5173 6 8 4
5174 4 3 2
5176 0
2228 6 0 2
5179 7
8273 6
5182 9 6 9 6 6
10421 0 1
5184 1
5185 4 0
8356 1
5188 2 9
5189 4 0
5191 0
7692 0
5194 1 6
5195 2 2
5197 0
5200 4 0 6
5202 3
867 2
5204 1
2233 2 2 0 0
5212 0 6 0 6 2
5213 2
5214 8 8 8 4 6
869 6 9 0
2189 6
5217 3
5218 6 0
5219 1 3 2 1 1 3 2 1 3 1 3
5220 1
5223 4 2
2236 9
5226 4
5227 3 1
5229 1 3
7699 0 4 2 2 0 1 2 2 2 2
5236 4
5237 2
5239 2 1 8 4 4 1
5241 1
5242 2
874 6
5248 4 4
2357 3
5254 0 6 2
10433 6
5256 6
8904 6 1
5261 4
635 0
5271 0 2 4 9
5273 0
5276 2
8359 9
5279 9 0 0 6
10237 1
5282 0 2
5284 4 4 6
5287 4
5288 6
5290 0
5291 2
5293 0 6 6
5295 9 6
5297 0 4
883 3
5301 4
5307 1 3 3 1 3 1
10442 7 7 7 7 7 7 7 0 0
5312 2
5313 4
5315 0 0 0
5318 2 0
5321 7
1541 0 0
5325 9
5326 6
5327 1
5329 1
3619 9 9 9
5332 2
5334 3 1
5337 6 9
5339 7
1136 2
5342 0
5343 0
5344 0 0 4
10448 0 0 0
5350 3
5351 0
5352 7 0
5353 3
5355 0 3
5356 1 3 3 1
5358 8 2
893 7 4
5360 0
5361 7
5363 6 8
5365 4 8 8 8 8 8 8 8
5366 3 0
5367 9
895 2 4
5378 9 7 9 6 0 0 9
5379 9 6 6 4 0 0 0
5382 9 4 0
5383 0 4 2 4 2
5385 0
5387 0 7 2
5391 2 4
5394 6
5395 0
5396 4
8363 0
10457 3 1 2 3 1 4
5400 6 6 0 1 4
9092 6 0
5405 0 6 0 6 4
5406 6 0
5411 0
5412 4 2 4
5414 4 9 9 9 9 9 9 9 9
5415 7
5417 3
5418 0
5420 0
5636 9
5425 9 9 9
4545 0
2090 0 4
5429 9
5431 1 2 1
5434 0
5436 1 2 4 7
5439 0 4
5440 6 9
10464 6 0 0 0 0
9099 7
5445 2
9183 6
2273 9 2 3
5448 8 8 8 4
5452 2 2
9638 0
9101 0 6
5456 9
5459 1 3 3 3 1 2
5460 0 3 6 0 2
5463 2 2
309 2 1 1
5468 4
2277 0 7
5472 0
912 2
5475 6 0 9 0
5476 1
9184 6
5478 1 1 1 3 3 3
8249 8 4
5482 1 1 1
5486 9
5487 6 9 0 0
5488 9 9
5490 6
5491 6 6 0 0
5500 4 2
5501 9
5502 4 2
5504 0 2
5505 1
5506 0
5507 0 7
5511 9 9 0
5512 0 8
5513 1 2
5516 9 9 0 9 9
8367 4 8 4 4 4
5522 6 3
5523 8 8 1 8
5526 0
5527 1 1
5528 0 7
1873 6 6 0
2287 0 2 4
5532 6
5533 4 0
2912 2 6
5538 3 2 4 4
5539 2 9 6
5541 1
5542 1
10481 3 1
5544 9 9 0
5545 9 0 6
5546 6 2 6 6
5548 9 2
5549 3 3 1 3
746 2
5551 1 0 2 0 9
5552 9 4 4 0 0 2
5555 4 4 4 8 4 6 9
10005 0
1276 6
5558 0 9
5559 4
2292 8 4 4 8 4
5562 2 2
9119 6
5565 7
5566 4
5567 0
5568 0 0
9009 0 0 0
5572 6
5573 1
5576 4 0 0 9 6
2295 2
5581 4 3 3 2
5582 6 0
6392 3 2 1 3
5586 0 6 9 4 6
5588 3 3 1
5590 4 2 2 0 2
2297 1 1 1 1 1
5594 1 3 3 3
5595 6 4 9 4
5596 2 1 3 3
5599 2
5600 0
5601 3 3 3
2299 0 6 9
5605 2
5608 0
10492 4
5610 6 0
5611 0
7762 4
5616 7
5618 1 1 1
5619 0
5621 6 0
5623 1 3 2
2915 1
9130 0 0
7765 7 2
5635 8 8 8 8 8 8 0
10403 8
5638 2 1 3 2 6
2305 4 4 8 8
5640 9 2
5641 0 9
5643 9
5644 0
5647 0 0 0 6 9
5649 2
5650 9
188 0 6
5653 0 6 2
5656 8 4 0
10500 6 0
5658 2 7
5659 4
5660 2 0
5661 3
5662 1 2
5663 2
5664 2 3
5665 2 0 9
5666 1
5667 8 2 2 2 2 2 4 8 3 4 8
5668 0
5671 0
5678 1 1 2 1
5679 1 1 3
2644 0 4
5684 2
9585 6
5690 1
5694 6 0 6
949 1
5697 6 6
2220 0
5699 2
1729 0
5701 0 2 9 6
5702 2 9 6
5703 0
5707 2 2 2 1 2 2 2 2
5708 6 2 1 0
5709 0 4 0 0
5711 1
952 1 3 3
5714 0 9
5715 0
2318 0
953 4 4 7 7
5720 4 8 8 8 6 8 0 4 6
5721 6
5722 0
5724 9
5725 0
5727 1
5729 6 0
5730 1
5731 9
5732 1
5734 6 6
10513 4 4
5738 2
5739 1
5740 0 9
5741 2
5743 6
5745 3 3 3 1
5747 9 6 0
5749 2 6
3689 4 8 4 8
5753 9 9 9 9
5756 6
5757 0
5758 1 1 1 2 1 1
5760 3
5764 3
5768 8
9042 3 1 7
5771 2 6 6 6 6
9154 9
5774 0 2
5778 6
9681 9 6
5780 8 8 8 4 8 6 8 4
5781 4
5782 2 6 2 4 2 2 2 1
9467 2
5785 9
5786 0 6 0 7
10522 2
5790 0
5791 2 8 3 4 8 1 1
5793 6 2 0
5794 6
5796 3
5798 7 7 1 1
5799 0 2
5801 4
193 2 4
5804 0 4
5805 4 7
5807 0
5808 7 6 2 9 2
5809 1
5812 0 9 4 6
10526 3 3
5814 1 4 3 4
969 1
5816 0 9
5818 9 6
5819 0
1012 2 0
5823 9 0 0
5825 6 4
10014 1
5828 9
5830 1 2
5831 6 6 0 7 4
5833 0 4
5835 4
5836 9
5837 7 6
5838 3
5840 6 9 9
5842 7 4
5844 0 2 0 6 9
5846 3
5847 6 4 4 6
5848 6 4
5851 0 0
5852 0 4 6 0 0 6
5854 6
2341 2 1
976 6 9 0
5859 7
2650 0
5863 9
5864 9
5866 1 0 1
5873 4 6 6 7 4 4 4
5874 1 1 1
5875 3
5877 6
5878 6
2345 9
5880 0 9 9 0 2
5884 7
10538 9 6 9 9
5888 3 0 2 4 0
5889 4
2347 4
5892 3
9174 6 6 4
5895 7 1 0
5896 4
2348 1
5899 6 4 6 4 6 6
5901 8 0 4
5902 1 0 2 4 2
5905 3
5907 1 1
5910 7 4 0
5912 0 0
5913 6 8 8 8 4
5914 0
5918 6 9 6
5920 9
5922 0 9
5924 4 0
5925 3
470 4 8 8 8 4 8 4 8 4 8 8
9180 0 6
5930 0
5932 9 9 7
5933 3
5934 9
9181 0 0 0 9 6 1 6 4
5938 6 6 0 0 7 0
5939 4 2
5940 0
5941 0 6 0 9 4 6
5943 2
5944 4 0 0
5947 4 4 6
5950 4
5951 0 0
5953 4
5955 3 3
9200 9 4 4
5958 6 0
2359 4
5964 1
10837 0
2108 0
5968 1
5972 7
5973 1
9188 2 3 2 9 0
5978 4
5979 6 6 9
10554 0 4 7
5983 1
10555 4
1029 3 3
5992 9 4
5993 9 6
5995 4 4
5996 6 4 0 6 0 0 0
5997 3 3
5998 6 6 6
5999 0
6004 6
6008 2 4
6009 0
6011 1 1
1564 4
3733 0 4
10560 6
1003 0 2
6020 0
1837 1
6022 0 0
6024 2 0
6025 7 7 4 2 0 6
6026 6
6028 0 6 6 6 0
5929 0
6030 2 7
6031 9 0 7
6033 1 0 6
6036 2 0
6038 1 3 3
6041 2
201 4
6043 9 6 6
6044 6 6 2 1
6045 2 4 4 0 0
6047 9
6049 0 0 4 9 0
6051 3 3
6054 6 4
6055 3 3
6058 1 1 1 1
2375 0
6060 2 3 3 3 4
6061 0
6062 3
6063 1
6064 0 0 2 6
6065 9 0 9
313 2
6067 4 0 4 8 4
6069 2 1
6073 1 1
6077 0 9 9 6 2
6079 6 0 9 6 7
6080 0 6 6
6082 4 9
2379 1
9206 4 4 4 4 2
6087 0 0
9708 6
6089 3
6104 2
6106 6 0 0 0
6107 9
9210 6
10576 0 0 6 0 0 0 6 4
6114 0
1019 2 2 2 2 1
6116 4 4
6117 1 3 3
8387 0
6119 6 0 6
6120 4 0
6121 9 0 0 0
6123 9
6205 4 4 4
9213 2
6129 2 1 3
10579 6 6
6132 8
6133 4 4
6134 1
6136 4 2
6138 0 1 0 0 0 2 9
6139 2
6140 2 8
6142 6
6147 0
6148 6 2 2 8
6151 4
6152 2
6153 0 9 0
942 7 4
10583 0
6156 4 6
6157 6
6158 9 6 6
6159 4
6160 0 6 0 4
6162 2 1
9219 6 9 6
6166 9 6 0 6 6 0 9 0 9
6167 8 8 8
6168 4 2
6170 9
6171 7 9 9
6172 9 6 4
6175 6 6 4
6177 9
10587 6
6181 4 0 4
6182 1 1
6184 1 0 6 0 0
10588 4 0 0 4 0
6187 2 4 6 9 4
6188 0 2 0 0 9 6 2 2 4 2 4 2 2 0 0
6189 9
6190 2
6194 0
1924 0
6198 2 6
9225 0 0
6201 0
6203 4 0 4 4 7 0 9 4 0
6204 0
1034 2
6206 1 3 1 7
6209 2 4 4 0 0 2
6211 6
2769 4
6216 2 2
6218 0 0
3767 2
6225 6 6
6227 6 0
5134 2
6232 3
9231 4 4 8 8 8 4 1
6236 4
6237 2 4 9 0 9
6238 0
6239 1 1
6247 1
6248 6
6251 6 8 8 6
6252 4 8 9 6 6
6253 0 4 4 4 2 3 2
6258 9 6
6259 2
6265 2
6269 3
6270 3 1 1
9237 8 6 6 6 0 2 6
6274 0 0
6275 1 1
6276 0 0 7
6281 6 0 4 4
209 2
6283 4 2
6288 3 1 2 4 1 1 3 3 2 7 1 1
9240 8 8
6290 6 2 9
6291 0 0
6292 6 0 2
6293 1
6296 0 6 6 9 0 6 6 6 9 9
6298 7 0 0
6299 1 2
8989 3 2 2
6302 0 7 9
6305 2 2 2 3 0 0 0
6306 9
6308 0
10609 0 0 0
6312 2 2
6313 0
7879 0
10610 0 6 0 6
1053 3 3 1 1 3 3 3 1
6320 2
10611 1
6324 2
6326 0 6
6327 6 6 6
6328 0 9 2 9 1
6329 7 1 9 0
6331 9 9
6332 6 7
6333 0 0
2393 2 2
10613 2 0
6336 6
6338 2 6 9 6
6344 3 3 3 3 1 2 1
6349 9 6
6350 4
6352 6
6354 7 0
6355 6
6357 4
6358 6
6359 4 4
6364 2
6367 0 0 2 0
6368 3 6 9 2 1 0 6
2161 4 8 8 8 8 4
6371 0
6372 0 9
6373 0 4
6374 9 6 6
6376 0 0
2940 9
6378 0 6 0
6379 0
6381 9
6383 4 0
6384 0
6385 4
6387 6
6388 1
6389 9
1031 1
6393 0
6394 6 6 4 6 6 6 1 4
6397 3
6398 0 0 7 9 6 9
6399 8 8 4 2
6401 1 1 1
8335 2
6406 6
6409 0
6412 2 0 4 9 9 7
6413 4 8 8 0 6
6414 7 0
6416 9 9 9 6 6 6 6 9 0 6
6417 2 4
6419 4
6420 0 4 4 6 4
6422 6
6423 7
6426 8 4 2 4 4
6427 8 9
6428 0
6431 6 0
6432 2 2 2 2
10307 3 0 0 6 4 4
6436 6 6 2
6437 6 6 6
6439 2
6442 6 4
1074 1
6446 0 7 2
6448 3
6449 0 9 0 0 4
6451 0
6456 3
6457 4 0
6460 4 9
9269 2
6465 2 2 3 1 3 1
6466 0
6467 2 9 0
6472 1 1 1 3 3
6473 0 0
6475 0
6476 4 8 4
6477 7 9 0 0 4
6478 9
6479 1 3 3 2 1 1
1080 6 0
6482 6
6484 4
6485 9
6488 0
6489 0 0
6491 0
6492 9 6
6495 2 6 4 4
6496 8
1407 4
6500 4 6
6502 1
10627 3
1084 0
6507 6 4 0 6 6 7
6511 4
6512 1
6513 0
805 6
6516 1 1 3
6517 6 6
6519 2
6520 9 0
8946 6 0 2
6529 0
6533 0
6536 6 6 6 1 6 6 6 9
6537 2
6539 0
6543 4
10648 9 0
6546 2 2 0 2
6547 0
6548 4 6 0 7 6 4 4 6
6549 0
6551 0
6556 8 2
6557 4 2 2
6558 1
6559 2 0
6560 3 1 1
6561 9
1094 9
6566 8 4 8 4 4 6
6572 4 2 0
6573 0
6574 2
6575 0 2
6577 6
6579 6 6 6
6581 0
6582 4
6584 6
6585 0
6586 2 2
6587 1 1 3
6596 1
6597 0
6601 6 6
6602 2
6603 0 9 0 6 0 7 4 4
7027 4 6
6607 1 2 1
6610 4 0
6611 0
6612 4
9294 0 0
6617 9 0
6618 8 4
6621 2 4
6624 7 7
6629 2 2
6630 4 4 4
6631 4 4 0
6634 0
6636 9 9 9
6639 4
6640 3
10314 0 4
6645 0 4
6648 1 1
6650 1 1 3 1 1 3 3 1 1 2 0
6651 4 4 4 0 4 0
10666 4 6 4
6664 7 0
6665 6
6666 0
10042 4 2
6670 3
6671 6
10315 2
6675 0 6
6676 6
6677 0
6678 9 0
6680 6
6682 6 4 2
6683 6
6686 0 4 4 4 1 1
6687 0 2 2 0 4
10672 2
6691 9
6694 0
2405 2
6696 9 9
6699 2 1
6703 2 4
1587 0
6706 7 4 1
6707 0 6 9 4
6709 2
2416 0
6715 0
6716 3
6717 9
6718 6 6
6719 0
6720 1
6722 6 0
6723 1
6724 3 0
10678 9 9 9
6726 4 6 0 6 6 6 4 4
7993 6 6
6728 0 7 6
6729 1
2679 2 8 2
2336 4
6736 9
6740 4
6742 2 0
5680 0 6
6744 9 9
6746 1
3855 9 0
2227 0
6755 9
6756 0 0
6759 9
6760 1 3 3 1
10684 9 0 6 9
6764 0
6767 1 1
6771 4 6
6772 0
6774 9 0 0
1129 6
7045 0 0 4 4
6778 1
6780 0 4 0 4 7 4 0
6784 9
6786 3
1131 4 4
6789 4 6
6790 6
2497 0
6795 7 2
6796 6 0
2882 2 1
6805 0
6808 4 0 4 6 0
6809 6 4
6811 3 3
6812 3 6
6813 2
6815 9 6 9
6816 0 6 4 0 7
6817 2 8
6818 6
6820 0 0
6822 6
227 0 4
6824 0
2955 0
6830 0
6832 2 4 7 0 0 4 6
6835 4 1 0
6838 0
6839 9 0
6842 7
6843 6 6 2 1
6845 2 6 2 2 0 6
6846 2
6849 1
6852 4 6 6
6853 3 1
6761 0 2 7 6
6856 7 0 6
6857 6 7
6858 0
6859 2
6860 6 7
6861 0 0 6 4 6 4 4 1
6863 4 8 8 8 8 4
6864 4
9336 6
6866 8
6867 0 6
2138 9 7 6
2510 1
9337 0 6 0
6873 2
6874 0 0
6875 3
6877 6
6882 9 9 6
6503 3 2
6884 2 0
6885 0 0 6 0
6886 2
2513 9
6776 2
6890 2
6891 2 1
6895 8 0 0
6897 3 0 2 1 1 6 0
8413 1 4
6901 0 4
6902 2
6905 6 2
8011 9 2
6909 2 0 9 9 2
6911 1 1 2
6912 6
6913 6 0 6
6915 3
2518 9
6918 7
6921 6
6923 2
6925 7
6927 8 8 8 4 6 2
6928 8 4 6
2520 2
6930 6
1155 0 4 4
6934 2
8687 9 9 6 6 6
6936 4 8 4 4
2686 1 4 4
8960 2 0
6943 9 6
6944 2 2 3
6945 6
6946 2 8
6947 0 6 6
6948 2 0
6949 0
6950 3 3
6951 9 6
1410 7
6953 9 9
6954 9 7
6955 1
6957 3 3
6963 6
6966 7 6 4 4 0
6967 4 7 0
6969 2 9
2527 1
6972 4 0 4 4
6973 4
6975 0
6976 8
6977 6 6 6 6 6 6 4 6 4 9 4 6 6 6 6 4 4
6982 0 9
10721 6
6985 1
7991 2 2 1 2
6989 0 4
6991 8 8 1
6993 2 0 2
2415 6
6996 6 8
9358 4 4 0 4
6998 6 6 2
6999 0
7003 0
7004 6 4 2
7005 2 3 2
10725 9 0
7008 4 4
7009 7 0 0
7011 4 4 4 4 4
7012 2
7013 0
7014 1
7015 2 1 1 0
7016 1 3
9212 0 0
10727 0
7023 0 2 4
7025 2 2 2
1171 0
7029 1
7031 1
7032 0 6
9364 9
7036 2
7037 2 2
7039 7
7042 2
7043 0
9366 1 2
7048 2 0 6
7051 9
7052 1 4 3 4 2
7053 0 4
7055 3 4
7058 4 1 1 2
7059 1
7061 9
7062 2 3 4
7063 4 4 4 2 3 1
7064 6 9
7065 3 1
7066 0 0
7070 0 6 9
7071 4
7074 6
7076 2
7079 0 2 2 2 6
7082 4 2 6
7083 0 6
7084 7 7
2546 2
7086 6 1 6 0
5277 1
7089 1 3 2 1 3 1 0 1 1 1 3 3 1 3 3 3 3 3 1 1 1
7092 6 4 4 6
7093 3 6 6 9 8 0 0
7095 6 9
7097 8 4 4
7100 0 2 4
7101 0
7102 4 0 2
10741 1
7105 3 4
7106 4 0
7107 4 7
7110 0 6
7112 0 4
7113 0 4 4
7116 4 4
7124 4
7125 1 3
7127 0
7128 0
7134 7 8 6 8 8 8 8 8 4 4
1193 0 4
7137 8 9 6 9 0
7139 4
1190 4 0
7143 3 1 3 2 4 1 1
7145 2
7147 4 2
7149 1
6653 4 6 2
7153 0 6 2 0
8019 2
7157 4 8 8 8 8 4
7159 0
7160 7
9386 1
7168 1 4 3
7171 3 3 1
7174 4
7175 6 9
7178 7 0
7179 1
5149 9
7181 4 1
1197 6
7186 4 9
7187 6 9 3 6
7190 2 6
7191 0
7192 0
7196 9
7197 4
7198 1 0
2149 6
7201 9
3931 0 4
7205 2
7206 3 3 3
7207 2
7210 8 8 8
10759 0
7213 1 3
7215 2
7217 2 2 0
7220 7
7223 7 0 6
7224 2 0 4 6 6 0
7226 1
7227 1
7228 7 0
7230 7
9788 0
7236 9 6 7
7237 2 0
7238 1
7239 0 0
7240 0
10764 6
7247 6
7248 6 0 4 6
7251 7
1209 0 2
7256 2
7257 9 2 6 2 7 4
10767 4
7260 2 2 0
1210 0
7272 9 9
1212 6 0
10335 0
7276 6 6 9 6
7277 6
7278 3
7279 0 0
7280 7 9
7285 7 1 3
7286 2
7290 9
7291 0
7292 3 1
1061 6 4
7298 4
7299 4 6
7301 6 6
7306 3 1
7307 0 0 0 7 7
1218 0 2
516 9 9 8
7311 6
7313 0 9
7314 4 4
1219 0
7316 6 6
7318 4 4 4
6725 2 1
9791 4
7325 0 2 4
9413 2
7332 6
7336 6 9 0 0 6
7337 0 4 2
7339 4 4 6
5700 3
7345 6 0
7346 1 1
7348 2 9
7349 1 3 3 3 3 3 3 3 3 1
7350 6 2 0 0 0 0 2
7355 2
1226 6 6 0 6
7358 2
7359 2 0 2 0
7360 9
7363 0 2
7365 0
7366 1 1
7367 4 7
7368 0 9 0
7369 7 0 6 0 4
7370 9
7371 4
7377 4 1 1 1
10884 2
7379 9 0 4 4
9422 1 3 3
7383 1
7384 6
10788 6 7 6 6
7390 0
7393 4 1
7395 6 6 6 0
1904 0
7400 3
7401 9 9
7402 2 1
9426 9
7409 3 3
7411 6 4
2553 1
7416 4 2 9 0 9
7417 6 1 2 2 4 4 8 4
7418 3
7419 3 2
7423 1
7424 0 6
7428 0 4
8764 1
7435 7 4 8 6 4 4
7436 3 3
7437 1 2
10886 0
7440 0 6
7441 8 4
7443 1 9
1241 2 2 1
7449 0 0 4 0 2 0 4 0
7452 8 6 8 4 8
7454 6 0 0 0
7455 7
7457 7
7458 6 6
7459 0 0
7460 1 2 2 3 1 1 1 1 1 1 2 1 1
7461 7 6
7462 3
7464 4 8 8 1
7465 4 4
7466 1 1 1 2 7
7468 1
7470 0
7471 0
7472 2
7473 2
8233 0 2 2 6
7475 2
7477 0 3 1 1 1 1 1 0 2 1
7479 2 1
7480 6 9 9
2612 7 2 7
7482 6 6 6 6 6
7486 8 8 8
7487 9
8615 9
7493 4 2 9
7494 4 6 0
7496 0 0
7497 4
7498 0 6
7499 2 2
1453 3 3 1 2
7502 2 2 4 4
11161 2 0
7505 0 7
7506 2
7507 1 3 3
7509 0
7510 2
2617 2 3
7512 2
1252 2
7515 1 1
7516 1 3 1 0 1
7517 0
7518 1 2
7520 8 8
7522 7 0
7523 0 0 6 0
7524 2 1 3 8
7528 8 8 8 0
7529 6 2
1523 4 4
7537 2
8779 1
7542 0
7543 0
7544 2 3
7545 3 0 0
7546 3 3
7547 7
7548 3 1
7549 0 9
7550 1
7551 0 4 0
7552 6 6
7554 1 3 1 1 4
7556 6 9 6
7559 4
7560 2
7561 0 7 6
7564 3
7565 1
7568 9
7569 2
7570 9
7571 4 8 8 8 8 8 8 8 8
7572 0 2 0 7
7575 0 6
7578 0 2 0
7581 3 2 0 1 1 1
7582 6 1 0 9 0 2 2 2
7583 2 9 0 0 6
7584 1
7585 7
7586 6 6 6 6
7587 6
7590 0 9 0
7592 6 6
7593 8 8 9 9 0
7596 2
7601 9
7603 4 6 3 0 4
7604 1 1
7607 2 2 2 4 4 1 8
7608 0 0 0
2634 1
7614 6 0
7615 3 2 3 2
7616 1
7617 1 0
7618 6 3 6 1
10827 2
487 4 0 0 0 2
9462 0 2
7624 8 8 4 4 4 4 6 8 8
7625 4 6
7626 1 4 2 9
7627 0
7629 2
7631 0
7632 6 9
254 1 1 3 2
7635 6 0
7636 0
7641 2 2 4
7642 9 9 9 7 7 7 7 7 6
7645 6
7647 0 6
7650 8 0
7651 0
7652 6 6
7654 0 4
7657 0
7658 1
2642 3
9469 1 3
7664 0 4 6 4 4 4 4 2
7668 6
7672 2 0
7673 1 3 3 1 3
7674 0 9
1279 1
7679 7
9472 2
7682 9
7683 0 4 2 4
7686 1
7687 2
10076 2
7690 1 3
7691 2
8289 0
7693 0 0 2
7694 0
7695 4
7697 8 4
7698 1
9475 0 0
7700 2 9
7701 2 1 1 1 2
7704 2 4
7706 4 4
7707 0
7709 9 0 9 4
7710 0 2 6 0 9
7712 3
7718 1
7719 9 1
7720 0
7721 7
7722 3
9479 1
7725 1 1
1621 4
7727 0 2
7728 3 2
7729 3 2 1 2 4 3 2 2
7730 4 4
7731 6 3 1 3
5713 1
7735 0 9
7736 9 2 2 0
7737 4 3 4
7740 9
7743 9
7744 9 0
9483 8 6 0 6 0
7748 0 4 6 6 0
7749 0 0 4 2
7752 1 3
7756 4 7 0 0
10850 1 3
7758 6 0
7759 0
7760 3 2 2
7761 2
10624 0
7763 9 6 0 4
7764 4 4
9486 1 1
7767 7
7768 2
7769 9 6 4 0
7770 7
7771 3 3 1 3
7772 2
7774 7
10853 0 0
7776 2
9488 3
7778 7
7779 2
5169 3 3 3
7783 1 1 1 1
7784 0
7788 8 8
7790 6 6
7794 3 3 3
9491 9 9
32 0 2 0 0
7798 0
2665 0 0 9
5935 8 4
1300 6 9 0
7802 0 0 9 0
7803 0 4
5397 9
7809 3 1 3 3 3 1 2
7810 2
7812 0 2 1 0
7813 2 6
7814 2 4 6
7815 1
7818 0
7819 3
7823 0 0
7825 4 1
7828 6 4
7829 1 1 1 1 2 2
7832 9 6 0
7834 9 0 9 0
2443 9
8133 9
1352 3 1
7841 1
7842 6
7843 1 1 2
7845 0
7846 1
7848 1
7849 7
7850 1 3 3 3 1 3 1 3 3 2 4
7852 6 7 2 2 4 4
7857 4 6
2171 9
7860 6 8 8 8 6
9809 0 1 0 2
7864 3
11173 2
7867 0
1798 0
7870 7 7 0 0
8563 6
1312 0 0 0
7876 7 2 4
7877 6
9505 0
7883 7 7 7
7884 4 4 2
9506 6 4 6
10901 2 0 0 6
7889 9
7891 4 7
7894 9 9 6
7895 0
7897 3
7898 0 4
7900 9
7901 8 8
7903 0 0 4 0
7905 1
7908 4
7910 2
7911 6 6 6 6 4 7 6 2
7920 0 4 6 4
7921 9 4 0 0
7922 9 9
4051 0
7924 6
7925 3
2687 7
7932 1
7934 2
10880 9 0 0
7943 0 9 0 0 2
7944 0 6 9
7945 0
7946 4 0
7947 1
314 6
7953 6
7954 0 2
6787 4
7956 9
7958 1
7961 6 9 9 9 7
7962 4
7963 2 0 0
611 1
7965 7 0
7966 2
7967 0 9
7969 0 0
7970 2 0
7971 0 0
7972 0
7973 0 7 9
7975 9
7978 1 1 2 4
7979 7 3
6828 9
7981 1
7983 0
7986 6 6
7987 9
7989 2 1 2 0 2 2 2 6
7990 9 9
2697 2 0 6 4 3
9524 1
8000 0 0
8001 2 0 9 9 4
10632 6
8003 6
8004 4
8005 9 9
3535 1
10892 6
9527 0
8012 0
8014 3 2 4 0 0 2 1
8723 9 4
9528 0 4
8018 2 0 2 6
10037 7
8021 0 2
8564 6
8025 1
1631 9
8029 0 0 0
8033 2 2
8034 3
8036 6 1 2 2 2
2705 0
8040 6
8045 1 4 1
8046 6 2
8048 6
8050 4 9
10899 6
8052 0 7 7 9 0 1
8056 2
8057 9 0 9
8058 2 0 0
8060 0 4 1 2
8062 3 1 1 1 1
8063 3
8064 9 6 0 0
2454 6 0
8069 2
8071 1 3 1
8072 2 2 0
8074 0
8075 9 6
8076 9
8077 0 2
8082 0 0 4 4 4 7 7
9539 6
8084 4
8085 0 0
8087 4 2 4
8088 0 4
8089 0
8094 6 6 0 6
8095 0 6
8099 6
8102 7
8103 1
8104 0 0
8105 6 6 0
8107 0
8109 1
8110 0
8113 6 6 6 2 2
8114 6 0
8115 1 2 1
8116 0
8119 1 1
8120 0 0
8121 6 6
8125 2 7 1 1 3
9545 6
8128 1
8130 1 4 6 3 1 0
8131 1 1 1 3 3 1
1527 2 2 4 2 8
8135 1 2
8136 2
8139 6 6 6 0 8 0
8141 0
8144 0
8145 6 1 9 9
8146 2
8149 4 4 4 8 8 4 4 6
8150 6 6
8151 6
8152 0
8153 6 6
8155 1
8156 4
8158 8
8159 0 6
1360 4 4 8 4 4
8166 0
8167 2 0 2
8168 4
26 0 9
8170 0 6 6
8172 0
8173 6 6
8174 0 9
8176 9 9 0 0
8178 7 9
9555 6 6 6 6
2730 4
8190 6 6 6 9 0
