1 0
2 0
4 9 1
5 0 4 6 6 2 4 7 7 6
7 3
8 9 7
12 2 9
13 1 2 3 3 1
14 4
17 0
19 7
21 1
25 8 7 2
26 0 1 2 0
27 4 4
29 3
30 2 0
31 4
34 0 9 0
35 3
36 1
37 1 1
38 2 2
39 6 0 2 9 3
40 2 6 0
41 3 3 3
43 2
44 0 6
45 4 0
46 1
47 9 4 4
48 8 4 4 8 8
49 2 4 6
50 1
51 9 2
52 9 4 2 2 0 0 2
56 6 0
58 3
59 7
60 4 4 2
63 6
64 9 0
66 6 6 0 4 0
67 2 9 0 9 4
70 4
71 9 6
74 4 4 0 7
76 0 9 6 0
78 0 7 2
80 2 2 6 0 0 2 0
83 7 0 6 6
84 4
85 6 4 0 0
86 3 3
87 6 7 0 6 9 9 6 6
91 8 4
93 6 6 6
94 0
95 4
96 4
97 4 0 4
98 1
99 0 9
100 1 2
101 6 6 4 0 9
102 2
103 0 0 4
104 4 7 4 0 7
105 3
106 4 3 2
107 0 2
109 1 3 1
111 0
113 4 2
115 0
116 6 4 0 6 4 6 9
117 9
118 2
120 0 0
122 6 0 9 9
123 3
124 3
127 6
128 6 6 7 2
130 6
131 0
132 9 0
134 6 9
138 9 9
139 6 6 9
140 2 4 2
141 0 0 9
142 6 6
144 6 6 9
147 4
149 9 9 2 0
150 0 4
151 0 6
153 0 4
155 3 3 3
157 0
159 0 6
160 6 6 0 2
161 0
162 2
164 1
165 4
167 4 2 4
168 9
169 6
172 2 1
173 6 0
175 7
176 6
177 1 3 3 3 3
178 0
181 1
184 0 0 2 0 0 9 0 0 2
187 0 6
188 7 0
190 6 2 2
191 6
194 1 3
196 1 3 3 1
197 0 2 2
198 6
199 0
200 8 9
203 1
204 0 6 9
205 0
207 4 6 0
209 2
210 6 4
212 7
213 0
214 6 9
215 2 1 1
217 6 2
218 2 0
219 6 6 6
220 1 1 3 1 1
221 0 6
222 6
223 0 0 0
226 0 6
227 4
229 1
232 9 6
234 7 4 2
236 1 1
238 9
239 6 0
240 6 0 6
241 3 2
242 4 2
244 7 6
247 9 2 6 6
250 4 0 9 9
252 6
254 1
255 6 9
258 2
264 0
267 4
268 6
269 9 2
272 2 1
275 6 8 8 8 4 4 0
276 3
279 9
281 9
282 6
283 9
284 4
285 2
286 4 0
288 6 4 6 6
289 4 7
292 9 9
293 6 7 2 9
294 2 4 6 6 0 6
295 0 0 0
299 2
300 2
301 0
302 2 4
305 0
308 4
309 2
310 4
312 0
314 4
315 9 7 4
316 4 6
319 6
321 1 1
326 6 0 0
327 0 2
328 9 6 9
329 0
331 0 0
332 6
333 3 2
334 3 3 1 2 2
335 7
336 1 3
338 0
339 4 2
340 2 0 0 0
343 9
344 0
345 1 2
346 1
347 6
348 1
349 4
351 3 3
353 0
354 4 6
357 7
359 2
360 2 4
361 7 6 6
362 0
363 7
366 6 2
367 3
369 1 1 1 3 3
370 0
371 6 9 0
372 7 2
373 3 1 3 3 3 1
375 6
376 0
377 0
378 4 8
379 2 9
382 6
383 9 4
384 3
385 4 0 6 0
388 2 1
391 7 6
392 1 1 1
393 0
394 0
395 3 1 1
397 3
398 4
399 0
404 6 0
405 6 2
406 7 7
407 0 0
409 2 0
411 0 9 6
412 0 9
415 4
417 4 6
420 1 1
423 2 0 0
424 0 0
425 8 2 6 9
426 6 3 9
429 0 4 2 6 0 4
430 3 1
431 9 0
432 2
435 0
437 0
438 1 3 3 1 3 3 3 1 1 0
441 0 9 4 9
444 0 7 9 9 6 9 9 9
445 7
446 9 0 6
449 6 9
451 3
453 6
455 2 1 1 2 2
456 2
457 6
458 2
459 0 0
460 7 6 3
464 0 9 6 0 6
467 4 4
471 0
472 3
473 0 1 6
474 1
475 1
476 7
480 3 1 1 1
481 1
482 0
483 9
484 7 2 2 4 7 2 9
485 0 0
486 0 1
489 4 6
491 0 0
492 9
501 3 1 3
504 0 2
505 0
508 1 0 6 6 4
514 0
515 0 0 7 0 2 6
517 8 4 4 4 6 6 0
519 0 9 0 0
520 1 1
521 1 1
522 1
527 0 0
528 0
533 2
534 2 0
535 9
536 3
538 9
539 2
541 6 9 9
542 2 4
544 6
545 9 0 0
546 6 0 6
547 1
549 2
550 0
553 0
554 0 0
555 2
556 2
558 9
560 0 9
562 4 0 6
563 8 7 6
564 1
565 9 0
567 0 0
571 9 9 0
572 0 4 0 0 6
573 1
575 3 7 1
576 0 2
580 6
585 6 6 6 6 0
586 3
588 0 7
590 0 9
591 6 6 9
595 9 4 4
596 3
597 6 0 6 9 0
598 2
599 1 3
601 4
604 6
605 0 0 6
607 2 0 6
610 6 9 0
611 4 1 4 8 4
613 1 1 2
615 8 8 8 8 8 8
616 9
617 0
619 1 1 1
620 6 2
621 9
622 0 0
623 7 7
625 6 2 2
626 0
631 3 3
632 0 6
634 3 3 3
636 9
637 1
638 9 0
640 0 6
641 1
642 3 3 7
643 0 6
645 1 3
646 7
650 9 6
651 3 3
652 1 2 3 7 1
655 6
656 2
657 0 9 6 9 9 6 9
659 9 7 9
661 9 2
663 2
664 2 4 0
665 4 4 0 6 9
666 0 7 7
667 6 9
668 0
670 9 9 0
672 2 2
675 8 8 3 4 4 4
676 4 0 4 9 4 6 6 6 6
677 0 6 4 8
678 2 0 0 2
679 0 6 6 0
682 0 0 4 4 6 0
687 4
689 6 6
691 6
693 7 6 0
694 6
696 1
697 2 2 8 4
699 0
701 2 9 0
704 9
705 3
710 2 6
713 0 4 8 0
714 6
715 0 0 9
718 2
720 0
721 3 1 1
722 9
723 0 9 9
724 0 0 9 9 7
726 9 0
727 0
732 3
733 0 4
735 9 0 0 6 9 9 6
738 7 9 9
740 9
741 1
742 0
743 6 6
746 0 2
750 9 7
752 3
753 0
754 2 6 9
757 6
758 0
760 6 6
761 3 1
762 0 6 6 6 6 4
764 1
766 6
767 9 0 0 7 0 0
768 1 3
769 9 2
770 2 3 3
771 2 6 0
772 6
774 3
775 3
776 4
777 2
778 1
779 4 6 9 9 0
781 6 0
783 0 0
786 9 9
787 6
794 6 4 6
795 6 9
797 9
805 7 0
806 3
808 6 0
809 3 6
810 1 2
811 4
812 1 3 1 2 1
813 9 1 9 9
815 3 1 1
817 9 2 0
821 0
822 2
823 8 4
827 6
828 1
833 7 9 9
835 0 0 6
836 1
837 4
838 0 6 4
839 9
840 4
841 2 0
842 0 7 0 7 9 9
844 9 4 0
850 4 4
851 0
853 1 3 0
854 0 0
862 6 1 9 4 4 2 4 0
868 0 0
870 0 2 2 4 6
874 0
876 6 6 6 9 9
877 4 9 9
878 2
881 3 3 3
883 2 3 1
884 2 0
885 0 2
886 0 1 0
887 6
888 4 0
889 9 9
892 2 3 1
894 9 6 9 9 9 6
896 2 2
897 9
898 0 9 6
899 0 6 0
901 4 7
902 2
904 4 0
905 3
907 1 3 3 3 3 2
909 2 1 1 3 1 3
910 1 1 3
911 6 4
914 4
916 3 3 3
918 0 2
920 4
921 6 9
922 3 1
928 0 1 7
929 4 4 0
930 4 2
931 4 4 8 8
932 2 2
934 0 9
936 2 2 1 1 1
939 2 2 0 2 0 0 0
940 0 1
941 7
942 6 4 6
943 9
944 6 6
946 1 4 1 1
948 4 4 4
949 3 3
950 9 9 6 6
951 0
952 3
954 2
956 0
958 4
960 0 4 9 2 0
963 6
964 2 2 2
965 3 2 1 3 4 1 1 1
966 6 9
969 2 3 2 6
970 6 6 7
971 2 3
973 2
974 6 9
975 0
977 0
978 0 2 1
979 1
980 0
983 9
985 0 6 9
987 6 9 6
989 6
990 1 1 1
991 3 3 3 3 4 4 8 8 8 8 8 8
992 0 0
994 3 3 3
999 4 4
1001 6 4 2
1003 0 2
1004 4 2
1006 9
1008 6
1009 6
1010 3
1011 6 7
1012 2
1013 2
1014 9
1015 9 7
1017 0
1019 1 2
1024 6 6
1026 0 6 0 1
1027 6 9 0
1033 2 1 3
1034 8 6 4
1037 6 6 6 9 6
1038 9
1039 3 3
1040 9 9
1041 4 4 2 1
1043 0
1044 3 3
1045 3
1047 6
1050 2
1052 0
1058 6 6
1061 4
1062 9 0 0
1064 2
1065 1
1067 3 3
1068 0
1070 9 0
1071 1 1 1 1
1072 9 9
1073 0
1076 0
1078 1
1080 6 9
1081 6 9
1082 7
1084 6 0 9
1086 3
1087 3
1089 4 1 2
1090 6 4 4
1091 2
1092 6 0 7 9
1093 0
1095 3
1096 2 2 1 4 3
1097 0
1098 7 9 9
1099 0 6 0
1101 6
1102 3
1104 6
1105 9
1106 0
1107 6 0
1109 1
1110 6 9 6 6 6 4
1111 2 4 4 0 0
1112 0
1113 0 0 4
1114 1
1116 0
1119 6 9 4
1120 1 1
1123 8 0 6
1126 6 9
1128 9 9
1129 7
1131 9 7
1137 6 4 7
1138 3
1139 4 0 0 9
1140 7 0
1141 6 6
1142 6 2
1143 6
1144 7
1147 9 0
1149 4
1150 9 1 4 1
1152 0
1155 4 6 2 0 4
1156 9
1157 2 1 1
1158 2
1160 1
1163 9 6 7 6 9 9 9 6 4
1164 3
1165 9
1166 1
1167 9 7 0
1168 9
1170 1
1172 2
1174 6 7
1177 1
1184 0 6
1187 0
1190 0
1191 1 1
1193 0 6
1194 1 3
1196 9 0 6 6
1197 9 9
1199 0 4 0 4 2
1200 0 0 9
1201 1 1
1203 0
1205 0
1206 0 7 9
1208 2 0 7 9
1210 9
1214 0 9
1215 6 9 6 9 9 6
1216 9 7 7
1219 6 0 7
1220 2
1221 0 9 0
1222 0 6 0
1223 2
1229 6
1230 9 2
1232 9 9 0
1235 2 0 0
1236 1 1 1
1241 3
1243 4
1244 0 4 6
1245 3
1247 4 1 3 4 8 4 8
1248 6 2 9 6
1249 1
1250 2 6 0
1251 6 6
1252 1
1254 2 1 3 3 1
1259 4 4 0
1260 7 0 0
1261 4
1262 1
1264 2
1267 1
1269 6 0
1270 2 0 7
1273 8 8 9 6 2 2
1275 4 6 6
1278 0
1280 3
1281 9 6 7 6 6 0
1282 0 4
1283 6 4
1286 7 2 3 9 2
1288 9
1289 2
1290 3 3
1291 2 0 9
1292 6 0
1293 0
1294 9
1296 1 2 1
1300 0
1301 0
1303 0 9 0 0 7
1305 0
1309 0
1311 0 0 4 0 0 0 4
1312 4
1313 4
1317 1 6
1319 1
1321 0
1322 8 8 8 8 4
1325 4 6 7
1326 0
1327 2 1
1329 6
1330 2 2
1331 7
1332 3
1333 6 7
1335 6 0
1336 6 0 7 6 0 4
1339 6
1340 7
1341 0 7 0
1344 1
1345 2 6 4 6 9 7 7 9
1347 2
1348 2
1350 1 1
1352 4 1
1353 0 0
1354 0
1355 0 0 9 7 7 7 6 0 6 6 6
1358 2 1
1359 0
1361 7 0
1362 1 1 1
1364 1 1
1365 6 1
1366 0
1369 2
1371 4 2 7
1372 0 4
1373 9
1374 0
1376 0
1377 2 2 0 6 4
1378 6
1379 2 3 1
1382 0 7 0 6
1383 6 6
1384 9
1385 1
1386 6 0 0
1391 8 8 8 4 4 8
1398 2 3 1
1400 3
1401 9
1402 4 8 8 8 4 4 4 4
1405 0
1407 6 4
1408 7
1410 2
1411 2 7 7 2 0 4
1412 0 7 2
1413 0 6 0
1414 2
1416 7 1
1419 0 0
1421 4 4 0
1425 3 1
1427 0
1428 2
1429 6 7
1432 6 6 0
1434 6 0 0 0
1437 6 9
1439 1
1440 7
1441 1
1442 1 0
1445 1
1446 2 1
1447 4 6
1448 3 3 2
1450 2 1
1451 3 3 1
1452 0
1453 3
1454 0
1455 0 7
1456 1 3
1457 0 4
1459 3
1463 7
1464 1 3 3
1466 4
1468 0 9
1469 1
1470 9 8 8
1472 2 1 6
1473 0
1474 3 3
1480 6 4 4
1483 4 4 9 9
1487 1 3 2 3 2 0 0
1488 0 6
1490 3 1 2
1491 1 3 3 1 1 1
1492 7 6 0 0 4 6 8 2 9 4 8 8 8 4 4 8
1494 7 2 0 0 2
1495 4
1496 4
1497 9 9 0
1498 2 0 1
1500 1
1505 6
1506 0 6 2
1511 6 9 6 2 9 9 9 9 4
1512 0
1513 6 0 6
1514 6 0 0
1515 0 4 6
1518 2 0
1519 4
1520 9 9
1521 0 0
1524 9 0
1527 4 2
1529 0 9 6
1531 0 0
1532 6
1533 9 9
1535 9
1537 1
1538 1 1
1539 2 2
1540 1 1 1
1541 0 9 0
1544 6 4
1545 1
1546 7
1547 0 0
1548 2 0 7 7 0 0 0
1549 1
1551 1 3
1552 6 0 0
1554 9 9
1555 0 2
1558 4 6 8 8
1559 0 0
1562 0
1563 0 0
1564 9 9
1566 1
1569 6 4
1570 3
1572 9 7
1573 6
1574 9
1578 0 4
1579 3 1
1581 3
1584 0 0 2
1587 4 4 8 8
1588 6 0
1590 2 7 9 4
1592 0 0 6
1593 9 9 0
1596 4 6 1 0 8 8 8
1597 9 4
1599 9 6 9
1600 4 9 2
1601 3
1602 6 2 6
1603 0
1606 3
1607 3
1608 0 6
1609 4
1614 6 0 6 6 6
1617 7 6
1618 2 2
1619 6 0 6
1620 4 0 2 2
1622 3 3
1625 0 9
1626 0 0
1628 9
1631 6
1632 7
1633 4 0
1635 1 3 3
1636 1
1638 2
1641 9 9
1642 4 4
1645 6 4 0 7
1646 3 3 3 3 3 3
1647 0
1648 0 0
1649 2
1651 4 4 2
1653 2 2 0 3 9 0 0 4 6 4 4 4 8 8
1654 9 0 0
1655 9
1656 6 4 2
1657 4
1658 0 0
1663 0
1665 3 1 2
1666 1
1669 7 6 6
1671 9 2 7
1672 4
1673 2 2
1674 3
1675 0 2 6 0 6
1676 1 3
1678 4 7
1680 0
1681 2 4 0
1685 6 9 9
1687 0
1688 9
1689 7 7 7 1 1
1690 1 3 1
1694 6 9
1696 0 1 1 6
1699 3 3
1700 2 0 0
1713 0 2 1
1714 2
1717 0 0
1718 3
1719 0 0
1720 0
1721 1 3
1722 0 0 6 4 2 2
1723 2
1724 0 9 9
1727 6 6 9
1730 9 6
1731 3
1732 6 4
1735 6
1736 3 2 1
1737 0
1739 1 1 2
1741 0 0 0
1746 9 0
1749 6
1751 0 2 6 4
1752 1 3 3 2 3
1755 2 0
1757 9
1758 0 6
1759 9 9 9 0 9 9
1760 0 1 2 4 3 6 3
1763 9 0 4 6
1765 4 6 6 9 0 0 6
1768 6 6 6
1770 3 3
1772 0 6 2 0 2
1775 4 0 0
1776 0
1777 9
1779 0
1780 1
1782 2 2
1783 9
1786 0 0
1788 2
1792 0
1798 6
1801 2 1
1804 3 3
1809 2
1811 3
1815 6 1
1817 6 6
1818 1
1819 3 1
1820 6
1821 0 0
1822 4 8 4 4
1824 6
1826 9
1827 1
1828 6
1830 0 0
1831 4
1834 3
1835 2 0
1836 1 1
1838 3
1839 2
1841 4 2
1842 3 3 1
1844 8 8 2
1846 1 2 3 3 1
1850 3 1
1852 4 0 2 4
1855 2
1856 0 0
1857 4
1858 0
1859 2 2 9 9 4 9
1861 0 9 9
1863 9 2 0 2 4 6
1865 2 0
1866 6 6
1869 2 3
1871 8 1 8 4 4 4
1875 3 3 3 1 3
1878 6 6 4
1880 3 3 3
1882 9 6
1883 4
1884 0
1886 9 9 9 0 0 0 0
1887 9
1889 2 0 9 0 2
1890 9
1892 4 4 4 4 4
1893 0
1895 2
1897 1 3
1900 4
1901 1 2
1906 3
1908 0
1909 0 0
1910 0 6
1914 1
1918 0 4 6 6
1921 6 6
1922 0 0 0 0 0 0
1924 0 0 0 1
1925 4 0 8 1 0 6
1926 0
1927 0
1928 9
1931 0 9 0
1933 2 4 0
1934 0
1935 3 3
1936 4
1939 6
1943 1
1944 6
1945 7 7
1946 9
1949 6 9
1951 0 0
1953 0 2
1955 3 3 3
1956 1
1957 2
1958 0 6
1959 0
1961 7 2 9 2 9 3 3
1962 6
1963 0 0 6 0 2 0 0
1968 2 1
1970 0 4
1971 0 9 4
1973 2
1975 6 4 2 6
1980 1
1982 4
1986 6 6
1988 4
1989 3 1
1991 0
1992 7 0
1998 6
2001 8
2002 4
2009 6 6
2010 4
2012 2
2013 0 6 7
2015 1
2016 4 6
2018 2 1
2020 4 1
2022 1 1
2023 6 4
2025 9
2029 1 3
2030 0 6
2031 9 9
2032 6 9 6
2035 2
2036 3
2037 3
2038 1 1
2039 4 8 4
2041 9 9
2043 1
2044 9 0 0
2045 3 3 3
2046 9
2051 4 8 8 8 8
2053 9
2054 6 7 9 6 6
2055 0
2056 9 4 2
2058 4 9 6 6 4
2059 0 0
2061 2 6 0
2062 3 3
2064 4 0 6
2065 2 4
2066 9 0
2067 0
2069 2
2072 1
2073 7
2075 0 3 0 2
2076 4 9
2077 4 6 2 4 2
2080 7 9 0
2081 4
2082 4 2 4 2 0
2084 2 0 0 2
2088 6
2089 9 9 0 7 7 0 9
2090 1 0 0 0 7 7
2091 7
2092 0 0 7
2094 3
2096 0 0 0 0
2097 0
2098 3
2100 0 9
2104 0 1
2107 2 4
2108 9
2109 2 1
2110 2 2 7 2
2111 4 9
2112 9
2114 6
2119 6
2121 9
2122 2 4
2123 0
2125 6 4
2126 1 6
2128 2 4 2 1 0 2
2129 7 6 0
2131 6 0 2 2 2
2132 1 3 3
2135 4
2136 0
2138 6 0 6 7 6
2139 8 8 8
2141 2 6
2142 0
2143 9
2144 0 6 7 0 0
2147 0 2 1 9 0
2148 6
2149 0 6 6 7 6
2150 1 3
2153 7 7 7 0 2 2 0 0
2154 3 1
2155 2
2156 9 9 9 4 4 0 9
2157 2 6 4
2158 4 9
2159 2 4 0
2160 0 9
2162 0 4 6 9 0 7 0 0
2163 0 0 2 0
2164 6
2165 0
2166 0
2167 3
2168 6
2169 0 9
2170 0 2 0 0 6 1
2171 0
2172 1
2173 0 0
2174 0
2175 2 9 0 1 0
2177 6 6 6 9 4
2180 6
2181 2 0 2 2
2182 8 6
2183 6 6
2185 3
2186 1 3
2187 4 6
2189 6
2191 8
2193 0 1 3 0 2 0 0
2195 9
2196 6 6 6 6 6
2197 1 1
2200 0
2201 0
2202 2
2204 0 9
2205 0
2206 2
2207 7 9
2209 0
2210 6
2212 4 4
2214 6 0
2218 4 0 6
2219 0 9 0 6 9 9
2220 6 0 4
2221 6 9 0
2222 6
2223 2
2224 3 3
2228 0
2229 2 1
2230 9 9
2231 6
2232 0 4 4
2234 0
2235 2
2237 4
2239 6 1 0
2240 1
2241 0 2 9
2243 6
2245 1 3 3 1 4
2247 3
2249 0 9 9
2252 6 7
2254 9 0
2257 4 6 9 2 2
2259 4
2260 3
2261 2
2264 3
2265 1
2266 6 0 0 0
2267 9 6 0
2268 4
2269 4
2270 2 6 4
2274 4 4 2
2277 4
2278 0 9 4 7 0 1
2279 2
2280 2
2286 9
2287 0 0
2290 0 6 6 6 4 6
2292 8 8 8 8
2293 4
2294 2 1
2295 4
2296 9
2298 9
2299 7 6
2302 6
2303 6
2304 9
2305 6
2307 9 0
2308 0 0
2309 6
2310 0 9 6
2311 6
2312 4
2314 6
2315 9 0
2317 0 0 1
2318 7
2319 0
2320 0
2322 0
2325 2
2326 1 0
2327 6
2328 4 1
2330 2
2331 6
2332 6 0
2333 9
2338 0
2340 6 0 0 6
2341 7 0 4 8
2352 4
2354 9 0 0
2356 1
2358 2 9
2359 3 2
2360 0 6
2362 4 0 7
2363 6 9
2364 9
2365 9 9 0
2369 7 7 2 0 0 9 9 9 0
2372 0 4 4
2373 1
2374 3
2375 7
2377 3 3 3
2378 0
2379 8 8 6 6
2380 9 6
2381 3
2382 7
2383 0
2384 6
2385 6
2386 2 4 2
2387 9 6 0 9 0
2390 9
2391 9
2393 7 0 0
2395 4 2 0 0 6 6
2397 3
2398 9
2399 2
2402 2 4 9 0
2405 2
2407 1 3
2408 4 0 0 2 0
2409 7 6
2410 9 2
2411 6 4
2412 9
2415 6
2416 4 2
2418 9 0 4
2419 3 1
2420 0
2423 2 6 3 1 1 2
2425 3
2427 0 0
2428 1 2
2432 1
2433 6 8 4 8 8
2434 4 4 0 0
2435 9 0
2436 0
2438 2
2439 0 0
2440 1 3 1
2441 7 0 1 6 0
2442 2 2 4
2444 0
2445 4 0 4
2447 0 9
2448 2 0
2451 6 2 4
2455 0 8
2456 6 4 4 2 4 8
2457 4
2461 4 6 8 4 8 2 0 2
2462 4 6
2464 9
2465 9 9
2467 6 4
2468 1 4 4 8 6
2469 4 0
2470 0
2471 0
2472 0 4
2473 0
2474 1 1
2478 2 1
2481 0
2483 6
2484 9 6 9
2485 9 6
2486 0 2
2488 9
2490 2
2491 2
2492 6 6 7 9
2493 2 0 2 3 2
2495 3 1
2497 4 0
2500 0
2501 3
2504 9 0 0 6
2505 7
2506 0 0 9
2508 6 9
2509 6 6 6 6 6 6
2510 1 1
2511 4 6 0
2514 1
2516 3 1
2520 0 0 7
2522 1
2524 1 3
2525 1 3 3 3
2527 3 3
2528 0
2530 4
2532 4 0 4
2535 9
2536 9 2
2537 4 4 4 0 6 6
2538 9
2540 8
2544 3 1 1 3 3 3 3
2546 2
2550 1 3 3 3 1 2 4 2 3 2 2 4 1 1 3 2 3 3 2 2 1 4
2551 2 4 0 2 3 2 3 1 2 2
2552 0
2556 6 2 3 3
2558 0 0 1
2559 9 0
2560 7
2561 3
2563 0 0
2566 4 4 2 0
2567 0
2569 9
2577 9 9
2578 9 6
2579 2
2580 9 9 0
2581 1 0
2582 7 7 6
2584 0
2585 0 6
2588 0 6 0
2589 6
2590 0
2591 2 2 4 6 0 0
2594 0
2595 0
2596 9
2597 1
2598 6 0 0
2599 2
2600 6 2 9
2603 3 3
2606 9
2607 6 9 0 0
2608 4 6
2610 9
2611 6 6
2612 0 9
2613 9
2615 1 2
2616 7
2620 1 3 3
2621 3 3
2622 4
2623 1 0
2624 1 1 3 3
2626 0 2
2628 6
2629 0 4
2633 9 4
2637 0
2640 3
2644 0
2645 4
2646 0 9
2647 6 0
2648 6
2650 9 9
2653 2 0 6
2654 6 9
2656 3
2658 1 3 1
2660 4 6
2662 0 2
2666 1 1
2667 6 6
2668 2
2670 4 4 4 4 4
2672 2
2673 6 0 9
2674 3
2675 4 2 9
2676 6
2677 0
2678 9 2 4 0
2682 9
2685 6 2
2687 2 0
2688 9
2689 0
2691 0 4 6 6
2692 9 6
2694 0 0 6 0 9 2 9
2695 2
2696 0 0
2697 2 4
2698 0 7
2699 4 7
2700 6 0 0 9
2701 4
2703 3
2704 0 6 9 2
2707 3
2708 0
2709 4 1 1
2713 6
2715 2
2718 1 1
2719 6
2723 9
2724 2
2729 9 6 6
2730 6 7 6
2734 0 9
2737 0 3 6
2741 6
2742 3 1 6
2744 0 6 6 6
2747 6 0 0 4 9
2748 3
2750 9 6
2752 0
2759 0 0
2763 0
2767 6
2771 2 6 0 2 0 1 1 6 0 0
2772 6
2773 1
2775 3 9
2777 6 0
2778 2
2780 6
2784 0
2785 6 6 4
2786 0
2787 3
2788 9 9 9 2 2
2796 6
2798 2 0 6 6 9 0 2
2799 0
2801 2
2802 0 2
2803 0 0 9
2806 4 9 9 9
2809 8 6 0 4
2810 4
2811 9
2813 3 3 3 4
2816 9 6 6 9 6
2818 2
2819 9 9
2820 1 1 3
2821 0
2822 9 0 9 3 2
2823 0
2824 9
2825 6
2827 9
2828 2 0 0 0
2832 9
2833 1 1 1
2834 6 0 9
2835 6 6 6
2836 2 4 9
2837 0
2839 2
2840 0 9
2843 6 0 9 0 9 9
2845 6 9 6 0
2846 9
2847 6 9
2849 9 0
2850 0
2851 3
2852 1
2853 7
2854 2 4 7 2
2856 7
2859 1 1 3
2861 4
2866 9 6 6
2868 4 4 8 4 6 4 9 6 8 8 8 6
2870 0 9 4 2 9
2871 3 2
2873 4 9
2874 9
2875 0 6
2877 0
2879 3 2
2880 6 6 9
2882 4 6 9
2885 6
2888 9 0
2890 6 2 6 6 0 6 6 9 6 6 6 2
2892 0 0
2893 4
2895 4
2898 1 2
2899 0 7 0 0 2
2901 0 9 6
2902 3
2903 8 8 8
2907 9 8 9 0 6 0 6
2908 9
2911 0 4 7
2912 7
2914 6
2915 1
2917 3 1 3 3
2920 4
2922 1 1 4
2925 7 7 1
2927 0 6
2930 6 6
2932 2
2933 1 3
2934 3
2935 1 3 3 2 3
2936 0
2937 2 7
2938 0 2 2
2939 6 4
2940 0
2941 9
2943 2
2945 9 9
2947 6 6 6
2949 1 1 2
2950 0 0
2951 6
2952 2 1
2955 9 0 9
2956 9 9
2960 0 7
2962 6 9
2966 2
2968 6 2
2971 3 3
2973 6 6 0 4 6
2976 6 6 2
2977 4 4 1 7
2980 2
2981 6 0 4 2 2
2983 1 1 2
2985 0 0 9 9 9 9 0
2986 0 0
2987 4
2988 0 6 6
2990 2
2991 9 9 2
2993 2
2995 0 2
2996 4 0 0 0
2997 2 2 0
2999 6 4 6
3002 1 1
3003 4 6 0
3004 4
3005 7 1
3008 1 3
3009 6 9
3010 0
3012 9
3017 4 6
3020 9
3021 6 0 9
3023 4 0
3024 0 0
3025 2 1
3027 0
3028 9
3029 4
3032 1 1
3033 0 0 0
3035 2
3037 0 0 3
3040 0
3041 1
3042 4 6
3044 6
3045 2
3046 6
3048 1 2 1 3 3 3 3
3049 2
3050 6
3051 3
3052 0
3054 6 0
3058 6 6 1 8 4 6
3061 9 6
3063 4 0
3068 2 2 1
3073 8 4
3074 9 4
3075 4 7
3076 0 0 2
3079 2
3080 6
3081 7 1
3085 7 7 7 0 2
3087 2 6 7 2 6
3088 9 1
3090 6 6
3091 1 3
3092 4 0 0 0 6 6
3093 4 2 6
3094 2 1
3096 1
3097 2 2 2
3099 4 4 4
3103 7 6 6
3104 9
3106 4
3111 4 2
3112 0 0 7 0 6 6
3113 6 0 6
3114 6 7
3117 0 9 9 9 6
3118 3 0 6
3122 1 1
3124 4 0
3125 3 3
3126 6 4 4 4 8
3129 2 0 7 6 0
3130 6 6 9 0 9
3131 0 2 9 0 0
3132 0 0 9
3135 4 4 0 4
3136 6
3139 9 9
3140 7
3141 6
3142 7 2
3144 9
3145 0 4 0
3146 6
3149 4 0
3151 9 9
3152 9 6 4
3154 9 6 6 6 6 0 4
3160 1 3 1 3 3 3
3162 1 3
3163 4
3165 0
3167 0 2
3169 6 0 0 4
3170 2 4 0
3171 0 4
3172 0 8 0 0
3175 6
3176 4
3179 1 3 1 3
3180 4
3182 0 7
3183 6
3184 9 4 6
3185 1
3186 2
3187 9 6
3191 9 0 0 0 0
3195 9
3198 8
3200 3 3 3 1 3 3 3 3
3201 9 0 0
3202 3
3203 0
3204 0
3205 9 9 9
3206 3 3 3
3208 1 2 7 6
3209 4 4 8 2 8 4 9
3210 7
3213 0 6 1
3214 6 0 7
3215 3
3217 0 3
3218 6 9
3219 7
3221 9
3222 0 4
3224 9
3225 2 1
3226 9
3227 0 3
3230 6
3231 7
3234 9
3237 2
3239 0 0 2 9
3240 1
3241 1
3243 6
3245 6
3248 4
3252 2 2 2 2
3254 3
3256 0 6 0
3257 4 4 6 2 1
3260 9
3261 2 9 9 0 2 9
3262 1
3266 1 0
3267 0
3269 2 9
3273 6 6
3274 9 6
3275 3 3
3277 2
3278 6 7 4 0 0
3279 4 0 8 2 4 4 0 6 0 2
3280 0 2
3281 8 8 4 8
3285 0
3288 1 3 1 2
3289 0 0
3290 4 4
3293 0 2
3296 1 1 2 1
3297 2 9 6
3300 0
3301 7
3304 7 2 3 4 2
3306 6 0 0
3307 0
3309 9 4 0
3310 4
3312 6
3313 0
3314 3
3319 3 3
3320 2
3321 0 0 9
3325 2 6
3326 3
3327 9 9
3330 0 4
3333 3 3
3336 8 8 4 1
3337 0
3343 4
3346 4 8 7
3347 2
3351 6
3352 1 1
3355 6 7 2 0 0 2 7
3356 3
3357 0 7
3358 4 6
3359 9
3361 6
3362 4 0
3364 9 9
3365 0 6 0 0 0
3366 2
3368 7
3370 0 0 4
3373 0 9
3374 1 2
3375 4
3376 4 8 8 8 4
3378 6 9
3379 9 6 2
3380 0
3381 0
3383 4 0 0
3384 4 0
3385 0
3386 6 0
3388 2
3389 4 7 0 0 4 6 6 4 1 2 2 4 0 4 0 0 0 9
3390 0 2
3391 2
3393 9
3394 0 0
3395 2
3396 3 2 1
3398 0 0 9
3400 9 9
3402 0 6
3403 9 0
3404 9 9
3408 0 2
3412 2
3416 4 4
3417 3
3418 6 0 6 6 0 9 0 0 0
3419 6 4 4
3420 2
3421 4 7
3423 0 4
3426 0 8 8
3431 4
3432 4 0 2 4
3434 9 7
3436 2
3439 3 3
3441 3
3442 0 2
3443 3 1 3
3445 6 0 6
3447 3 3 1
3449 2
3451 2 2 0 0 6 0 0
3456 4 8 4 4 4 8
3457 0
3460 2 6
3461 6 0
3462 0 2 6 4
3464 4 8
3468 9
3470 0 6 6 9 6 6 6
3471 1
3472 9 9
3473 0 6 6
3476 9
3478 3 2 2 1
3479 4
3480 2
3482 9 0
3483 2 1
3484 1 2 1
3485 0 2 2
3486 3 3
3490 9 9
3492 9 9
3493 2 4 9 6 0 0
3496 2 4
3498 2
3499 4 4
3501 0
3502 2 1 3 1
3504 0 6
3507 0
3508 0
3513 4
3515 4 2
3516 6
3518 2
3519 1 1 1 1 1 2
3522 9 0 9 0
3523 7
3525 8
3528 3 1
3531 9 4 8 8
3532 4
3534 9 9 9
3535 1 3 9
3536 0
3537 1 1 1
3538 6
3540 1
3541 0 1 3 2
3542 1 6 3
3543 6 9
3547 0
3549 2 2
3550 2
3551 0
3554 4 6 0
3555 3
3556 7 9
3559 0
3560 0
3561 9
3562 6
3564 9 0 9 6
3565 3 3
3567 8 8 4 7
3568 7 4 0
3569 0 7
3570 9
3572 6 0 9
3574 2 2
3576 6 0 9
3577 9
3588 0
3590 6
3591 0
3593 6
3594 0 6 9
3598 0
3600 6
3604 1
3605 9
3607 3 6
3612 0 6 0 0
3613 4 4 4 4 4
3615 9
3616 9
3617 2
3618 9 0 0 2 2 0 0 0
3620 9 0 6
3621 0 9
3622 7
3623 0 0
3624 0 2 2 0
3627 4 0
3628 1 1 1 3 3 1 1
3629 2 6 0 0
3633 4
3634 6 4
3637 2 7
3638 1
3639 3
3644 3 3 1
3646 4 6
3650 0 4
3651 9 9
3654 7 7
3655 6
3656 6 0
3657 7 9
3660 1 0 3 0
3661 2 0
3662 0 6
3663 0
3664 0
3665 6 6
3666 0
3667 0
3668 0
3669 0 9 0 2
3670 2 4
3671 7 7 0
3672 2
3674 3 0
3677 2 9 0
3678 8 8 8
3679 1 2 1 1 1 3 1
3680 1
3681 0
3685 8 8 8 8 8 8 8 8 8 8
3686 0 6
3687 6
3688 7 9 0
3690 9 9 0 2
3691 7 9
3692 0 9
3693 6
3694 4
3697 0 9 6
3703 0 0
3704 6
3708 0
3710 9 4 6 4
3711 7
3712 0 0 4
3713 9 0
3716 1
3718 2 1 1 3 1 1
3720 2 2 0
3721 6 2
3728 9
3729 1 3 1
3731 4 0
3733 0
3734 0 0
3736 1 1 3
3738 0
3739 0
3742 2
3743 0 6 6
3746 0 6
3749 0 4
3752 3 3 1
3754 6 4 8
3757 4
3759 0
3760 6 0
3762 0 4 0
3764 9 0 0
3767 1
3768 2
3769 3
3770 6 0 0 6 4
3771 4 9 0 9 0
3776 0
3778 1
3779 1
3780 0 9 6 0
3781 6 0
3785 3
3789 6 6 6
3790 4 4
3792 7
3794 7 2
3799 0 0
3800 0 0 9
3801 7 0
3802 9 0 0 0
3803 0 0 2
3804 7 0 9
3805 0
3806 1 2 3 1
3807 6 6
3808 9
3809 0
3811 7 9 6
3812 6
3815 9
3816 1
3817 0 9 0
3820 2 9 6 6
3821 1
3827 2
3828 3 3
3830 4
3832 0 7
3835 0 6 6
3839 3
3842 0
3844 9 0 4 4
3846 2 9
3850 3 3 1
3857 1
3858 6
3859 2 2 4
3860 0 9 9 4 6
3861 2
3863 6 9 9 0 6
3865 8 4
3867 3 1
3870 2
3872 8 6 2
3874 4 2
3876 6 0
3877 1
3878 1
3880 6 6 9
3881 9 6 0
3882 6 6 6 6
3883 6 6 7 2 2 0 6
3884 6 0 0
3885 6
3887 6 6 0
3889 9
3891 1 1
3893 6 3
3894 3 3
3896 9 0 0
3897 6 4 6 0 4
3899 4
3900 4 4 8 6
3901 2
3903 1 1 1 1
3904 6 6
3907 0 9 0
3908 6
3909 0
3915 0 0 4
3916 2
3921 7 0 7
3922 1
3926 0
3927 0 0 6 4
3931 4
3933 3
3934 9
3938 2 3
3940 0 0 0 2
3941 0
3943 0 6 0 7 0
3945 7
3946 6 0
3947 0 2 0
3948 1
3950 0 0
3951 0 2
3953 0
3954 0 2 0 0 6 7 6 3
3955 1 3 1
3957 0 9 6
3961 3 3 3
3966 4 7 6
3968 6 6 0 2
3970 9
3971 9
3972 3 3 1 1 1 1
3973 3 1 2
3974 0
3975 0
3976 0
3977 0 0
3978 3 3 3 2
3979 3
3980 7
3981 9 0 6
3983 6 7 2 7
3984 0
3985 4 9 6
3987 1 2 2
3990 7 6 6 4 0 6 6
3993 9
3994 2
3995 0 9 9 9
3998 2 0 9
3999 1 2 1 1 3
4000 0 2 2
4002 6 0 0 7 2 9
4003 9
4005 2 7 4
4008 6
4009 3
4010 1
4011 3 3
4012 9 9 4
4013 0
4014 9 9 0
4015 4
4017 7 9 2 0
4018 6 0 6 6 6
4019 0 0 0
4021 1
4022 0 6 6
4023 2
4024 9
4025 6 7
4030 6 2
4032 4 0 0
4035 2
4037 0 0
4038 2
4040 9 9
4041 9
4044 2
4045 9
4047 2 4 8 8 4 4 8 4 6 4 4
4048 0 4 4 9
4049 7
4051 6 9
4052 6
4053 0 4 2 8 8
4056 0 4 6 2
4057 0
4058 1 2 0
4059 7 9
4062 9
4065 9
4067 1
4068 9 9 0
4070 9 0
4071 0 2 6 0
4072 1
4073 2 2 6 4
4076 6
4078 1
4086 0
4088 9 0 9 9 9
4091 2 4
4092 8 8
4094 3
4097 1
4101 4 0
4103 9
4104 0
4105 1
4106 3
4107 1
4109 2
4113 6 6 9
4118 9 0 9 0 4 6
4119 6 0
4120 6 6
4121 4
4125 6
4126 6 0 0 6 6
4131 6
4133 0 4 8 4
4134 0 6 6
4135 2 0
4136 0 6 2 0
4138 6 6 0 7 0 7 4
4139 6 0 2
4140 0 6 6 9
4141 1
4143 1
4146 0 9
4148 2
4149 6
4150 2 0 2
4151 9
4153 9
4154 3
4158 0 0 2 0 0 6 2
4159 0 0
4163 6 6 0 9
4164 9
4166 0 6
4169 4
4173 4
4174 4
4176 2
4177 8
4179 9 9 6
4183 7 0 0 4
4184 6 0
4186 9 0 0 2
4187 7 6
4190 0
4191 4
4193 4 0
4194 9
4195 9 0
4199 6 9 6 9 6
4200 3
4204 9 9
4206 0 4
4209 9 9
4211 9 9
4212 0
4214 6 3
4215 1
4217 0 0 6 6
4220 9
4222 6 9
4225 6 0
4226 3
4227 1 1
4231 6 4 6
4232 2
4237 0 9
4241 3 3
4242 2
4246 0
4247 6 9
4252 2 2 0
4253 6 6 0
4254 4
4255 0 6
4258 6 9
4260 9 9
4263 0 0 0
4265 7 0 9
4267 9
4271 2
4272 3
4275 0 0 4 6
4276 4
4278 4 7
4279 9 6 6
4280 4 4 9 0
4284 2
4286 6
4287 6 6 6
4288 1 2 4 1 7 6
4289 0
4291 6
4293 0
4295 0 6
4296 6 6 6 6 6 0
4298 4 6 9
4300 9 0
4302 4 4 2
4305 2
4306 6 6
4307 6 4
4308 0 6
4309 7
4310 0 0 0 9
4311 6 0
4312 3 1 3 1
4313 3 3 1
4316 4
4317 0
4319 4 1
4321 0
4322 2
4326 9 2 3
4330 4 4 0 0
4332 6
4334 0
4335 0
4336 9 6 6
4339 0
4342 4
4343 0
4344 0
4348 3 3 3
4350 4 3
4353 6 4
4356 2
4357 0
4359 3 1
4360 4 4 6
4363 6
4365 0 0 2
4367 9 6
4369 0
4370 0 4 6
4376 9
4377 9 7 9
4379 0 6
4382 0 9
4384 0 0 6
4386 2 0
4388 3 3 3 3 1
4390 1 3 3 3 3 3 3
4392 1
4393 6
4394 1 1
4395 0 6 6
4396 7 4 7 7 4
4397 6 6 6 6 0
4398 6 6 0 4
4399 0
4400 4 4 4 0 6 0
4402 9
4403 7 7 7 9
4404 9 6 6 6
4405 0 9 7
4406 1 1
4407 4 0 2 6
4409 2
4411 1 4 4 4
4412 1 1
4413 6 0
4414 3 3 3 3 0
4416 1
4421 6
4422 9 6 9 0
4424 2
4425 9 2 2
4427 6 6 0 0 4 3 4
4428 0
4430 0
4431 6 9
4432 6
4433 9
4434 2
4435 6 4 6
4441 1 2 2
4442 0 9
4443 7
4445 6 4 6
4446 2 4
4447 2 0 0 0
4449 2 0 6 0 9 9 9 0 4 9 9 9
4451 9 6
4452 2
4453 9
4454 0 0 2
4457 0 0 6 4 0
4460 7 0 6 9
4461 9
4462 0
4467 9
4468 7 9 6 9 0
4470 7 9 9 0
4473 9
4474 9 9 0 6 6 0
4476 3 3 2
4477 1 1 3 1 3
4478 6
4479 0 0 0 4 0
4486 0 0 1 2
4491 1 1 1
4492 6
4493 7
4495 6 2 0
4497 2
4500 9 9 6
4501 3 3
4502 6
4505 0 0
4506 1 2
4510 9
4511 9 6 0
4512 4 7 0 0 2
4513 3
4519 0
4521 3
4525 6
4528 4 4 6 2 6 9
4529 6
4530 9
4531 0
4532 1 0
4533 0
4535 0 4
4536 1 2 1
4537 0 0
4538 0
4539 0
4541 2
4544 8 8 4 2 1
4546 9 6
4547 6 7
4548 4 0
4549 0
4552 7
4554 2 4
4556 0
4557 8
4558 7 0
4560 9
4561 6
4562 9 9
4563 6 6 4 9
4565 0
4566 0
4567 6 0
4569 2
4570 2 0 2 6 6 4
4571 0 0
4573 6 4
4579 3
4580 6
4581 6 0
4582 3
4583 0 6 6 6 6 9
4585 6
4586 0
4587 9
4592 4 6 9
4593 4 0
4594 7 9 7 7
4595 6 4
4596 9 9 9
4598 0 9
4600 9 4 9
4601 4 7 4
4602 9 6 9 6 0 9
4603 6 0 6
4604 3
4610 6
4612 1
4613 6
4614 1
4615 4
4617 9 9 2
4619 1
4620 7
4622 0
4627 2 0
4629 6 6
4630 6
4631 2
4633 1 1
4634 4 8 8
4635 9 6 4 6 0 2
4637 9 0 6 0
4638 0 0
4641 0 7 6 2
4642 0
4643 6 1
4645 3 3
4646 6 9
4647 6
4649 1 2 2
4650 9
4651 3
4652 6 0 0 0
4653 6 0 0
4656 3 1
4659 2 2 0 2
4660 2
4661 6
4662 0 4 6 6 6
4664 3
4667 7 2
4672 0
4673 9 0
4674 3
4678 9 9 6 6
4679 6 0 0 7
4680 6
4684 1 1
4685 2 2 6 6 4 4 6 4 6 0
4687 6 0
4688 9 6
4689 1
4691 6 0
4692 9 6 0
4694 9 9
4695 0 9 2
4698 1
4702 7
4706 4
4707 4
4709 7
4710 1 2
4711 9 4
4713 1
4714 6 2
4715 4 4
4716 6
4717 3 3
4721 6 9 6
4722 2 3 1
4726 4 0
4727 4
4729 6 6 9
4731 2
4732 6
4734 0
4736 9
4739 7
4741 0
4742 1 3
4745 2 9 9 6
4746 8
4749 4
4750 0
4751 9 0 0
4756 7 1
4760 0 7 0 0
4761 0
4763 9 9 0 9 9 9 6 2
4764 0 2 6 4 2
4765 0 0
4768 9 0 7 0
4769 2 1
4773 1 7
4774 9
4776 0 0
4777 9 2 6 6 6 0 2
4778 4
4779 0
4780 3
4782 1 1 1 1 3
4783 9 9 6 0
4788 6 9
4790 0 9 0 9
4791 2
4792 0 2 2
4793 3
4794 0 9
4795 9
4796 9 9 9
4797 4
4804 8 0 4 2
4807 3 2
4811 0
4812 3
4815 8 8 4
4816 1
4819 6 6
4820 2
4821 1 1 1 1
4822 6 0 4
4823 2
4824 2 4 2 2 2
4825 9
4827 2 0 4
4828 4
4829 0
4832 0 9 6
4833 4 2 2
4834 6 4 0
4835 1 1
4837 2 0 2
4840 0 7 9
4844 9
4845 9
4846 1 3
4848 6 9 6
4850 0
4851 1
4852 0 2 2
4856 7 4
4858 2 3 1
4861 1 2 0 0
4862 0 0
4863 3 1
4864 0 4 2
4866 0
4868 2
4869 2
4872 1 2
4873 0
4874 1
4876 6 6 6 9 9
4877 6
4879 3 2 1
4883 2 1
4886 6 4 0
4888 4 7 0
4891 6 0 9 1
4894 2
4895 3
4897 8 4 4 8
4900 6 6 0
4903 0 2 0 0
4904 9 6 0
4905 0
4906 6
4907 1 3 3
4908 6
4909 1
4911 7
4912 7
4913 0
4914 7 4 4 4
4915 2 0
4917 6 0 2 9
4919 9 4
4920 6 4 2 6 6
4923 0 7
4924 7
4928 1 3
4930 6 0 6
4933 4
4935 3
4937 8 3 0 2
4939 9
4946 4 4 4
4947 4
4949 9
4950 6 6
4951 7
4952 4 0 2
4955 0 4
4957 1 3 1
4959 4 8 4
4962 2
4963 6 0 6 9
4966 9
4968 3
4969 3 9 1
4970 9 6
4972 6
4973 0 0
4974 6 6
4977 8 8
4978 4 0
4979 4
4980 4
4981 7 9
4987 1 7 7 0 7
4988 9
4990 3
4992 3
4995 6
5000 0
5004 2
5005 1
5007 4
5008 6
5010 1 4
5011 0
5013 0
5016 0
5021 2
5025 2 2 3 2 1 1 2 1
5026 3 3
5027 3 3 2
5029 1
5030 9 0 6 0 6
5033 0 3
5034 8
5035 6 0
5037 6 0
5038 6
5041 6 6
5042 6 6
5043 1 3
5044 2
5046 0
5047 4
5048 2 6 2
5049 9 6 0 6 9 0
5050 9
5052 9
5053 0 2 2
5055 0
5056 6 6
5058 9
5060 0 2 0 2 7
5061 4 6 0 6 9 9 9 9
5063 1
5065 9 0 9
5068 0 2 6
5069 1
5070 7 6
5072 0
5074 1 1 1
5078 2 4
5079 9
5080 2
5083 2
5084 6 0
5085 0 0
5086 9
5087 6 2 0
5089 3 3 4 1
5091 2 1 2 1
5092 1 3
5094 7 4
5097 3 3
5098 6
5099 7
5100 6
5103 0
5104 0
5109 2 9 4 6
5110 0 0 2 2
5115 1 1
5118 9 8 4 6 4
5119 0
5121 9 6 0
5122 0 0 6
5123 6 0 6
5125 0
5126 6
5127 3
5128 3
5132 6 8 0
5136 9 4
5137 0 9
5138 2
5140 0 6
5142 7
5143 0
5147 4
5148 3
5149 6
5150 1
5151 9 0 9
5152 6
5153 1 3
5156 1
5157 0 4 4
5160 6 9 6 6 9
5162 4 4 4 4
5164 1 1
5165 6 0 9 4
5166 0
5167 2
5169 3
5171 6
5174 4 4
5175 3 3
5181 0
5185 2
5186 0
5187 3 1
5189 1
5191 2 3 3 7
5192 6 0 6 6 0
5193 7 2 0
5194 9 7
5201 3 2 2 4
5206 6 0
5210 6 0
5211 6 9
5212 0
5215 0 0 6 6 0
5216 1 1
5218 6 6
5219 3 1 2
5222 4 0 2 0
5225 0
5228 3
5229 1
5232 9 0
5233 2
5234 7
5235 0 9
5236 2 2 4 4
5237 2 6
5238 3
5239 4 2 1 1
5241 1 4 1
5242 0 9 6 7
5243 9
5245 2 0
5247 2 1 1
5248 6 6
5250 3
5251 0
5256 8 4 4
5260 4 0
5262 9
5263 2 6
5264 7
5266 0 9
5267 6
5270 9 6
5273 2 0
5275 4
5278 4 1 4
5279 9 9
5281 0
5282 2 0 0 0 4 1
5283 1
5284 4
5288 9
5290 6 1
5293 6
5295 0
5298 4 6
5299 9 9 2
5301 9
5302 7 7 7
5305 0 0
5308 6
5310 9
5314 0 9
5322 7 7 7 7 4 9 6
5323 6
5325 4 0
5326 4 0 6
5328 0
5329 9 6 2 2
5333 2 4
5334 3 1
5336 0
5338 7 2
5340 0
5341 0 0 0 6
5342 2 0
5344 2 0 0 0
5345 0 0 7
5349 9 6 9 6 0
5352 0
5358 1 3 2
5360 6
5362 7
5363 9
5365 4 4 6
5367 6 9 9
5375 9 9
5380 0 4
5385 2 1 1
5386 8
5387 0 0
5391 2
5393 9 6
5394 4 6
5396 3 3 4
5397 6
5400 6 9 6
5401 6 9 9 9
5402 7 9
5403 3
5406 0
5408 2 3 1 3 3
5410 0
5411 6
5412 0
5413 1
5414 2 6
5417 3 3
5418 0 0 4 0
5422 2 2
5423 6 6 6
5424 3 3 3 1 3
5428 4 0 9
5429 7 2 6
5433 8
5434 0 4 4
5437 9
5438 6 9
5439 2 4 0
5441 1 2 1 4 0
5444 6
5445 0
5447 6 4 6 6 0
5448 4 4
5450 7 4
5451 2 0
5452 3 2
5453 4 6
5456 1
5457 3 1
5458 0 0 0 0 0 0 0 0 0 0 0 0 0 0 0 9 0 0 0 0 0 0
5459 1 3
5460 4 4
5461 1 1 1 2 1 1 2 1
5465 6 0
5468 4 4
5470 0 7 0
5472 0 8
5474 9
5475 0
5477 9 2
5478 3 1 1
5480 2
5482 1 3
5483 1 1
5485 3
5488 9 9 9
5489 0 6 6 6 6 0
5490 9 0
5491 6
5494 1 4 1 2 0
5495 0 6 9 6
5496 7
5498 0
5499 9 6
5500 4 0
5501 6
5502 0 2
5503 0
5504 7
5505 3 2 3
5506 7 4
5511 6 6
5512 6 9 9
5513 3 1
5514 0
5517 0
5520 1 1
5523 1 3 3 1 1 1 2 1
5528 8
5531 0
5533 9
5535 9 2 0
5536 2 4 4 7 4 6
5537 0 6
5539 6 4
5541 1
5542 3 1
5544 4 9 9
5545 9 9
5546 9 6 9 6 6 4 6 4 4
5548 0 2
5550 6 4
5553 9
5554 1 3
5555 6
5556 1 3
5557 1
5560 3 1
5562 4 2 4 2 2
5563 6
5564 9
5566 7 4 0
5569 9 9 9 9 0
5570 7 7
5571 9 9
5573 1
5574 3
5575 1
5577 4 0 0
5578 2
5579 9
5585 6
5589 6 7 6
5590 6 3
5591 6 0
5592 1 1
5593 6
5594 3 3
5595 6 6 4 4 0 4 0 7
5596 2
5598 0 9
5599 1 0 9 9
5603 2 2 8 4 4 6 8
5604 9
5606 7 4 0
5608 0
5610 9 0 4 6
5611 0 6 9
5612 9 9 9
5613 9 0
5614 0 9
5616 6 0 0
5617 0
5618 1
5620 0 6 0
5623 6 1 1 4 9
5626 0 0 6
5628 7 9
5630 2
5632 6
5633 0 0
5634 0 4 7 0
5635 8 4 4
5637 6 9 9
5640 0
5642 0
5643 6
5646 6
5648 2 2 6 0 6 0
5649 7
5652 6 4 9 6 9 9
5656 2
5657 0
5659 6
5663 9 7 2
5667 8
5669 0 2
5670 9 0 9
5674 3 3
5679 1
5683 6 0
5684 0 0 3 4 1 0 1 1 6
5685 0 9 0
5686 7 7 7 7 7 2 4
5688 0
5690 1 3 1
5691 0
5696 2
5699 2 2 0 0
5700 1
5701 4 1 2
5705 3
5706 9
5708 9
5709 2 6 4 4
5710 9 4 6 0 6 7 4
5711 3
5714 4 2
5716 7
5718 6
5719 6
5722 9
5723 9 0
5724 9
5726 3 3 3 3
5728 6
5731 6
5732 2
5733 1 1
5734 6
5736 4 2
5737 6 4
5739 3 3 3 3 3
5741 6
5742 0
5743 9 6 2 6 0 0
5746 0 0 6 0
5747 6
5749 6
5752 7 6
5753 9 0 0
5754 4
5757 1 0
5758 2 0 2
5760 1
5761 0 8 4 0
5765 1 3
5768 2 0
5769 6 4 9 2 4
5771 0
5772 2 0
5777 0
5780 9 4
5781 2
5782 4 4
5783 0
5789 0 2
5794 0 8
5795 2 0 9 6 6 9
5797 3 4 9
5798 3 3 1
5800 0 6
5801 0
5802 1
5803 9 0
5804 7 8
5805 2 2 2 0
5806 0 0
5807 6 6 6
5808 0 6
5812 9 0
5813 2
5814 6
5815 7
5816 2 0
5818 6 2
5819 0
5823 6
5826 0 9 6
5827 0 4 2
5828 0 1
5829 7 9
5830 0 9 6 0 2 8 4 4
5831 7 7 4 4 4 2
5834 4 8 4
5835 6
5837 6
5839 3 1 3 3 3
5843 6
5844 2
5845 1
5846 1 3
5847 2
5848 1 2
5849 0
5851 6
5852 9 7 4 0
5853 0
5856 2 2 1 3 6 4
5857 0
5859 2 7
5860 1 2 1
5862 4
5863 4 0 9
5864 9 0
5865 0
5866 2
5867 0 6 0 7
5868 0 6 6
5871 6
5872 4
5873 4 4 8
5874 2
5876 3
5877 2
5881 2 2
5882 9
5883 3 6 6
5885 2
5889 4 0
5890 9 0 0
5892 3 3 3 1
5893 8 8
5895 7
5896 0 9 0
5897 6
5900 4
5901 2 6
5902 0 0 9 2
5903 9 9
5904 4
5906 6 7 0
5912 9 0
5915 2 2 9 0
5917 0 7 9
5918 6 0 0
5919 4 0
5922 6
5927 0 4 0
5928 9 9
5929 6
5930 6
5931 4
5932 9 4
5935 4 4 8 6
5938 0 6 6
5940 0
5941 6 6 4 6
5942 1
5943 1
5944 2
5945 4
5950 9 0
5952 0 0 9
5955 3 3
5956 0
5958 7
5959 9 6 0
5963 6 4 6 0 0 6 0 7 0
5964 2 2
5965 0
5966 9 0 0
5969 2 6 0
5970 4 6
5973 3
5975 1 8 8 3 3 3 3 3 1 3 1
5978 2
5979 4 6
5980 4
5981 0
5982 0 0 6
5984 0
5985 9
5988 7
5989 9 6 4 9
5990 1
5991 2
5992 2 0 0 0
6001 9
6002 0 2
6003 6
6004 0
6005 0
6006 9 6 0
6007 4 4 6
6008 4
6009 0
6010 4 0 0 0 7
6011 1 2
6012 9
6015 4 4 4 1 3 2 4
6019 7 4
6020 0
6022 0 0 4
6025 2 0
6027 3 3
6029 9
6033 0 7 0
6034 6
6035 2
6036 0 0
6047 2
6049 2 9 6
6050 0
6051 7 1
6053 4
6055 1 3 3 1
6056 1
6058 1 1
6059 9 9
6060 2
6061 0
6062 3
6064 0
6067 6 6 4
6069 3 3 2
6070 9
6074 6 0
6075 2 4
6077 6 0 6
6078 7 2
6079 0
6081 7
6088 2 1
6091 3 3
6093 1 1
6096 4 7 4
6102 2 2
6103 2 6
6104 0 4 0
6106 9
6107 9 0 7 9
6108 4 4 4 6 8 8 8
6109 9
6111 0 9
6114 2 6 7
6116 8 8 8 4 6
6118 0
6121 9
6125 9
6127 9 2
6129 4 4
6134 3
6136 4 6 6
6137 6 6 4 6
6138 7 0 0 2 0
6140 0 0
6142 2 4
6143 6
6144 0 0 4
6147 1 2
6150 3
6151 1
6152 3 2
6155 4 0
6156 9 9
6157 4 9 0 7 6 0
6159 4 4
6161 9
6162 1
6164 6 4 4
6166 7 6 0
6167 3 4
6168 6 4 6
6170 2 4 3 0
6172 6 6 6
6173 0
6176 1 1 0 0 0 6 3 4
6177 4 9 2
6178 2
6179 0
6181 4 4
6184 0 0 0
6187 6 6 9 6
6188 9
6190 1 2
6194 2 6
6195 2 6 4
6196 4
6197 7 7
6200 1 1
6202 0
6203 6 6
6205 9 4
6208 3 3 3 3 1
6209 4 2
6210 4
6211 2
6212 0 1 8 4
6213 9
6216 2 1 1
6219 2
6220 1 1 1
6221 3 1
6222 0 9 9
6223 2
6224 6 4
6226 6 4
6229 0 6
6233 4
6234 4 6 4 2
6237 6 9
6240 3 3 3 3
6241 2
6245 3
6246 1
6247 1 3 3
6251 4 4 4
6252 0 4 4 4
6253 2
6254 9
6258 0
6259 3 3 3
6260 1 1
6266 2
6269 2 0 3
6274 6 0 0
6275 7 1 1 1
6276 9
6277 9 6 6 6 0 0
6278 0 0
6280 9
6281 6 9 6
6282 0 0
6283 2 2
6285 6
6286 2 2 4
6289 9
6290 0
6291 6
6292 7 6 7 0 9 6 6
6293 3 3 3 1
6295 0 9 0 0 0 0 6
6296 4 0 7
6297 6 9 6
6299 9
6300 0 9
6301 9
6304 9 0 0
6305 4
6306 6 6 9
6307 9
6308 4 6
6309 6 0 6
6310 9 6 9 0
6311 0
6312 6
6313 6 1
6316 2 0
6317 2
6318 0 9
6319 0 9 2
6321 1
6322 0 0
6323 1 1 1 1 1
6326 4 0
6327 4 4
6328 4
6329 0
6333 9 0 6
6334 0 6 0
6335 9 4
6336 9
6342 3 3 3
6348 9
6349 0 9
6352 0 9
6354 9 6
6356 6 0 6 6
6359 8 4 8 8 8
6360 6 9
6363 9
6364 3
6366 3
6369 0
6370 4 4 4 0
6371 0 9
6372 2 3 3 3 1 0
6377 0 1
6378 6 4
6380 0 4 0 7 6
6381 0
6383 9 6 0 1 0
6384 0
6387 7 0 6 6
6388 7 6
6391 0
6393 0
6394 4 3 1 2 6 2 0 6
6395 6
6396 1 1
6398 9 0 9
6400 2 7
6401 1
6406 6
6410 9 0
6411 9
6413 4 9 9
6414 9
6415 9 7 0 6
6416 6 0 6 6
6417 0 4
6419 9
6422 0 9
6424 6
6425 4 2 0 7 0 0 7 0 0 7
6426 4
6427 9
6428 0
6432 1
6434 6 0
6435 0 6 6
6439 4 7
6442 4
6444 0
6447 6 6
6448 3 3 3 3
6449 6 6
6450 2
6451 9 6
6452 0 4
6454 4 0 2 7 0
6455 0 9 0
6458 9 4 0 0 9
6459 1
6462 7 1 0 4 0 6
6463 0
6464 3 0 2
6465 3 3
6466 0 6 2
6468 6 6
6469 3 3 1 3
6471 6
6475 9
6479 3 3 3 2 1
6481 2
6482 7
6483 2
6485 9 6 4 6 8 6
6486 2
6488 0 6
6489 6 6
6490 1 3 2
6491 4 2 4
6493 1 1 3 0 1 2 1 1
6495 7 4 2 6
6496 8 4 8 8
6498 4 3
6499 2 3
6502 2 2 0 0 0
6503 4 6
6506 1
6507 6 0 2 0 0 7
6509 4 4 4 6 4
6511 9
6512 3 1 3 1 3 3 3
6513 6
6514 1 1
6515 1
6516 1 2 1 1
6517 2
6520 0
6525 9
6526 0
6528 3
6529 2 9
6532 1 3 3 1
6536 9
6537 0
6540 9
6542 9
6543 4 4 2
6544 4 6 6
6546 0
6547 0 6 0
6548 6 4 6
6549 4
6550 2 0
6551 0 9
6552 0 6
6553 0 4
6554 4 4 8
6555 9 4 0 0
6556 2 4 4
6558 2
6560 3 3 3 1 1 3 3 1
6562 0 0
6563 0 0
6564 0 0 4 4
6568 2 6
6569 3 3 3 1 1
6570 2
6571 2 0 1
6574 0
6575 6 6 6
6578 0 7 0 0
6579 2 2 4
6583 0
6585 0 0
6586 2
6587 3 1 3
6588 1
6593 1 3 3 1
6595 9 0 0
6597 0 0
6600 3 3
6602 2
6603 6 0 7 9 9 7 6 0 7 4 4 8 0 0
6605 2 2
6606 1 3 1
6612 0
6613 4 0 4
6614 3 3 3 3 3
6617 6
6619 4
6620 9
6623 6 0 6 6
6624 9
6626 2 2 4 4
6628 0
6629 4
6630 4 4 0
6632 1 3
6633 6 4 7 0
6634 7 0 0
6636 9 6 6
6637 0
6638 0 2
6639 6 1
6640 3 1
6642 0
6646 2
6649 6 2 0
6650 1
6651 0 2 0 7
6652 3 3 3 1 1
6653 2 2
6654 2 2
6656 2 0 2 2
6657 4
6658 2
6661 1 2 1 3 3
6662 6 0
6664 6
6665 0 0 2 0 9 4 0 0 2
6668 0
6670 3 3
6671 0
6672 6
6674 4 6 9
6676 6 0 4 0 6 0 0
6677 0
6680 7 4 6
6682 4 0 4
6693 0
6694 0 7
6695 1
6700 4 0
6704 2
6707 2 9
6708 4 6 6
6709 4
6710 0
6712 6
6713 9 0 9
6716 1 3 1
6718 0 4
6720 3 3
6721 1 3 3 4 3
6722 4
6726 0 4 4 0
6727 3
6728 9 4
6729 1
6730 1 3 3 1 3 1
6731 0 0
6732 1
6733 0
6736 7 0 0
6737 3 2 4 9 8
6738 0 0 0
6739 0 0 6
6740 0 2 4
6741 1
6744 0
6745 9 4 4
6749 6 0 4
6756 2 6
6759 9 0
6760 3 1 1
6762 0 4
6764 2 0
6765 9 6 4
6767 1
6773 4 8 8 8
6774 4
6775 1 1 1 1 1
6776 9
6777 6 4
6779 6 9
6780 0 4 4
6781 6 6 0
6783 2
6784 0
6786 1 2
6787 0 0 0
6789 2
6790 7 4 0 9 0
6791 2 6 6
6792 9
6793 2 6
6794 0
6795 2 2
6797 6
6800 1 1 3
6802 0 0 4
6803 3
6804 6
6805 6 0
6810 9 9 0
6811 3
6812 4 9 6
6813 1 0
6815 6 9 6 6 6 4
6816 9 0
6817 9 6
6818 4
6820 6 0
6822 6 7 6
6823 6 6 6
6824 4 0 4
6825 6
6828 6
6829 0 6 9
6831 0 0
6833 2 6 0
6835 4 1 4 4 4 0
6836 1 0
6837 0
6839 6
6840 0 2
6842 6
6843 1
6844 6 6 9
6845 6
6846 2 0
6847 0
6848 0
6850 2
6852 6 0
6853 3 2
6854 9
6855 9 4
6856 9
6858 1 1
6859 0 2 7
6860 0 0 0
6862 9 9 0
6863 4 4
6868 9 4 6
6869 3
6870 1
6871 0
6872 1
6874 9
6876 1 1
6877 0
6880 9 0
6885 6 4
6886 1 1
6887 4 0
6888 7
6889 0
6892 7 6 6 2 0
6895 6
6896 0 9
6899 2 2 1
6900 6 0 7
6901 2 7 0
6902 1 3
6907 6 9 4
6910 9
6912 2 6 0
6913 6
6914 1 3
6915 3 3 7 1 2 3
6916 0 7 2 2
6919 0
6920 0
6921 4 7 4
6922 0 0
6923 1 1
6924 7
6926 6 0
6932 3
6934 0 6 9
6939 4 4
6941 1 3 4 1 3 1
6942 4 6
6944 1 1 9 2 3
6945 0 6
6946 1 4
6948 4 6
6950 1 2 1 1
6951 7
6953 6 0
6954 0
6955 3 7
6956 3
6957 3
6958 2 0 2 0
6961 4 6 6 0
6964 7
6967 6 2
6968 6 6 6 9
6969 0 9 0 2 6 0
6971 1
6972 4
6973 0 6 7
6974 6 6 0
6975 9
6976 6 4
6977 6 2 1 0 6 2
6978 6
6984 9 6
6985 3
6987 6 9
6990 2 9
6992 4 6
6994 1 2
6996 0
6997 0 6
6999 2
7001 2
7003 7 0
7006 2 2 1 2 1
7007 1
7008 1 2 8 4
7014 3 3
7015 2 8 0 2 2
7018 0
7020 1
7021 4 6 6
7022 0
7023 4
7024 0 6 6 6 4 4
7025 1
7026 3 3
7028 4 0
7029 1
7031 1
7032 4 0
7033 2 0 0
7036 2
7038 0
7039 2
7040 2
7041 9 4
7043 4 2
7044 4 0
7046 0
7047 6 4 6 9
7049 4
7051 0
7054 2
7055 6 0
7057 2 2 3 2
7058 6 2
7066 4 9
7067 1 1 3 1
7069 4 8 2 7
7071 2 0 4
7072 0
7073 3 1
7074 2 9
7075 6 2
7076 6 2 4 0 4
7078 9
7079 0
7080 0
7082 0 0
7086 4 9 6 9
7088 1 1
7089 2 1 1 8 2 1 3 3 3 3 1 3 1 2 3
7091 4 0 7
7093 2 0 4 6 0 6
7094 1 3
7096 0
7097 4 2
7099 6
7100 0
7105 1 1 1
7106 0 0 0
7108 1 1
7110 6
7113 0 4
7114 4 4
7118 2
7119 9 6 0 0 9
7120 3 2
7121 1 3
7122 9 2
7123 6 6 9 6 9 0
7127 9 0
7129 0 9 7
7131 4 0 7 6
7132 4 1
7136 1 3
7138 0
7139 6
7140 7 7 7 2
7141 6 6 0
7142 2 2 2 6 4
7145 1
7147 0
7149 3 3 1
7150 0 1 7 0 0
7151 9
7152 1
7157 4
7160 6 6 0
7162 6 9 6 0 6
7163 6
7164 0 4 2 7
7166 9 9
7167 6
7168 3
7170 7
7171 3 2 3 1 3 3 1
7173 6 7 0
7175 6
7176 4
7177 4 9
7179 1
7180 2 2 0
7182 9 4 4
7185 6 7 1 2 0 2
7188 0
7189 0
7190 6
7191 4
7193 6 6
7194 9
7195 6
7198 6
7199 1
7200 3
7202 2 2
7203 4 4
7205 1
7206 2
7208 9
7210 6
7211 9 0 9 9
7213 2 1 1
7217 0 2
7218 6
7219 9 6
7220 9 0
7222 7
7224 6
7225 0
7226 1
7228 0
7229 2 6 6 4 0 6
7231 0
7232 2
7233 4 1
7235 4 1 3 3
7239 0 2 0 0
7241 6 0 6
7242 6 9
7246 9 6
7247 6
7248 2 2
7249 1 0 2 9 0
7250 4
7252 1
7253 6 4 0 6 0
7255 6 6 6 0 6 4 6
7258 0 0
7259 9
7260 8
7261 6 9 9 6
7263 0 0 2 0
7265 7 0 7 6 8 6 6
7267 9 0
7270 0 6 2 0
7272 9 9
7274 1
7275 6 4 6
7276 9
7277 6
7278 1
7281 0 6 6 6 6 0
7283 3 1 3 3
7284 4
7285 1 1
7286 0 0
7288 6 9
7290 4 4 4 9
7291 3 1 3 1 1 1
7292 3
7294 6 7 4 1 1
7296 1
7297 9 6 6 6
7299 0
7301 2 4
7304 8 2 4 0
7306 9 3
7307 2
7309 0 6 6
7311 0 2 4
7314 9 6
7316 9
7319 0
7324 3 1 3 1 3
7327 2 6
7331 6 6 0 0 2
7336 6 9 7 9 6
7338 0 7
7339 2 0 6 4 0 9
7340 0 0 0 0
7341 2 1
7342 8 4 9 7
7343 6 6
7344 2
7345 0 6 4
7348 0
7349 3 3
7350 3 9 9 3
7351 2
7352 9 9
7354 3
7356 3 1
7357 3 3 3 1
7358 4 0
7359 0 0
7360 0 0 9 9 0
7361 2 2 0 0 0 0 0 9 9 0 9 0
7363 9
7367 0
7368 4 0 6 6 6 0 0 0
7371 4
7372 1
7374 2
7376 2
7378 4
7379 9 0 9 2 4 6
7380 0 0 2 7 4 4 6
7381 0
7382 6 6 0 6 9
7384 6 6
7385 9
7386 4
7388 2 1
7389 6
7390 0 2
7391 0 0 6 0 6
7392 0
7393 2 0 0 3 3 3
7395 0 7 6
7397 2 2
7399 3 1 3
7400 2
7401 7 9
7402 3
7408 3 3 2 1
7409 2 1
7410 0
7411 4 6 4 8
7412 0
7413 6
7417 7 0 2 9 0 9 0 2 9 0
7418 2
7420 0 2 0 9
7423 1 1 3 3 3 1
7424 4
7425 3
7426 6 9 6
7427 9
7428 2 6 6 0
7429 2 3 6 6 0
7431 4 0 0 4
7432 6
7436 3
7437 3
7440 6 2
7441 9
7445 0
7446 2
7447 3
7448 7
7449 6 0 0
7454 4 6 0 6
7458 0 9 9 9
7459 0 6 6
7461 0 6 6 6
7465 6
7466 1 1 2 1
7471 0 7 6 0 3 1
7473 7
7478 2
7481 0 6 6 0 7
7485 6 2 0 9
7487 0
7488 6
7492 0 0 0
7493 9
7494 9
7499 2 0
7501 2 1 2
7502 0 2
7503 9
7505 9 6
7509 9
7510 4 7
7513 7 4
7518 6
7519 9 6 6
7521 0 0 6
7522 0 0
7523 0
7524 1 0 1 3
7525 2 7 3
7527 6 9
7528 0 4
7529 9 6 6
7533 4
7534 0 2 2 2 4
7535 0 0
7537 0
7540 1 1
7543 4
7545 7
7546 1
7547 7 6
7548 3
7549 4 2
7551 1 6 9 6
7555 7 3 0
7556 9 6
7558 2 1 1
7559 0
7560 1
7561 4 6 4 9
7562 6 0 7 6
7563 0 9 6 6 6 6 0 0 9 9
7564 1
7566 4
7567 3 1 3 3
7568 9 6 0 9
7569 0
7570 2
7572 6 4
7573 0
7575 2 0 9
7576 3
7578 6 6 4
7581 1 1 2 1 1
7584 9
7585 2
7586 9 6 6 6 9
7592 6 6 9
7593 6 0
7594 0 9 6 0 6
7595 6 6 6
7596 0
7597 3 3 1 3 3 3
7598 2 0 2 0
7603 7 9 6 2 1 2 7 2 6 0
7604 1 1 1 1 1 1
7605 0 3
7608 6 0
7609 2
7611 2 4 0
7612 6
7614 0 9 0 4 2 9 6 9 9
7615 3 1 3
7616 1
7618 3 1 1
7620 0
7621 3 3
7623 2 1 2
7625 9
7626 0 0 0 9
7627 0 6 4
7628 1
7629 0 7 0
7630 7
7631 0 4 9
7632 6 6 6 6
7633 6 0 4 4 2
7634 0 2
7635 6
7639 9
7642 9 6
7643 7
7646 0
7647 4
7648 0 4 4
7649 9 6 4
7651 1 2 2 4 4 2
7652 1 4
7653 0
7655 6 4 4 0
7657 0 6 9 3 0
7659 6 0
7661 6
7662 0
7664 2 2 8 4 4 8 0 0 0 4 4 4 4 4 4 4 4 4
7665 3 3
7667 1
7670 3 3 2
7673 1 3
7674 9 0 6
7675 9
7678 6
7679 9 0
7680 2 3 3 4
7681 0 6 0 0 4
7683 4
7684 9
7685 0 6 6 0 0
7686 1
7688 2
7689 1 1
7692 6 1
7693 9
7694 2 9
7697 4
7698 1 0 3
7699 2
7700 4 0 2 0
7708 4 0
7712 3
7717 0
7720 9
7722 3 1
7723 2 0 0 4
7724 0 0 0
7727 6 7 0 2 7
7728 2 6 6
7729 3 1 7
7730 2
7735 9
7736 6 9 0
7737 4
7738 3 1
7739 9
7740 2 9
7743 4 2 4
7745 2
7749 4 4 2
7752 3 3
7754 4
7755 4 6 2 9
7756 2
7759 0
7763 0 6 9
7765 0
7767 1
7768 0
7769 6 6
7770 4
7771 3 3 3 3 3
7773 6 6
7774 2
7776 2 2 3 0 4
7779 2
7780 3 3
7784 0 0
7786 3
7787 0 7
7788 6
7789 0
7799 6 9
7800 9 0 6
7802 6 7 2
7803 6 0 0 6 6
7805 6
7806 2
7809 2 3
7810 0 9
7812 4 4 4 2 0 2
7817 3
7818 9 0
7820 9 0 9 0 6 2
7821 9 9 6 9 9
7826 0
7829 1
7830 6 6
7831 4
7835 0
7836 0
7838 0 0 6
7839 4
7840 0
7841 3
7842 4
7843 2
7844 0
7848 3 1 3 3
7849 7 9
7853 9
7854 6 6 8 0
7856 0
7857 6
7858 4
7859 2
7860 2 6
7863 4 6 2 2
7864 3
7866 9
7868 0 0 2 3 3 3 1
7869 9
7870 7 2
7876 0 4 4 2 2
7877 6 6
7879 2 0 9 0
7881 9 9
7884 0 7
7887 6
7888 6
7889 9
7890 3
7891 2 4 2 0
7894 9
7895 9
7896 2 2 0 4
7897 1
7898 0 6 6 6 4
7899 6 0 0 4 2 7
7900 6
7901 8 8 8 6 4 4
7903 7 9
7905 1 2
7906 3 1 1
7908 1 2 2
7909 9
7910 0 2
7911 6 0 0 6 0 6 2
7912 6 4
7913 1 2
7914 1 1 2
7918 9 9
7919 4
7923 4
7925 1 1
7927 6
7929 0 0 0
7931 0 2 6
7932 6 0
7933 3
7934 7
7936 6
7937 1
7939 7 4 0
7944 9
7945 0
7947 3
7950 9
7954 0 8 4
7955 0 0 6 0
7957 0
7958 2 3 1
7959 0
7960 9 9
7962 9
7965 6 6 6
7966 4 4
7967 6 4
7969 6
7972 6 0 2
7974 4 2
7975 2 4 6 2 0 4
7977 1 1 3 1
7978 3
7981 3 1
7982 0 7
7985 3 3 1 3
7986 7 6 9
7989 0
7990 0 0 0
7993 4 0 0 4
7995 0
7998 3
7999 1 1
8000 9 7 9
8005 9
8010 1 8
8011 0 2 0 6 6 6
8013 9
8014 1
8017 6 0 6 7
8018 9 6 0 6
8021 9
8027 0 6
8028 2
8030 0 0
8033 4
8034 1
8035 8 6 0
8037 0 9
8039 0 0 0 9 6 9
8040 0 2
8041 6 4
8042 0 9
8044 2 0
8045 4
8046 2 4
8048 0 6 6 6
8053 3 1
8054 2
8056 2
8057 9 9 9
8058 6
8059 2 1 1
8061 0 0
8062 1 1 3 1 1 1 1
8064 9 9 6
8065 4
8066 2
8069 1 1 3 1
8070 0
8071 4
8072 6 9 9
8077 4
8079 3
8080 9
8084 0 0
8087 2 0 2
8089 1
8090 6
8091 9 9 9
8092 6 4 4 0
8093 9
8094 6 9 9 9
8095 2
8098 0 2 0 0 0
8102 0 6 6 6 7 6 6
8104 6 6 6 6 0 9
8105 6 6 6 0
8106 3 1
8107 6 0
8108 3 3 1 1
8112 2
8113 7
8116 0 0
8117 6 1 1
8118 9
8121 1
8122 0 3
8124 0
8126 0 6 9
8127 9 6
8130 4 2 0 6 6 4
8131 3 3 3 1 3 1 2
8133 9 6
8135 2 1 2
8136 7 6
8137 0 0 6 9
8139 9 6 6
8140 4 0 0
8141 0
8142 6 2
8143 7
8144 9
8145 0
8146 2
8149 6 9 9 7 9
8151 6
8153 6 6 6
8154 1 0
8155 7 4
8156 6 4
8157 0 0
8158 4 8 8
8159 9 0 4 6
8161 7 6
8166 0
8167 4
8168 6
8169 2
8170 0
8171 0
8173 2
8175 2
8176 0 0 0 9 0 0 0 0 9 9 9
8177 0 6
8178 1
8181 6 0
8182 4 0 6
8185 9
8186 2
8187 4 7
8189 0
8191 4 4 8
8192 1 1 1
8194 0 0 6 0
8195 2 1 2
8199 1
8201 2
8202 6
8203 0
8204 3
8208 3 3 3
8210 4
8211 7 0 6 9 6 6
8213 9
8216 6 0
8217 1 0 4 1
8218 6
8220 6 7
8221 9 6 4
8223 7 6
8224 3 3
8225 3 2 3
8226 2
8229 2
8230 6
8232 0
8235 0
8236 9
8239 9 9 9
8242 1
8246 9 0 0 0 9
8252 7 7 6
8254 9 6
8257 9 7
8258 9
8259 4
8263 0 9 0 0
8264 7 0 9 6 0
8265 2
8266 8 6 4
8267 0 6
8269 6 0 9
8270 4 0 0 6
8272 0
8274 6 6 9 0
8275 2 4 4
8279 6 6 0 6
8281 1 2 0 2 0 7 0
8282 9 6
8284 2 9
8285 0
8286 9 4 6 0 4 6
8288 0 7
8289 0
8291 0 9
8293 2 1
8295 3
8296 9 0 7 0
8297 2
8299 0 0 0 2
8300 2 6 6
8305 6 0 0 0
8306 6
8311 9
8312 0
8313 2 2 6 0
8315 0 0 2 2
8316 0
8319 0
8320 6
8324 2
8327 7
8328 6 0 6 9 9 9
8329 0 3
8331 4 2 4
8333 0 0
8334 0
8335 1
8336 7
8337 7 1
8340 4
8342 0 6 6 6
8346 0 6
8347 6 2
8348 4
8349 9 0 8
8351 2
8352 9 0
8358 7
8359 2
8360 0 0 6
8364 6
8365 0 4 4 2
8366 0 9
8368 2 7 4 1 4
8370 3 2
8371 4 0
8374 8 4 4
8375 9
8377 0
8379 0 9 9
8380 0 6 6 9 0
8381 4
8382 6
8384 0 0 0 9
8388 6
8390 0 0 9
8391 0 0 6
8393 7
8394 2 2
8395 6
8396 0 6 7
8398 0 4
8399 6 2
8400 6
8407 2
8408 6
8415 4 4 4 4 6
8417 1 3 1
8418 9
8419 0 2
8420 2
8421 9
8424 6 9
8425 0
8426 6 0 0 0
8427 6
8433 0 2 0 3 2 9 9
8435 6 6
8439 4 6 2 0
8440 4 6 6
8441 0 0 6
8444 0 4
8448 0 4
8449 1
8451 7 9 9
8453 4 0 6 9
8457 2
8466 4 6
8472 2 2
8473 9 0
8475 2 2 0 2
8476 0
8477 6 2 0
8478 3 7 9
8482 4 6 4 6
8485 6 9 9
8486 6 1 0
8489 9
8490 0 9 9 9 9 6
8491 6
8492 2 1 9
8494 7 2 0
8496 2 0 0 0
8499 0
8501 8 8 0
8502 3 3 3
8506 9 6 9
8508 0 0 7
8510 0 9 9
8511 1 2 3 1
8512 8 4 4 1
8516 9 9
8517 4 1 3
8518 3 3 1
8521 9 0
8522 6 4
8523 4
8525 0 0 0 0 0
8526 9
8527 7
8528 6 6
8529 9
8530 4
8531 1
8532 4 2 4
8533 9
8535 6 4
8536 6
8537 0
8540 0 2 0
8542 0
8543 9
8551 2 3 2 3 1 1 1
8552 8 4 8 6 8 8 4 4
8555 7 9 1
8557 1 1
8559 9 9 2 2 2 0
8560 0 0 6
8563 9
8565 6
8566 9 2
8568 9 2
8569 3 1 3 3 3 1
8570 6
8572 2 2
8573 4 4 4
8574 3
8575 1
8579 0
8580 7
8581 6
8582 2 0 4
8584 6
8585 6
8587 0 0
8588 3
8589 9 9 0 9 6 6
8590 0 0
8591 0 6 9
8592 4
8593 6 4 8 1 6
8594 0
8595 0
8596 0 0
8601 1 3 3 3 4 8 8
8603 9
8604 6
8605 3 3 3
8606 0
8608 1
8609 6 6 6 0
8611 6
8613 0
8615 0 0
8618 9 0 9
8619 0 0 0
8620 0 7 2 6
8623 2 1 3 3
8624 1 3 3
8625 1 1 2 3
8627 9
8628 9 0
8629 0 6 9 9 9 8
8630 0
8631 2 1
8632 4
8635 9
8637 0
8638 9 9
8639 9 6 0 6 2 9 6 4 6
8640 6 6 4
8641 7 9 6
8642 6
8646 4
8649 9 9 9 6
8650 9 7
8652 4 0 2
8653 4
8655 1
8656 6
8657 4 1
8658 0 0
8659 9 0
8660 1 3 2 3
8661 4
8662 0 4
8663 6
8665 6 7
8667 4
8671 6 0 9
8672 9
8674 4 6
8675 0 2
8676 0 0 0 0 9 9 9
8679 6
8681 3 3 3
8682 8 8 1 2
8684 7 9 4
8685 2
8687 9
8688 2
8690 6
8691 6 0 0
8693 7 2
8697 9 6 9 9 0
8698 4 7
8699 2 0 0 7 0 2 4 9 2 2 2 0 6 0
8700 6 0 6
8703 0 4 4
8705 0 9 0
8706 0 3 6
8707 0 2 0 6
8709 6
8711 6 0 0
8712 0 6 4 6 0
8713 6 6
8716 1
8717 3
8719 0 4 0 8
8720 0 0 9
8721 9 6
8722 7
8724 9 4
8725 9 9
8727 6
8730 6 6 6 6 6 9 6
8732 4 6 0 0 0
8733 2
8734 3
8735 2
8737 4 2
8743 6
8744 3 3 1
8749 0 1 2 2
8752 2 0 0
8753 4 0 6 0 4 6
8754 9 0 6 6 2
8757 9 0 0
8758 0 6 0 6 6
8760 2
8764 2
8766 3 3 3 1
8770 0 9
8772 4 0
8774 3 2 4 2 0
8775 1
8776 7 4
8777 9
8778 3 2
8781 9 7
8783 1
8784 0
8787 2
8789 0 6 4
8790 3
8791 3 1 1
8792 0
8793 2
8794 4 4
8795 0
8796 3 1 3
8797 0 0
8798 2
8799 4 4
8800 6 4 7
8803 2 1
8804 9
8807 2 0 4
8808 5
8810 0
8811 0
8812 4
8813 6 0 6 0
8814 6
8818 6 6 2 2
8819 2
8821 0 2 0 0 0
8822 2
8823 6 6
8824 6 9
8825 2 4
8826 6 9 0
8827 1 1
8832 2 2 6
8835 9 9
8837 6
8838 4 7 2 4 4 6 8 8
8840 1
8843 0 9 9 9
8846 3
8847 7 9
8849 0
8850 0
8851 0
8853 0 9
8854 3
8856 9 6 9 6
8857 0
8858 6 0 9
8860 6 0 0
8862 2
8863 4 3 1
8866 8
8867 1
8868 9
8871 9 7
8873 6 8 2
8874 0 6 6
8875 0
8877 0 0
8879 4
8880 2 1
8881 2 0 6
8882 0 0
8886 0
8889 0
8890 2 2
8892 3 9 6
8893 6 6
8894 3 3
8897 4 6 6 7 6 7 7
8898 0 4
8900 2 4
8901 6 0 6 0 2 2
8903 6 9
8907 9
8909 4 4 8 8
8912 6 6 0 6 6
8917 0 2
8918 1
8920 1
8921 6 6 6
8925 2
8926 2
8928 0
8929 6 9 0
8931 1
8932 0
8935 7 9
8936 0 0 6 4
8937 3 1 3 3
8938 7 4 0 6
8940 9
8941 7
8942 9
8943 6 0
8944 0
8945 6 0 0
8946 6
8947 0 2
8948 0 6 0
8951 2 9 7 9 4
8952 9 0
8953 0 0 0 0 4
8955 2
8957 2
8958 0 0
8967 6
8968 0
8969 0
8972 8 6
8973 7
8974 2 3 1 2
8976 6
8977 1
8978 9
8979 2
8982 0 2 9 2 2 0 3 1 8 8
8986 9 2
8988 0
8989 2
8992 2 2 6 2
8994 0 9
8996 9 6 6
8997 9 9 6
8999 3
9002 4
9003 4
9004 9 0 0
9005 0
9006 1 1
9007 6 9 2
9009 6 6
9012 6
9013 3
9014 6 0
9015 0
9018 1 0
9019 9 4
9020 6 6 8
9021 9 9
9023 0 3
9024 9 7 6 6
9025 8 2
9026 6 6 6 9
9032 3 3
9035 0 0 0
9039 2 9 0 6 7
9040 9 9 0
9042 3 3
9043 0
9044 2 6 1 2 0 0
9046 6 0 2
9048 0 2
9050 0
9051 0 6
9052 6
9053 1
9054 4
9057 4
9059 2 2
9060 9 0 0 9 0
9061 3
9062 3
9063 0
9064 0 9 0 0 6
9065 0 2 0
9066 4 6
9068 6 6
9069 6 6 0 9
9073 1
9077 9 0 4 0
9082 0
9085 6 4 6 8 8
9086 2 3 2
9089 4 0
9092 2 2
9094 2
9095 2
9099 2
9101 6
9106 0 0 0
9108 6 6
9109 3 1
9110 1 0
9111 3 3
9112 4
9114 0 0
9115 3
9116 1
9118 4
9120 0 9
9121 0 0
9123 0
9124 4
9125 9
9127 6 4 0
9128 1
9130 6
9131 6
9132 9 9
9135 3 3 3 1
9136 6 0 9
9139 6
9140 4
9141 9
9144 7
9146 0 9 6
9150 4 3 3
9151 3 1
9152 9
9153 3 0
9154 9 6 9
9155 0 9
9156 0 2
9158 4
9159 2 6
9161 0 7 4 2
9163 0
9164 6
9167 6 6 0
9168 6
9169 1 1 3
9170 6 0
9171 8
9173 3 4 1 3 3 3 2
9174 2 0
9175 6 2 6 6 0 9 0 6 6
9176 0
9179 0 9
9180 9
9181 9 0 9
9182 0 7 1 0
9183 6 6 9
9186 6
9187 6
9188 2 8
9189 0 9
9190 4 0 4 0 6 4
9192 0 0 3 7
9193 0
9195 3
9196 0 2 0
9197 0
9199 7
9200 0
9202 2
9203 7 6 4
9207 9
9209 0
9210 4
9211 0
9212 4 6 0
9214 2 2 0
9215 9 0
9217 6
9219 0 6 9
9220 2
9221 0 4
9222 0
9225 9 0
9226 9 4 2
9230 1
9235 3
9236 1 2 1
9237 9 6 9
9238 0 0 7 6 6
9239 4
9244 2
9245 0 6
9246 0 0 9 6
9247 6 6
9248 0 6 9
9253 2 6 4
9254 3 1
9256 9 0
9259 6 9 0 6 2
9260 9 9 9
9261 0
9264 0
9265 6 9 0 0 6
9268 8 6
9269 0
9270 9
9274 4 8 2 2
9277 1 1 1
9280 9
9282 2 9 0
9283 3
9285 0
9287 2 9
9289 9 0
9292 2
9294 2
9295 9
9296 2 1 1 1 3 2
9298 0
9301 4
9305 6
9307 1
9308 4
9309 3 3
9310 0 6 0 7 9
9311 0
9312 4 2 2 2
9313 7
9314 3
9316 0
9317 9 6 6
9319 9 0 0 6 6 0 9 0 9 0
9320 7
9321 1
9322 4
9325 9 6 9
9329 0 6
9330 0
9331 9 6
9332 7
9333 0
9334 9 7 9 6 0
9335 9
9337 2 4 0
9338 1
9339 6 6
9340 6 4
9341 0
9342 0
9343 4 4
9347 2 3 2
9350 2
9352 3 1
9353 2
9354 3 3 1
9355 1
9356 9
9358 6 6 0
9361 2 2 1 2 0
9364 9 0
9365 0 9 0
9367 9
9368 2 0 2
9369 1
9371 6 9
9372 0 6 2
9373 0 6 4 0 0 4
9374 3 1
9375 2 4 6
9377 1 1
9378 6 6
9379 9 2
9382 7
9383 0
9384 6 9 7 0
9386 1 2
9387 3
9388 0 6 4 6 9
9389 6
9390 0 6
9392 6 6 0
9393 8 7
9394 3 3
9395 6
9397 9
9398 4
9399 6 0
9404 0 0
9405 4 4 4
9406 0 9
9407 0 2
9409 6 6
9410 6 8 6 6 4 4 8
9411 3 3 3 3
9413 0 9 9 2
9417 4
9420 1
9424 6
9425 0 0 7
9428 0
9429 3 3 3 3
9431 0
9433 0 6 6 6 0
9434 6
9436 6 6 9 0
9437 1 3
9440 6 0 0 0
9441 6
9442 2 0 0
9443 9
9444 1 2
9445 3
9448 0
9450 9
9453 9 1 9 2
9454 9 4
9455 1 2 1
9456 0
9457 0
9459 0
9461 9 9 0
9463 4 4
9464 0 9 2
9465 4
9467 4
9469 3 3 1 1
9470 4
9471 6 0 0 2 6 9 9
9473 0
9476 2
9477 7
9478 9 4
9479 3 1 1
9480 2 2 0
9481 0 9
9484 0
9485 0 9 9 9
9486 2
9487 7
9489 3
9491 9
9492 3 1
9494 7
9497 6 2
9498 2 0 0 4
9499 1 3
9500 0 2 0
9504 7 0 0 9 0
9505 9 0
9506 9 6 0 6 4
9507 3
9513 6
9514 4
9515 4
9516 2 7 6
9517 4 6 8 6
9518 1
9519 0
9523 9
9526 1
9528 4 6 6
9531 0
9534 6 6 2
9536 2 4 4 4 2 0
9537 1 3
9539 9
9541 1
9544 4
9545 0
9550 3 6 0 1
9555 9 4 6 6
9556 0
9560 7 4 0
9562 9 6
9563 9 9 0 9 9 3 7 6 0
9565 8 9
9566 0 0 9 9 0
9567 7
9568 3
9570 3 3 3 2
9571 1
9572 4 1
9573 4
9575 1 1
9577 9 6
9578 9
9580 6 9 7 6 9
9581 1
9584 9 0 8 8
9585 9 9 0
9586 6 9 6
9587 0 2
9588 2
9589 6
9591 2 2 9
9593 0
9598 1 2 0 6 6 0 6 0 7 7 0 6 0
9599 9 0
9601 3
9602 0 7 0 6
9603 3 7 4
9604 4
9605 0 0 2 9
9607 1 1 1 3 3
9609 0 4 0 0 2
9610 4
9611 9 0 2
9612 6 0 9
9616 6
9618 0 6 7 2 4
9619 3
9622 2
9626 2 1 2
9627 3 3
9628 4
9631 9
9632 9
9633 1 3
9634 0 0
9635 4
9637 0
9639 4 6 7
9640 9 0 0 4
9641 6
9642 1 3 3 1 3
9643 6 6
9644 2 1
9646 0 0
9650 1
9654 9 4
9657 9 9 9 9
9659 1 3
9660 2 1 3 3 1
9664 0
9666 0 0
9668 0 9
9670 9 0 8 4 2
9671 7
9672 4 4 2 2
9673 9
9674 2
9675 3 3 3
9676 0
9678 9 6
9680 7 9 0
9683 9
9685 6 6 7 9 6
9686 0 0
9689 2 0 6
9690 2
9692 2 4 6 6 0 6
9697 3 0 1
9698 6 9 0 2
9699 0
9703 1 7
9708 0 2 7
9709 2
9710 1 1
9711 0
9713 6
9714 2
9720 0 4
9722 0
9723 4 0
9724 6 0
9725 0
9727 3 6
9728 6 6 0 0
9729 4 3
9730 1 1 3 3 2
9731 4
9732 9
9733 2 0
9735 7 6 9 0 0
9736 6
9738 2
9741 3
9743 6 0
9752 3 4 8
9754 3 4
9756 4 0 4 0 7 7 6
9757 9 9 9
9758 8 4 6 6 0 9
9759 2 2
9763 6 6 6
9766 3
9768 4
9769 2
9770 6 6 6 9
9774 7
9777 0 2
9779 6
9780 2 4 6
9781 0
9782 6 0 9
9784 4 4 4 4 8
9786 6 6
9788 0 0
9790 0 9 2
9793 8 8 8 2
9797 4
9798 6 6 7
9801 7 0 0 4 0 7 0 0 0 2 0
9802 6 0 0
9810 2 2 2
9812 3 2 0
9818 4 0
9820 0
9821 9 4
9822 0 0
9827 4 0 4
9829 6
9831 0 0 9 0
9832 1
9833 1 1
9835 8 9
9836 0 9
9837 3 2 1 3
9838 6
9839 1 4 2
9841 7 9
9842 8 8 8
9844 1 3 1
9845 3 1 3
9847 9 6 0 6
9849 2 0 2 1 9 9
9850 9
9853 4
9856 3
9857 2 7
9859 3 1 0 6
9860 3 3 1 1
9861 2
9863 6 2
9864 0 1
9867 1
9869 4
9870 2 4 0
9873 9 0 6
9875 4 2
9876 0 0 9 9
9877 3
9878 0 9 9 9
9879 9 9
9880 1
9881 2 9 0 4
9884 2 4
9885 0
9888 9
9889 3 3 3 3 3
9891 1
9892 6 0 0
9893 0
9894 0 6
9896 9
9897 2 2
9898 0
9899 2 0 0
9901 1 1 3 1 3 1
9903 1 3 3
9904 1 3 8 4 1 4 8 4 1
9907 2 3 9 3 1 3
9908 0
9909 1
9911 9
9912 7 6
9913 9 2
9916 0 6 7
9918 6
9922 6 4
9929 4 7 0 6
9934 6
9938 1 3 1 2 3 1
9941 6
9942 4
9946 6
9948 0
9949 3
9950 6 6 6
9951 9
9955 9
9956 4 6 3 6 4 2 4
9958 6 4 4
9959 2 9 0
9960 2
9963 4 1
9964 0 6
9965 0
9966 4 9
9967 6
9969 0 2
9973 0 9 2
9974 6
9975 1
9978 2 0
9979 2 2
9980 1 3 1 3
9981 6 6 0
9984 0 2 2
9988 3
9989 6
9990 8 8 8
9991 0
9993 3 3
9994 9
9996 3 1
9997 4
9998 6 6 0 6
9999 9
10000 0
10001 3 1
10004 0 0 7 0
10005 0 0
10006 1 3 3 4
10007 9
10010 2
10011 2
10013 7
10014 0 9 0
10015 8 8
10017 7 7 7
10024 9 0
10026 6 0 9
10027 0
10028 0 0
10029 2
10031 9 9 7 0
10032 1
10034 3 3 2 3 1 1
10036 2
10037 4 4 7 4 4 7
10038 9 4
10039 0 9 9 9 6 6 6
10042 0 1 9 2 9
10043 4 6
10045 1
10046 6 4 0 6 9 6 6 6
10049 9
10050 3
10051 1 1
10054 0 7 9 6
10056 0
10057 2
10058 0 4
10059 2
10060 8 4 9
10061 4
10062 2 1
10068 4 0 4
10069 9 4 0 0 0 0
10079 0 0
10080 9 0 6
10081 9
10085 6
10087 1 1
10088 4 4
10091 0
10093 1
10095 2
10096 1
10097 0
10099 1
10103 4
10104 1 1
10105 9 6
10106 0
10107 1
10108 0
10114 2 1
10116 0
10118 6 6
10122 6 0
10124 0 7
10125 4
10126 7
10128 6
10129 3 4
10133 0 1 1
10134 4 0 2 2 2
10135 6
10137 2 2 0 4
10142 2
10143 6 7
10144 9 0
10148 0 0 6
10149 9
10150 0 2
10151 7
10152 4
10153 9
10154 6
10155 2
10158 1 1 1
10161 3 3
10162 4
10163 6 4
10165 0 9
10166 4 6
10167 2
10168 4 6 0
10173 6 8 4 8 8 8
10174 4
10175 7
10176 1 1 3
10177 6 0
10178 2 2
10180 0 6 9 0
10181 9 6
10182 6 6
10184 0 0 6 0 6 0
10185 1
10186 0 0
10187 1
10188 0 2 0
10189 9
10190 1
10192 0 0 0 2 9 9 0
10194 0 2 0
10196 2 4 8 4 3 1
10199 9
10201 7
10202 2 0
10203 1
10206 9
10208 6 9
10209 9
10212 6 6
10215 2 9
10217 9 9
10218 4
10219 1 1
10220 1 0 0 9
10221 9 9
10223 0
10226 6
10228 4 4
10229 0 6 6
10231 9
10232 6 4
10234 8 4 7 2 4 6 6 0
10238 6 4
10239 6
10241 3
10242 2
10244 6
10245 2
10246 6
10248 9
10254 1
10259 2
10261 6 0
10262 7
10263 4 4 6 0 6 6 2 0
10266 0
10267 0
10271 4 4 4 4 4 4 6 4 4 2 4 4
10273 2
10275 0 0
10276 4
10277 1 3
10279 0 4 4
10281 7
10284 3 1 1 1
10286 0
10287 1 1 2 3
10288 4 9
10290 6 6
10292 9
10294 3
10295 4 0
10296 7
10297 2
10299 2 6
10302 3 3
10303 2
10305 2 9
10306 0 0 4
10308 4 4 0
10310 6 6
10311 2 6
10312 6
10313 2 2
10314 4 4
10317 2
10319 9
10320 3
10321 0 9
10322 0 0 0
10325 0 9 9 6 6
10326 0 2 2
10327 2 1 0
10328 1
10329 6 0 0 0 2 7 0 2
10331 9 9
10332 8 8
10333 9
10334 0 6 0 0 6
10335 7 7
10336 9
10337 9
10338 6
10340 1
10343 0 0 4
10345 4
10346 9
10347 2 1 2
10352 9 9 9
10353 2 1
10354 2
10355 2
10357 9 2 4 4 0 0 2
10358 9 6
10359 6 4 7
10360 0 4 9 2
10361 0 2
10363 3 1 3
10364 0
10366 3 4 1
10368 9 9 0 0 0
10371 3 1 1 3 1 3 1
10372 0
10373 8 3
10374 7
10375 1
10376 7
10378 9
10380 6
10381 8 6
10382 1
10384 0
10387 9
10388 1
10391 3
10393 0 0 2 0
10398 9 6
10400 1 1
10402 0 0
10404 0 7
10407 7 6 9 9
10408 0 9
10411 6 4 2 6 2 4
10413 0
10416 0 2 4 0 4 4
10417 0 3 6 7
10421 4 6
10422 0
10423 0
10424 3
10426 6 4
10427 2 0 0 9 9
10431 6 6 4
10433 0
10434 1 3 3 3 1
10439 0
10443 0 3 3 1
10444 1 3 3
10447 7 6 4 6 6 2
10448 0 0 0
10452 2 2 3 6 2
10453 6 6
10454 3
10456 0 2 6
10458 0 6 7 6
10461 0 0
10462 6 6 4
10466 9 6 6 6 4
10467 6 6 2
10469 0 2 1
10470 3
10472 3 1
10475 9 6
10476 3 3
10477 0 3 3
10478 0 0 6
10479 6 4
10480 2
10481 3
10484 1 3 1 1 1 1
10486 6
10487 9 7
10489 9 6 6 2
10491 6 9 6 6 6 4 8 6
10492 0 4 2 2
10497 6 6 6 6
10498 2
10500 6 9
10501 6
10504 1 3 3
10505 2
10506 1
10507 0
10508 6
10509 4 4
10510 0 6 0 0 2
10511 6
10514 0
10517 7 9 0 4 9
10519 0 0
10521 4
10526 3
10529 3 0
10530 2
10536 3
10537 9 9 9 0 0 9 4 6 4 7
10538 6 9
10539 1 3
10540 6 6
10545 6 9 0 0 8
10552 6
10554 9 6 0 9 0
10555 2 6 9 6 9 6
10556 6 6
10559 3 3 3
10560 9 9
10561 2
10563 6 6 9 6
10564 6 0
10569 9 1
10570 3 3 1
10571 0 9 9 0
10573 9
10577 7 9
10578 0 6 0
10579 0
10582 9 9 9
10583 0 9 2
10587 6 0 9 0
10589 3
10591 0 0 4
10594 7
10595 0 2 9
10599 2 1 9
10602 0 2
10603 4 6 0 0
10604 6
10610 6 9
10615 1 2
10616 0
10620 0 9 9
10621 4 6
10622 9 0
10626 6
10627 1
10630 4
10631 6 6
10632 0
10633 0 0 9
10634 0 9
10635 4 2 2 2 4 0
10638 9
10641 4
10642 0
10644 0
10645 9
10646 0
10650 0 4 4
10652 1
10655 1 9 2
10656 4
10658 9
10662 6
10663 4 2 2 6 4
10664 6
10665 4 9 0
10666 0 1 1 0
10667 9
10670 8 8 4 4
10672 0 0
10674 4 2 2
10675 4 4 2
10676 1 2
10677 2 0 0
10682 0 9 6
10683 6
10684 0 9
10685 9
10686 3 3
10689 4
10690 6 4
10691 6 6
10692 7 7
10693 6
10694 0 0
10695 9
10697 8 8 8 0 4 6
10698 1 3 1
10699 9
10700 0 6
10701 0 7 0
10702 6 4 2
10703 6
10706 7
10708 6 0 6 7 0 0 6
10709 6 0 0 6 0 6 6 0 0
10710 2 2 1 1
10712 3
10715 3 3
10716 3
10717 9
10719 2
10720 0
10721 8
10726 9
10727 0 6 0 6 0
10729 0
10731 2 0 7
10735 2
10736 2 7 7 6 4
10739 0
10742 3
10744 4 4
10745 9 9
10746 4 6 0 4
10749 2
10754 9 9 2 7 6
10759 2 0
10760 0 7
10762 7 6 0 2
10764 0
10767 0 1 2
10768 9 0
10773 6
10775 9
10776 6 6 6 9
10778 2 2
10779 4 2
10780 1 2
10781 0
10782 9 9 6
10783 1
10784 2 6 0
10785 0
10786 2
10787 6
10788 9 9 9 0
10789 2
10791 9
10794 0
10796 0
10797 7 7
10798 2 4
10799 6
10800 3
10801 7 9
10803 2
10805 7 7
10806 0 9
10807 0 2
10809 3 3
10810 1
10813 6 9 6 6 4 0 2 4 2 2 0 2 9
10815 2
10821 2 6 9 8
10822 7 9
10825 9 0
10826 6 6 6
10827 2
10828 8 4 8 7 6
10829 3
10830 2 2 2
10832 9
10833 0 0 0
10834 9
10836 0 0
10840 7
10841 9
10842 1
10844 8 7 8 8 8 8 4 3 1 8 8 4 8
10846 9
10849 4 9
10851 0 2 0 4
10855 2 2
10856 2 9 0 9
10860 1
10862 7
10865 6
10869 0 0 4
10871 0
10873 0 6 9
10874 2
10875 6
10877 2 1 3 1 2 3 1
10879 0
10881 2 4
10883 0 6
10886 2 0
10887 0
10888 3 3 3 4
10889 2 2 7
10890 8
10891 1
10893 4
10894 1 3
10896 2
10897 2 2
10901 0 0
10903 0
10905 0 0 6 6
10906 4
10907 0 2 4 6 0
10909 6
10913 9
10914 1 0 0 6 6 0
10915 7 7
10917 6
10921 9 6 4
10922 4
10923 6
10924 0
10925 0 7
10926 0 0
10927 2
10928 1 3 1
10930 1
10931 4
10932 9 9 9
10934 6
10936 0 2
10937 0 9
10938 0 0 0
10941 6
10943 0 9 6 9
10945 1 1 1
10946 3
10947 0
10949 2 0 0 9
10950 3
10952 3 3 1 2
10953 1
10955 0 0
10957 4 3 3 1
10959 9
10961 6 0 6 0 7
10962 0
10963 9
10965 2 4 4
10966 9
10967 4
10971 6 9
10972 2 2 9
10974 6 0 9
10976 6
10977 3
10978 3
10980 0 6
10981 6 9 6
10982 6
10983 1 3
10984 0
10985 0
10988 0 0
10989 7
10991 2
10992 6 4
10994 0 9 9
10996 2 0 0
10997 0
11001 9
11002 4 4 2
11003 2 0 2 0 7 2 0 2 9
11004 9
11006 9
11007 6 0
11009 7 2 0 0
11011 2 2
11012 0 2
11013 4 6 0
11014 2 1 2 3
11016 2
11017 0 4 4 6
11018 1 3
11019 7 6 6 9
11021 9 2 2 2
11022 0 0 7
11023 9
11024 0
11025 0
11026 3
11030 0
11031 9
11039 3 3 3
11042 0
11044 2
11048 6 2 0
11052 4 2 3 4 0 4
11053 6 0
11054 1 1
11055 3
11057 9 4 0 0
11058 0 2 0
11059 6 0 0
11060 4 4
11063 2
11064 3 9
11065 6 4 4
11066 7 7 4 0 4 2 4 8
11070 4 7
11071 7 4
11073 2
11074 6 6 9
11076 6 6 8 6 9 6 9 6 9
11078 4 9 6 6
11079 1 2
11080 2
11081 2
11084 1 2
11085 9 6 9 6 6
11088 0 2 4
11089 2
11090 6 0 6 2 0
11091 0
11092 7
11093 6 6 0
11094 9 6
11097 0
11100 0
11101 9 9 9 6
11102 9
11104 4 2 4 2 9
11105 6
11106 4
11107 1 2 4 1 3
11110 3 1 3 1
11113 1
11115 0
11119 0
11120 3
11121 1 3
11123 6 0
11124 2 2 2 0 2
11129 6 6
11131 1
11132 4 9 9 4 8
11133 0 9 0
11134 0 6 0 6
11135 3
11136 6 4
11137 9 2
11139 3 2
11140 0 0 6 0 0 6 4 0
11142 0 6 0
11146 4
11147 0 7 0
11149 6
11150 0
11151 9
11156 7 1
11157 2 0
11159 6 4 0
11160 7
11162 0 9 9 0
11163 1 3 3
11164 6 0 0
11165 6 6
11169 3 3 1
11170 6
11171 9
11172 1 3 3
11176 1
11178 3 3 1 2
11179 2
11180 6
11181 0
11184 1 1
11185 1
11186 0 4
11188 4
11190 9
11191 6 0 2
11193 1
