1 4
3 0 6
8196 9
5 4 0
8202 9 1
8204 1
8205 6
8206 0
17 0 0
18 4
19 0
20 0
8213 9 0
22 4
8215 1 1
24 4 2 6
4 0
8220 4 9 0
8223 7 6 0
34 0
35 1 1
36 1 4 3
38 6
8231 0 9
8232 7
41 3
42 9 0 7
8236 2 0 2
8237 9 0 0 4 0
8239 4 4
48 2
50 2 3
51 4
53 4
8246 0 9
56 0
10932 2
58 4
8252 2 6
61 2 2
8254 4
63 9
8256 0 0 9 0
8258 9 0
67 3 3 0 6
69 6
8265 2 3 1
74 9
8269 6 9
78 6 0
8271 6
8272 6
85 2
8279 4
90 0 0 0
8283 7 4 4
8284 0 4
8286 9
8287 0
97 4
8290 3
8292 3
103 6
8297 1
8299 0
109 1 2
111 9
8304 0 7 9 4
114 2
8307 1
8309 0
119 4 4
121 1
8314 2
124 0
126 0
127 0 1
8320 2
8324 6
8325 1 3
135 3
136 2
137 2
139 9
140 2
8335 2
144 0 2 2
710 2
146 2 4
148 0 0 9
8342 4 4 8 8
8344 6 2
156 4
158 6
159 4 0
160 6
161 2
164 4 4
8357 2
8359 4 1 7
168 1 9
8362 9
10951 2
172 2
174 2
176 7 6
8369 6
178 9
181 3
182 0
8376 0
186 0 0
8379 3
8380 4
190 1
191 6
193 0 4
196 2
8391 9 4 6
8393 9 9 9
202 9
8399 0 6
8400 9
2346 9
216 0
8409 1 2
8410 1
219 0
8414 4
223 0
224 9
225 0
8418 0
8419 0 0
8425 7 9
8426 2
235 1
237 6 0
8431 1
8432 3
243 1 3
8442 6
8444 0
253 0
8446 1
256 4
8450 0 9
8451 6
8452 4 4
8453 2
262 3
263 0 6
264 9
44 0
266 6 4 8 7
268 4 0 2
269 6 0
271 6 0
8465 7 7 7 2
8466 4
8467 2 2
8468 0
8469 1
280 0
8474 9 9
47 2
8477 4 4
287 0
288 4 9
289 4
291 0
292 2
8485 6
8486 9
297 8 8 8 8 8
2192 4
300 1 2
301 0
303 1 2 1 1
304 0
8497 0
8498 0
8499 9
309 1
310 9
8505 0 9 7
314 2
8507 1
317 2
320 0 2
8515 3 2
324 0 6
325 6 2
8519 2 4
8520 4 4 4
331 0
335 2
8529 0
338 6 4
339 2
340 0
8533 3
343 7
344 2
347 0
349 6
8542 0 2
8546 0
356 9
8549 4
8551 1
8554 4 6 0
365 0 0 0 0
8558 1 1 1
367 3
10984 6 0
8562 2 3 1
371 6
372 9 0
373 3
374 2
375 4
376 0
8569 1 1
378 4
8571 2
382 4 0
386 0
8580 0
8585 0 6
395 4
8590 6
399 1
8592 2
8593 1 4 8
8594 4
8595 0 0
8596 9 9 0 0
1433 9
415 9
8608 4
8610 6 0
8612 3
421 6
8616 0
8618 6 9 7 4 6
8619 1
8620 0
431 9
432 2
8629 9 9
439 6 0
442 1
8635 6
444 9
446 3
447 3
8640 0
449 9
8642 9
452 1
8647 0 9 0
8648 4 7 8
8650 7
459 4
8652 9
8653 0 0
8654 6
463 4
8662 4
472 2
473 4 0
8666 0
475 3
477 2 7
479 0
8672 0
8676 9 9
8679 0
8680 0 0
489 3
8682 2
492 0
495 1
8689 0 0
8691 2
500 2 0 0
502 0 8
507 2
509 0
8703 6
8704 2 0
513 6 4
8706 6 4
8707 4 0
517 0 2
8713 6 0 9
8718 3
8719 4
8720 0 9
8721 9 9 9 6
531 1 3 3
8725 9 9
534 0
11012 0
538 6 0
9647 6
8282 4 6 4
8736 0 0 2 9
545 0
547 6
549 9
8744 3
8745 6
8750 4 4
8751 0
8752 9 0
8753 6 6
8754 9
9566 0
565 0
566 2
8759 1 3 3 1 3 3
8763 4
572 4
8765 2 2
8768 3
577 0 0
578 7
8771 0
8772 2
8774 0 0
8775 1 1 3
584 9
2828 4 4 2 2 0
586 3
589 6 0 0 4
590 0
592 0
593 9
8789 0
601 9
8794 2 6 4
8795 4
8798 9
8799 7
8800 8
609 2 9
611 4 4
613 6
8808 8
9660 2
620 9
8814 6
626 6
8821 2
631 4
633 4
8826 7
8830 1
2837 9
8832 2 0 2
642 2
643 4 4 4
10387 8 9
645 3 3 1 3
8838 4
647 9
650 4
8843 0
8844 1 1
8848 6
658 0
10970 9
8853 0
8854 3
664 0
8857 0
668 2
8861 0
8863 1
112 3
8867 1 1
678 1
8871 2
687 0
689 9 0
692 2 9
693 9
694 0
696 1 1
699 2
8892 6 6
1482 6
705 3
707 0
8901 9 6 0
8902 1
8903 4
712 0
713 2
714 6
715 8
8909 4 8 4 4 8 8 8 0 0 2 9 4
8912 4 4
723 0 9 9
726 7
727 0
729 0
731 0
733 7 4
734 7
735 0 9 4 9
8928 9 0
737 7
8931 0
8932 9
744 0
745 0
8939 0 4 2 1
8941 9
8944 2 4
8945 0
754 0
756 2 4
759 0 4
762 9
764 2
8957 4
8964 6 7 4 4 8 4 8 4 2 8
8965 1 2 1 1
8966 3
776 0 0
8969 2 1
8971 8
786 0
787 0
8980 2
789 9 9 0
8983 1 3
795 6
798 1
799 6 9
800 6 0
8210 0
8995 9
8996 9 9
807 8 4
808 4
809 2 6
9002 9
814 2 3
9007 6 6
819 4 4
820 9 0
9013 9 0 7
9014 0 4 4
9015 6 0 9
9016 7 6
9017 3
9019 6
9023 0
9024 4 7 9 4 0 0 0 0
9026 6 0 0
9028 2 4 4 2 4
9030 2
9033 6 4 6
842 0
9035 9
9036 0 9 9
9037 3
846 8 8 8
9039 0 0 0
9040 2
851 0
853 6 0
9046 4
9050 7
9053 1
862 8 6
9055 6
9057 0
2875 9
868 2
869 2 9
9065 9
9066 0 9
8338 0
879 0
9072 0
9073 4 2
882 3
9076 4
885 6
886 8 8
887 9 0
894 0
895 4 4
9089 2
150 2
9094 0
9100 0
9102 9 4 0 7
912 6 4
9105 0
9106 0
916 1 1
919 4 4
576 2
922 1
9115 3
9117 3
927 4 4 6
9123 0
932 1
9126 6 6 4
9132 4 8 8 8 8
944 0
945 0
9139 6 9
950 2 6
9150 3 3
9156 0 2
966 9 0
8353 7
9160 1
11084 6
970 9 0 2
972 2 9 4
9165 0
11085 6
977 0
979 3 3 3 1 3
980 9
9174 4
9176 9 9
8356 1
9178 9
11087 2 2
9180 0
9181 9
9184 9
993 3
9188 0
9189 7
9190 8
9191 0
9192 6 0 7
167 3
9196 6
9197 0
9199 4
1009 9
9202 4 4 0
2899 0
9204 8 2 8 8
1013 0
1014 9
9207 2
1019 3
9219 0
1028 1
9223 0
1032 2
1033 3
9226 0
9228 6 4
1038 0
1039 3 3
9232 9 6
9233 3
1043 4
9236 1
9237 4 4 6 0
9238 9
9239 1 9 9
1049 4
1050 8 4 4
9243 0
1055 6
1057 0
1058 9
9254 3 3
1063 1
1065 3 2 1
1066 4 4 4 0
9259 2
1069 0
1070 9
11101 9 9
1073 9
9266 9 9 0
1076 4
1079 2
1080 9
1081 0
9285 0
1094 0
11105 0
9289 0 0
9291 9
9292 9 0 9
1103 2 2 3
9299 3
1109 1
1113 3 0
1114 3 3 3
9743 0 4
1116 2
1117 3 3 1 3
9310 9
11109 1
1126 0 9
1129 7
9322 0 4
9323 0
9325 0
1134 9 4
9327 0
9328 4 8
9329 0
9331 6
1140 9 0 2 0 9
1144 4
8383 2
9340 6
9341 0
9343 0
1152 4 6
9345 3 3 1
9347 4
1156 4
9349 9
1158 6
1161 0
1162 2 0 2
1164 1 2
1165 0
9359 6 6
1169 8 8 8 8 8 8 8
9362 4 0
9363 1 3 1 3
9364 9 6 9
9365 9
1174 4
9369 1 3 1
1178 4
9371 0
1185 9 9 9
9378 9
9379 2
1190 2 9 0
1191 2
1192 2
1195 3
1198 4
9391 4 4 4 8 8 8
1200 0
9395 0 6
9396 0
1207 2 2
1208 8 7
1210 0
9405 4 8 4 8 8
1214 9
9409 0 6 0 4
1218 2 6
1219 0 9
9413 0
1224 0 9 0 2
1225 1
1226 0
499 6
9423 9
1233 9
9426 0
9427 6 6 4 4 2
1237 7 9 0
9433 4
1244 7
9439 0
1248 0
9441 2 0
9448 0
1257 0
1258 7
1259 0
9452 6 0
1261 0
1266 1
9459 0
9460 9 2
1270 0 2
1271 3 1
9464 2
1273 8
1274 1
9467 4 4 2
1276 4
9471 9 6 0
9472 7
1281 7 3
1283 4
1284 9
9479 1
1288 0 9 9
1289 4 6 0
9484 9 0
1295 4
1296 2 2 3 0 7
1298 1
1301 9 0 6
9496 2
9497 0
1308 0 6
9501 3 1 3 1
9504 2
1314 0 0
9508 2
1317 2
9512 3 2 2 1
1324 1
1325 2 4
1327 1 3 1
9520 0
9525 1 9
1336 7 0
9529 3
9530 9
8415 4 3
9532 2 0
1342 3 1
9536 0
9538 1 1 1
1347 0
9540 4
9542 6
9546 3
9548 6 9
9549 0 2 2
1361 0
1364 3
11151 4
1372 6
9565 9
1374 2
9567 0
1378 9 9 4 6
1380 1
9573 0 0 2
9575 1
9576 9
1386 6 0
9581 1
1392 6 8 4
1394 2
1395 0 6 9
9590 1
1399 3
1400 1
1405 1 0
9599 9 9 0 0 0 0 2
9600 3
1410 0 0 0
9604 2
11158 3
1418 9
9611 6 4
1420 4 9
9613 6
1422 0 0 0 0
9616 6 2 4 4
9617 3
1603 6
1429 6
9622 9
9623 9 0
9625 0
1434 6 0
9627 1
9628 4
9630 1
9631 0
9632 6
1441 1 3
1448 1
9643 6 9
9645 4 0 0
11165 2
1457 9
9650 1 1
1460 0
1463 0
1464 6
9658 9
1468 9 9 9
1470 6 2
9663 2
1472 2
9665 7
9670 0
1479 9
9673 9
9674 2
1483 4 8 4
1491 3 1
1494 0 6
9687 1 1 2 1
1496 0
11172 3
9693 0
11173 4
9698 0
1507 4
1511 0
1513 9
9712 0
9713 6 9
9715 2
1529 2 6 6
9722 6 6
1533 0
9726 4
9813 0
9728 4 4 4 4 4 0 4
9729 2
11179 0
9732 2
9734 0 6
1544 2
1545 2
1546 6 4
1548 2 9 2
1550 9
1551 1
259 0 0
1625 0 0
9752 4
1564 4
9757 7
261 6 4
1572 4 2
1573 6 0 6
1574 6
9767 3
9768 4
1577 9 0
1578 8 0
8455 4
9772 9 6 0
1586 4 6
1588 0
9781 7
9782 9 9
1592 4 7 0
9785 0
9787 0
1596 4
1597 4 6
9792 9
9794 6
9795 6 9
1604 9
1605 0 6 4 0
9798 2 0
1607 3 3 1 1
9801 1 4
9803 3 3 1 1
1614 0
9807 7
1617 0
1618 1
1620 9
1621 4
9816 4
9817 0 7
1626 6
1629 0
1630 6
9823 4 9
327 0
9827 4
9830 0
1638 2 0
1639 0
1641 9
1642 0
9835 4
9836 9
1645 4
1651 0
9845 2
9846 0
9847 9
1657 2
9850 9
9851 0
9854 4 0 0
9856 3 1
9857 0 4 6 0 6
1667 0 7 2
1669 0
9863 4
1673 3
1677 9
9873 0 7
1682 1
1685 0 9 9 9 9 9 6
1686 3 1 3 3 1 1
1687 9 0 0
1688 0 4 0 9
9881 9 6
1690 1
1691 2 1 1 1 1 1 3 1 1
1692 8
282 0
9887 0 0
1696 0 6
1697 0 2
1700 6
9894 0
9895 0
1704 0 0 0
9900 4 8 4
1710 0
1712 1 3 3
9905 2
1715 2
1717 0 2 6 0
1719 9 9
9912 8
9913 1
9914 0 9 9 9
8479 1
1724 7 0 0
1725 2 0
9919 4
1730 1
1735 7
9928 0
1737 2 7
1738 4
1740 1
9936 4 4
1746 0 4 0
9939 2
1748 0
9941 0
9943 3 1 1
9944 0
1756 4 4 4
1757 0 0 2
1759 9
1761 0
9955 9
9957 6
1767 7
1768 9 0 0
9962 4
9965 0
9966 0 0
1775 2
1776 0
1777 6
1779 6 0
1780 3
9973 7 6 7
1786 6 7 7 7
1788 6 9
1789 9 9
1790 0 6
1791 6
1792 0
9985 0
1794 6 4
1799 2 3
1800 6 6 6
9993 1 1 3
9996 3 4
9997 6
1809 0
1810 6 4
10005 0 9
1817 4
10010 2
1820 4 6 7
10014 0 9 7
9861 2
8496 4 4
1826 2 9
1830 0
10023 1 1
1832 0
1835 0
10028 0 0 0
10032 1
1841 0
1843 3 3
10037 2 2 2
1846 3 3
1848 9
10046 4
1855 1 1
10048 2
10053 4
1865 4 9 2
10058 4
62 6 9 0
10061 1 8 4 8
1870 9 0
9869 2 4
1872 2
10068 6
10069 0
313 2
10072 0
10075 0 0
1886 0 0
10080 0
10082 8 8 8
1891 2
1896 0 2 0 0 6 2 0
1899 6
10092 2
10094 1 1 1 1 2
10095 6
1904 0 0
10098 4 4 0
10099 3 1
10100 0 0 2 7
10101 0 0
10103 9
1918 8 8 8 8 4 4
10113 7 6 6
10117 3
10118 9 6
10119 1
1930 0
10124 0 4
10125 4
1934 9 9 0
1936 4
1940 3 2 1
1943 3 3 1
10136 6 2
1945 6
10139 3 3 3 1 3
9882 2 0
1950 6
8517 1
1954 7
10147 3
10148 2 0 2
10150 0
1961 2
10154 4
10155 4
1964 3 3 1
10158 3
1970 0
1971 6
1977 0
1979 9
1981 6
10181 3
1992 9
1997 2 2 2 9 9
10190 9
10192 0
2001 9
2003 2
10196 0 0 0 4 3
2007 4
2008 1 1
9892 6 9 9
10204 0
10205 1
10207 1
10208 9
2017 2
10500 6 4 9
10214 6
10215 9 6
2026 3
2028 6
10221 6 9
2030 4
10223 0
10224 2 0 2
2037 2
10230 0
10231 6 9 0
2041 0 0
10234 0 4
10237 3
10239 4 4
10240 0
2049 1 4
2050 2 1
10244 9
2053 0
10246 9
2056 0
10255 9 9 0
10256 2
10257 9
2066 6 0 0 0
9902 7
2072 3
2076 2
10270 3 3
2082 7
10275 0
2086 2
2089 9
2094 2
8541 1 2
10288 4 9 4 0 4 4
2098 1 3
2100 9
10293 9
2102 2 1 8 8 2
2103 0 0
10300 4
2111 4
2112 9 9 9
10310 0
2119 2
2121 9
2123 9 6
10316 4
2125 2
10318 9
2129 6 0
10325 0 9 6 9 6
2135 2
8548 6 6
2138 6 6 9
2141 4 0 1
357 4
2144 4 0 2
2145 7
10338 6
10340 1
10341 9
10343 2 0
8255 0
2155 9 2
2156 0
2157 1 6
10351 7
2160 9 6
7187 2
2164 8 4
2165 6 9
2166 0
2168 0
10361 9
10362 0
1727 9
10364 4
2173 7
2174 9
2175 0
2176 0 1
10372 9
10373 1
2182 2 8
10377 9
2188 8 8 4 2
10381 0 0 0 0
2190 1
10384 0
10385 2
2195 9
73 3
2200 3 3
8559 2
2205 6
10399 0
10400 1 3
10401 2 7
2210 4 4
10403 6 4 4 8
2213 0
2214 6
2215 2
2219 9 0
10413 4
2224 1
10417 0
2226 7 4
8803 1
10420 4
2229 0 6
2230 9
10423 6
10424 3
2233 2
2234 0
7199 1
2236 9
2239 0 2
2240 1 3 2
2241 0
2242 2
10435 9
10439 7
10440 2
2252 9
2258 7
2259 1
10453 9 9
10454 3 4
10459 4 1 9
8570 4
10462 0
10464 4
8259 6
4475 0
10474 2 3
10475 6
2284 9 0
10478 6
2287 9 0
2290 9 9 6 0
8574 1
10486 0 6
2296 8
10491 6 4 6
10493 9
10495 6 9 9
2304 4
10499 6
2308 6
2309 0 6 0 0
2313 6 9
2316 2
8578 3 1
10511 0
2321 8
10515 8 8 8 4
10516 6 4 0 7 9
10518 0 6 9
10520 2
10521 8 8
10524 2 0
10526 3
10528 3 3 1
10535 4
10536 7
10537 4 8 6
10538 4
2349 3 3 3 3 3 1 3
2350 0
10543 0 9
10544 6
10546 4 8 6
10548 4
2357 2
10550 0
10551 3 2 3 4 4
2370 2 1 1
10565 6 6 0 9 7
2377 3
2378 9
10571 0 9 9
2383 0
2384 0 2 4
10577 9
2386 4 2
10579 6
10580 6
10581 0
2393 0
10586 2
10587 9 0
2399 1
10592 0
10593 3
10594 0
10597 2
401 6
10600 7 6
9959 0
2412 6
2413 0 9
2415 4 6 0
2416 6
2417 6
10610 6 0
2419 2 2 3
2423 4
10616 3
404 0 9
10618 6
2428 3
2430 3 1
2432 9
2433 0
10630 2 0
2440 3
2441 0
2442 4
10635 0 8
354 8 6 4 6 4
2449 0
10643 6 8 4
10720 4
2456 0
10649 0
2462 6 2
2465 9 9 9
10658 0 9 0
2467 6 0
2468 4
2469 0
2471 0
2472 9
10665 4 0
10666 2 0
10668 0 0
10669 6
2480 0 0
2481 0
10675 7
2484 0
10678 9
10680 0
10684 9
10685 2 0 2 3
2494 9
10688 2
2501 1
10695 9
10696 0 6
10697 4 4
2509 9
10705 1
10706 9
10708 0 0
10709 0 0 9 0 7
2518 0 0
10711 4
2521 6 2
10716 7
10719 2
2528 6 6 6 2 0
2530 8 8 8
10723 4
10724 9 9
2534 8 8 8 8 8 4 8 8 8 8
2535 0
2536 4 0
10729 0
10732 9
10733 4 6 8
2543 7
2544 1
10737 7 8 2 2 2
10740 1
9982 0 0
2550 2 7 4 3
2553 3
10746 4
2560 2
2561 3 3 1
10754 9
427 2
10756 0 9
10757 0
10759 0
2570 2 3
2571 1
2572 4 4
10767 3 2
10768 6
2579 9 2
2580 0
2584 4
10777 0
2591 0 0
10788 9
10794 6 0
2603 1
10797 7
10798 6 0
10799 0
10800 3
10801 4
10802 1 3
10803 4 2
10804 0
2613 9 6
2614 3
2615 3
2619 4
10813 9
10815 2
2624 3
10817 2 4
10818 9 9
2628 7 2
10822 9 9
10827 0
2636 9
10830 0
10831 0
2270 2 2
2641 9
2643 2 2 4
2644 2
10839 9
10840 4
10844 4
2654 9 9
2657 6
10853 0
2662 3 0
10001 3
2670 4 2 7
10864 2
2673 6 6
2674 2 3
2682 9 6
10878 2
2687 0
2690 4 6
10883 9
2693 8 8 8 4
2694 7
10887 9
10890 0 0
2699 9
2700 2
2702 0 4
10896 0
10897 8 2
2706 9
10900 2 0
2712 9 0 9
2719 0
10915 2 4
2725 4 6 0 0
10920 7
10012 1 1 1
10924 9 7
2733 7 2
2734 4 6
10929 6
2739 2
2740 9
10934 0
10935 4
10937 2 0
10938 9
10015 7
10940 7 0
458 4
2750 0
10945 3 1
10947 4
2758 4 6
2759 2 3
2761 4 2 0
10954 0
10957 1 1 2 3 3
2766 4
2767 6 0 0
10962 6
2771 4 4 8 8
2772 0
2775 2
2778 2 2 2
2780 0
10976 6
2787 2
10981 0
10982 6
2791 3
2792 0 2 7
10985 0 9
10988 2 9
2797 9 6
2798 2
2799 0 9
10992 6 0
10993 2
2803 0
10997 4 0
11000 6
11001 0
2811 2
11004 6 0
2813 3 1
11007 0
11005 2 7 2 4
2820 3 3
11015 2 4 4
2824 4 0 0
2825 9
11018 3 3 1 3 3
11019 0
11020 9
2829 6
11024 4 7 6
2834 9
11029 2
11030 6
2839 9
11036 0 6
474 3
2846 0 2 0
2848 0
11041 8 8
11042 1 1
2851 3
2852 1
2853 7
2854 0
11049 0 4
11052 2 0
11053 4
11054 1 1
2863 1
11056 0 6
2866 0
11059 6
2868 4
2869 4
11064 9 0
2874 0
11067 0
11071 0
2881 8 8 8
11074 6 0 0
11075 4
11076 0 6 9
2887 3 3
2889 1
10189 6
2891 1 3
2892 0
2893 4
2895 0
11091 0
2902 4 4
2907 2
11100 2 0
2909 0
11104 4 6 4 3 3 6
9917 7
11107 1 3 7 1 2 4 2 1 1 1 4 3
2917 1
11112 1
2921 4
11114 4 0
2925 7
488 2 7
2935 3 1 1
2936 1
2941 9 9
11134 6 6 8 2
2943 2
11136 6 8
11138 7 1
2948 1
2950 6
2951 0
11144 9
11147 4
2956 6 0
11149 4 0
2958 1
2959 4
11156 1
2966 1 2 1 3
11159 0 0 2
11160 0
11162 9 0
2972 9
2973 4 0
2975 0
11169 3 3
11171 9
2980 1 3 2 1 3
2981 8 4 0 2 0 8 0
2982 6 9
497 0 9 6 9
2985 9
2986 2
2987 8 8 8
11180 9
11181 0
3229 0 0
11185 1
2995 7 1 9 0
11189 1
2998 9
11192 2 7
3004 0
3005 4
3009 9
3010 0
10059 2
3013 1
3017 2 6 4 8
3024 0
3034 8 8
3039 1
3040 0
3047 2 0
3048 1 1
3056 8 8 8 8 8 8 8
3058 0
3060 9
3061 7
3063 6 6
3064 0 2
3069 0 9
3082 0
3084 1
3085 0
3087 9
3091 3
3092 0 4
3096 2
3099 2
3102 9
3104 9
3108 0 6
3110 0 0
3112 9 0 0 9
3114 9
3117 0 6 6 6 6 6
3118 9
3123 6
3125 3 3
3129 6 6
3130 3 2 3
3131 2
3134 9
3135 8
3139 4 0
3140 9
3143 2
1890 4 4
526 2
3161 6
3162 3
3165 1
3169 4 0 4
3170 2 4 4
3172 2 6 0
3174 6
11017 0 0
3181 0
3184 6
10088 4
8723 9
3191 0
3193 2 1
3194 1
3197 0 9 9 9
3199 2 0
10745 7
3205 9
5017 9
3217 2 2
3218 4
3219 2
3224 9 0 6
3226 6
3228 9 9
8730 9 9 9 0
3240 3 3
3245 0 7
8733 0
3252 4
3259 9
3262 2
1909 8
3276 2
3277 1
3281 8 8
3283 0 2
3288 1 1
3289 9
3293 0 4
8741 2 1
3301 6
3305 0
3308 0
3309 7
2838 4
3316 0
3319 1
3321 0 0
3323 2
3327 0
3328 0 0 9
3333 3
3337 9
3346 4 4 8
3348 3
3350 6 6
3352 2 2
3354 6 0
3359 8 8 9
3362 0 4
3364 0
3366 9 7
3367 0
3369 4
3371 4 0 6 4 6
3372 8
3383 4
3385 9
3386 9
3295 0
3388 2
3392 2
8842 3
3400 9
3403 9
6029 9
3408 2 2
3409 4 0 4
3419 0 0
3420 6
3421 2
3422 7
3425 1 4
3426 4
3427 1
3430 1
3433 9 0
3434 4 4
3436 3 1
3438 0 9 0 9
3439 2
3440 0
3441 6 3
3444 0
9662 0 6 4
3448 2
3452 9 9
3455 9
3457 9 0
3460 0
388 3
8370 2
3470 9 0 0 0
579 9 9 9
3477 0
3479 6
3487 9
3502 3
10141 0
10755 9
3506 0
10142 9 4 9
2299 9
3512 0 0 0
3514 0 6 6
3515 4
3520 6 7
3529 2 3
3532 0
8781 0 2
3536 0 0 6
3538 6
3543 6
3544 3 3 2
1956 0 3
3550 9
3556 1 7
3561 9
3564 9
3571 2
3574 2
3577 9 9
597 0
3584 3
3588 4
3589 0 0 2 2
3593 6 6
3594 0 0 9
3605 2
3607 6
3611 3 1 2
3615 0
393 4
3617 7 3 4 4
3618 0
603 2
3620 0 6 9
3624 2
3627 6
3635 2
3638 6
3641 3
3642 9 9
3644 3 3
3649 1 1 3 0
3650 0 0
3652 6 0 0
3656 0
3667 4
6073 1
3677 9
3685 4 4 3 8 8 8 8
3688 0
3693 3
3696 0
3704 6
3708 0 4
3712 2 0
3716 6
3720 4 4 2
3724 4
3726 6 0
3727 2
3731 6 0
3733 4
3734 9 9
3736 1 3 1
3739 0
3741 1 3
3742 9
1989 2
3751 6
3755 3
3763 2
3764 0
3771 1
10764 0
3775 4 1 9
3776 9 4
3789 0 9
3790 0 4
3791 0
3792 9
3795 4 2 4 4
1998 0
3798 0
3803 0
3804 9 9
3808 6
3809 4
3811 0
3816 2
8536 6
3821 6
3822 3
10195 0 6
3828 3 1
3830 0 6 0 4
3831 0 9
3832 0
8831 9
3837 0 1
3838 4 4
3840 0
3842 6 9
3844 8 8 7 4 6 2
3846 0
3847 0 9
3855 4 4 4
3861 9
3864 4 4 4 6
3869 2 2
3871 0 0
3885 4
3886 1
3887 4 6 6
3888 8
3891 2
8313 2 2 2 2 2
3901 2
3903 2
3906 1 3
2585 6
3913 0
3914 7
3918 4
3920 3
3923 6
3925 6
3928 1
3929 4
3930 0
3942 6
3943 6 0
3944 1 3
3947 0
3949 4
3951 0
3952 8
3954 9
3955 1 1
3957 9
3962 4 9
10218 4
3966 6
3967 3
3968 4 9
3970 2 4
662 3
3974 2
3981 4
3985 9 0
3996 2
3997 0
3998 0
3999 0 0
133 2 6 0 9
4005 6
4007 6
4026 0 9
4030 6 7
4034 2 4
4036 9 9 7 0
4038 1
4039 2 2
4040 2 6
4041 0
4042 1 0
2039 1
4047 8
4048 9
4049 4
675 6
4053 4
4059 9
4065 6 0
4066 0
10501 6
2045 2
4083 0 2 2
4085 4
4086 6 9
4087 1 2 1
4089 1
4091 9
4094 1 1 3 3
4095 1
4097 2
4100 0
4101 0 0 0
4106 1
7229 1 2 2
4117 0 9
4120 9 0
4122 0
4125 0 4 7
4127 0
4128 2
4129 0
4132 0
4133 4 8
4139 4
4140 2
4141 3
4144 8 8 8 8
4145 0 6
4147 4 8
4151 2
4173 4
4174 2
4177 4 8
4182 2 3
4186 9
4191 6 4
4198 0 6
4201 3
4204 9
4206 0
4212 0
4213 8 8 8 4
4220 9
4221 9 4
4222 4
10261 6
4225 6 1 2
4227 1
4231 6
4235 0
4239 0
4246 2 0
4253 9 2 6
4256 0
4261 9
2324 0
4265 9
4266 9
4270 7
4271 3 1
4272 3
1506 0 0
4275 2 2
4277 0 6
4279 9 9
4281 2 1
4282 2
4284 8 2 0 0 8 0 0 4 2 2 8
4288 1 9 6 6
4290 0
4291 9 9
4297 9
4298 0 9
3447 3
4302 4 4 4 4 4 4 4
4310 6 4
4317 9
11055 7
4322 2
4327 3
4332 4
4336 7
4345 9
4347 0
4349 2
4351 9
4353 2
4356 0 0
4360 0
4361 4
4363 6 9
4364 2
4367 9
4374 4 4 8 2 0
4378 4 0
4379 0 9
4385 0
4394 3
4400 4 6
4401 3
4402 9
4405 0
4411 1
4418 1 1 3 1 1
4419 6
4421 6
8929 0 4 2 0 6
10295 7 0 2
4431 2
4432 6
4434 2
4436 8 8
4439 6 9
740 0
4443 0 6 2
4447 0
4449 0
4450 0
4452 3
4454 0
4457 9 0 9
4459 4
4461 2
4462 9
8936 4 0 6 4 0 7 6 6 6 0
4467 0
4470 9
4474 9 0
10303 2 0
747 4
4485 1
4487 4 8 1 8
4490 3
4491 3
4497 0 6
4499 0 0
11061 4 9
4503 4
4506 1
4507 2 0
4515 8 8 8 4
753 9
4520 6 6
10311 0 9
4526 7 0 9
4529 0 9
4530 0
4534 9 6
4535 4 0
4536 0 2
4537 1
4545 0
4548 4
4549 9 0
4554 4
4559 6 0
4571 6
4574 9
4575 0
4580 0
4581 7 2
4582 1 1
4585 0 2
4587 9
4590 4
4592 2 0
4593 0
4596 0
4598 0
4600 9
4601 4 0 4 6 4
4602 9
4603 0 7
4607 9
4610 0
4612 7
4613 4 0
4614 3
4620 4
4629 6
2137 2
4635 0 8
4637 2 4
4641 0 6 0 0
4648 9 6
4654 0
8968 0
4662 0 4
4663 4
4666 6
4672 0
4674 2
5923 0
4676 9 2
4680 4 4
4691 2 0
4693 2
4696 9
4700 3
2149 9
4705 9
4708 1 1
7249 9 9 0 0 9 2
8613 9
4716 9 9
4721 0
8979 1
4727 9
4728 2
4731 9
4735 6
4737 0
4742 3
10348 2
4746 0 4
4748 9 8 4 6
4752 2 4 4
4755 4
4759 3 1 3
4760 1 2 2
4775 9
4780 1
4781 3 1
4782 1
4784 1
4785 0
10355 1
4791 1
4792 2
4793 6 0 2 1
4794 6
4804 0
4805 0
4809 7
4814 2 2 2 4 2 2 2 4 4 4
4816 0 2
4819 2
4822 2
4823 2
4824 4 0
4825 0 7
4826 1
4827 0
4837 9 2 2
4840 2
4850 0
4852 6
4853 0 0
4859 9
810 1
4864 4
4867 4 2
4868 1
4878 0
4883 0
4886 2
4888 4
4889 1 1 3 2
4892 0
2181 0
4899 9
4900 6 6 6 6 6
4903 0
4904 0
4908 6
4910 1
4912 7
4913 6
4914 4 4
4919 9
4923 9
821 6
4930 0
4938 9 9 9 9
4944 6
824 6
4946 0
7651 1 0
10382 1
4950 0
4956 0
4961 3 1
4962 2
4963 9
4965 9
4972 9 7
4973 4
4979 0
4982 1
7657 2
4986 9 7 9 9
831 1
4988 0 9 0 9 0
4990 1 3
832 2
4995 9 2 2 0
4998 4
5000 0
5004 4
834 7
5006 3
5011 9
836 1
5018 3
5020 0 2
5026 1
5032 8
5035 0 9
10397 2 9 0
5040 1 2 1 1
5048 4 6 0 0
5050 7
2207 6
5053 4
5054 2
843 1 1
10402 9
5071 0
5073 9 7
5074 1
5083 6
5091 3
10406 7 6
5100 0
5102 1
5110 9 0
5114 4 4
5117 8 2 0
5126 0 2 0
5127 3
5129 3 1
5139 2
5144 1 3
5146 4 2
5148 1
5149 6
5150 3
5152 9
5153 1
5154 2
5159 6
5166 0
5176 0 0
5178 0
5180 0 0
5182 9
10421 1
5186 9
5188 2
10422 7
5190 0
5198 8 9
5200 0
2232 2
5202 1 1
5204 1 2
10425 9
5208 9
5210 6 6
5211 0 0
5213 2
9061 1
5217 2
5219 3
5221 0 0
5225 2 0 0 0 0 4
5234 4
5236 4
5241 1
5242 9
5249 6 9 9
5253 9 4
5262 7
5266 9
5267 9
5272 0
880 1 3 3 3 3
5284 0
5286 0 0
5287 3 3 3 1
5291 3
5294 0 0
5295 9 0
5298 4 4
5299 1 0
5304 9
8360 0
5308 6 6
5311 9
5313 0
5317 4
5319 8 2 3 4 8 8 8
5325 6
5329 2 2
5330 1
3619 9
5332 4 6
5333 4
5334 3 1
5339 0
4987 4 0
5350 3
5356 3
5360 0
5363 0
5364 2
9086 2
5366 3 3 3
5368 0 0 2
5370 4 9 3
5376 2
5380 2
2262 3 3
5384 9 0 9 0 2 2 7
5386 4
5401 7
5403 3 1
5404 3
5405 6
5408 1
5410 7
5413 3
5417 3
5419 9
5421 4 4
5423 1 4 0
5425 0
5426 9 0 9 6 0 2
5429 7
5432 3 1
5434 4 8
5437 9
5441 3 3
5442 4 8 8
5443 0
5448 4
4273 2 0
5450 4
5464 4 4
5469 9 6
5472 2
5474 2
5479 6 0 0 2 4
5480 4
5486 9 4
5487 9 6
5489 2
5491 9 6
5494 0 6
5496 0 0 0
5498 0 6
5499 9 7 6
5500 9
5502 0
5505 3
5506 4
5507 0
5513 1 1
5515 0 4 0 4
5523 2 2
5526 2
5527 3 3 1 1
5529 9
5532 0
5534 4 0
5537 0
5544 0 9
5546 6 4 8 8
5548 0
5551 2
5553 0 0
5556 2
5558 9
5561 3 1 2
5563 6
5564 0
5571 0
5578 2 1
5581 0
5591 6 2
9124 8 8 8 8
5599 0
5603 0
934 9
5606 0
5607 3
5613 2
5614 2 4
5617 0
5620 7
5623 3 1
5630 9
5634 4
5635 4
1565 3
5650 2
5653 9
5657 0
5039 6
1825 7
5663 0 4
9136 6
5667 4
9736 0
5682 0 0 0
5684 1 4
5685 7 7
5687 0
5689 0
5691 0
5694 0
5697 9 6
5698 2
5702 9 9
5704 7 2
5706 7 0 2
5711 3
5716 0
5717 4
5718 1
5728 6
5729 2 6
5730 3 3 3 1 1
5734 4
5735 9
5738 0 0 4
5741 2
5746 6
5748 8 8 4 2 1 4
5749 4
5753 0 0 9
5760 2 3
5761 0
5765 1
5766 6 4 6
5768 4
5775 7
5780 4
5788 3 1 3 3 3
5789 6 6
5790 4 4 0
5792 9 6 6
5799 6
5802 9 0 2 2 2 0
5803 3
5804 4
5809 1 1 3
5810 0 6 0 9 2 6
5822 8 4 2 2 7 8
5824 3
5826 9 9 9
5830 6 6 4 8 8
5831 4
5832 6 0 4 7 0 6
5837 4
5838 3 3 1 1
5840 9 7 4
5849 1
5852 4
5857 0
8726 1
5866 0 1 1
5877 0
5878 0
5882 2
5883 2 1
5885 2
39 6
5890 0
5902 0 6
5904 2 4
5905 1 1 1
5911 0
10017 9 0
5918 6
5920 0
987 6 6 6
1793 2
5925 1
5928 2
988 0
5931 6 0
5932 0
5934 9 9 6
5937 7
5938 6
5941 9
5945 4 8 8
10549 1 1 1 1
5954 4 7 2 7
5956 0
5959 6
5960 0 9
5963 9 0 0
5964 4
5976 1
5977 3
199 0 0 4
5984 0
5986 7 7
5989 0 6 6
5990 3
5992 6 6 4 6 6
5999 2
6006 0 0
6007 0
6012 9 9
6013 3 1
6016 0
6020 0 0
6021 0 0 0
6025 6
6026 6 9
6027 3 3 3
10562 1
6030 4 6
6044 6
6047 9
6053 6
6059 9
6065 0 9 0 0
6069 1 3 0 3
1012 0
6074 2 2
6081 2 0
6083 6
6088 2
6091 1 1
6098 7
6099 7
6100 9 9
6103 0 9
6104 4
6107 7
6110 2
10576 0 0
6114 9
9211 9
6117 1
6122 4 4
6127 9
6129 4 8
6132 4 6 4 9
6135 9
6138 0 6 0 7 0 0
6139 3
6149 9 0
6150 2 9 9
6153 2 2 4
6155 6 9
6156 2
6158 4
6166 2 9
6167 4 8
10461 0
6171 9 6
6172 2 8 1
6173 0
2395 2
6183 4 0
6188 0 0 0 0
6194 6 7 0 0 4 0
6195 0 0
6201 2
2400 7
6210 2
2401 0
10027 7 6 0 6
6218 0
6219 7 6
6224 6 0 0 0
6226 4 4
6232 3
6237 9
6241 2
6246 2 4 6
1041 0
6248 9
6251 4 4 4
2408 4 4 9
6259 1 3
6264 6
6269 2
6273 6 6 6
2411 0
6284 0
6286 0
6290 9
6291 2
6296 4 6
9971 1 3
11121 3
6304 9
6306 4 4 4
6309 6
6312 9
6313 7 0
6320 1
6327 8 8 8
6329 0
8667 6
6337 3 1 3 3 3 1 1 2
6348 9
6354 0 0
10617 7
6362 0
6363 0
6364 9
6370 8 2
6372 9 0
6378 9
6382 9
6383 9 4 4
6392 3 1
3797 9 9
6400 9
6402 4
6404 9
6405 2
10625 2
6411 6
6415 0
6417 4
6421 9 2
6422 0 2
6424 2
6434 2
2438 0 1 4
6439 2
6443 4 0 6 6 6 4
6444 0
6446 0
6448 3
6449 0
8671 9
6456 3
6457 0 9 4 0 0
6459 1
6462 6 1 1
6465 1 1
6468 9
6470 0
6472 3
9271 4 4 4 4 4
6476 4 4
6479 2
6481 0
6483 2
6484 0 9
6488 2 4 6 4 7
6492 0
6493 3
6495 6 2 1 4
2944 0
6502 0 2
6503 2 3
6511 9
6512 3 3
6514 3
6516 2 2 1
6518 6
6522 4 4
6524 0
6525 9
6526 6
6527 9
6529 6 9
6533 0
6536 4 4 6
6540 2 9
6541 3
6543 6 6
10648 7 0 0
6551 4
6552 9
6560 3
9287 9 0 8
6576 1
6579 0
1097 6
6586 6 2
6587 3
6595 9
6598 1
6601 9 9
6606 2
6611 4 0
6612 2
6615 9
6638 4
6640 3
6642 9 0
1107 2
6646 2
6647 0
6649 4
6657 7 8
6660 9 0 9
6665 9
6667 9 0
6679 3 3
6680 2
6681 4
2663 9
6694 0
6696 7
6700 4 2 4
6705 1
6707 6 6
6709 2 9 2 2 2
6710 6
6711 3 3
6719 0
6720 1
9771 8 6
11135 3 3
6725 6
6726 8 6
6730 1
6732 3
6735 6
2562 2 0
7950 6
6742 0
6744 4
6746 3
6748 9
6758 0
6759 4
6768 7
10686 3
6780 0 6
6783 1
6787 2
6788 0
6790 9
6792 0 0
6794 0
6795 7
6799 9 9
6800 3
6802 7 6 7 0 7 0
6804 0
6805 2
6806 4
6808 9
6818 8 4 4 6
1137 4 4 8 4 4
6829 2
6831 9 9 9 0
6832 4 0
6833 0 0
1139 9
6836 0
10866 0
6839 9
369 3
6849 1
6851 9
6852 6
6854 6 8
6856 2 2 2
6857 2
6867 4 4 2
6869 3 3 3
6871 4
6873 3
6878 2 0 0
6880 6
6881 6 7
6887 0 0
6895 9 0 2
6896 6 9
6898 1 1 1 9
6899 0
6902 1
6904 0
6905 4
6906 0
6907 0
6908 8 8 8 8 8 8
6917 0 2 0 0
6918 9 9 0
6919 0
6921 6
6922 0
6923 0
6925 0
6928 4 0 2 4
10713 1
6936 4
6938 2 1
6941 4 4 3 1
6942 4 0
6944 0
6946 1 8 4
6947 0
6950 3
6961 4
6963 6 0
6968 4 8 4 4 4 4
6970 0
4051 9
6975 9
6977 0
6983 6
6984 4 4 0 0
6989 2
6992 6
6996 2 7
6997 0 0
6999 7
7007 3
7012 2
10726 9
7020 2 3
7023 0 0
7025 2
7027 0
7030 2
7033 9
7037 1
7041 0 7 7
7053 0
7055 4
7059 2
7060 2
10735 0
7074 1
7077 1 2 6
2545 3
7083 9 6 9
7086 9
7089 8 1
7090 0
7091 1
7093 9
7095 7 4 4 4 4
7103 6
7105 3 1
7113 2 0
7116 4
7117 0
7118 7
7119 2
7122 4
7125 1
7127 6 2
7134 1
7136 3 3
7140 0
7143 1
7152 2
9384 4
7154 6 9
7155 4 0 2
7159 0 0
7160 4
7161 4 8 8
7166 9
7169 3 3 3 1
9387 2
7174 2
7178 6 6 0
7180 2 2 2 6
7181 4
7185 0 6
7186 0 0 2 0 0 2
2563 0 0
7194 0 3
2565 6 2 7
7206 2 4
7207 7
7210 4
7219 6
1861 0
7224 0
1204 9
10762 4 2
7237 0 0 0
7239 0
7241 6
9399 7
7245 0
9400 9
7251 4
7254 0
2575 9
7264 4
2576 7
7266 2
7271 0
7275 6
7276 0
7282 0 1
10771 9 0
7288 2
7292 3 1
7294 2
7295 3 1
7307 2 0
7312 2 7 9 9 4
7314 8 4
7316 6
7319 4
7322 9
7329 0 3 0
7336 6
7345 0
7346 2 1 3
7348 6
7349 3
7352 9
7359 0 1 6
7360 0
7365 0
1609 2
7367 0 0
7368 0 2
7369 2
7371 8 4
7372 3 1
7377 0
7383 1
7384 0
7391 6 6 6 6
7393 9
7398 2 2 0
9425 4 6
7410 0
7416 0 0
7417 6
7419 3 1 3
7421 0 9 0
7423 1 3
7424 0 4
7427 9
7431 6 6 0 6
7434 1 1 1
7435 8
7438 0
7441 7
2606 0 0 2 0 2 4
7449 9
7450 0
7459 6 6
7462 4 2 3 2
7464 4 4
9436 6
7472 1
7474 4
7481 7
7484 0
7485 0 8 9 4 9
7490 1
7491 0 9
10806 9
7508 2
7510 3 0
7516 1 1 1 3
7518 4
7519 0
7520 8 4 7
7529 7 0 0
7530 1
7531 0
7532 6 0
7533 4
7534 7 9
7546 3
7547 6 0 2
7550 2 2
7551 7
7556 9
7558 1
7560 4 2
9799 4 4 4
7565 1
7571 8 8
7581 1
7582 6 0
7584 9
7590 9
7592 0
7593 6
7595 9
7596 7 2
7598 4
7599 2
7603 4 8 4 2
7604 3
7608 0 9
7612 0
7614 9
7615 3 3
4000 9 0 0
7618 4
5982 2
7624 1 4
7625 8 4 4
7626 2
7627 0 0
7629 9
7630 2
7634 0 0
7636 0
7638 2
7640 4
7641 1
7642 7
7648 9
1275 6 4 8 8 4 8 8 8
7653 6 0
7654 6
7656 0 0
9468 0
7664 9 4 8 8 4 4 4 4 8 8 8
10835 2
7671 1 1
10836 0 0 0 2
7674 2
7687 2 9
7691 6 0
7693 4 4
7694 4 9
7695 8 0
7697 4 8 4
7700 2
7702 7 9
7705 2
7706 8 4 8 8 8 4 4
7708 2 4
7723 4 0
7725 1
7727 2
7728 4
7743 0
10849 7 2
7764 0 1 1
9487 0
7772 0
7779 9
7785 6 8 6 0 0
10855 1
9490 2
7795 4 0
7798 2 1
7800 0
7803 2
7806 9 0
7808 0
7810 4
7818 9 9
7820 2
1305 6
7833 3
7835 1
7842 9 9
7844 0
7848 1
7853 0 9 9
7856 0 0
7858 0
7859 0
7860 6
7863 6
7867 9 4 4
7871 2
7872 9
8139 1
7876 4 2
7880 4
7887 9
7890 6
7891 4 0 0
7892 0
7894 9
7898 6
7899 9
7900 6
1580 2 9
9509 0
10356 1 2
7907 2
7911 6 0
7912 7 6
7914 1
7919 4
8147 8 4 4 4 4 8 4 8 8 2
7925 3
7941 8 8
7942 3 9 0
7943 0
7945 9
7946 9
7949 8 6 4 4
8448 6
7951 1
8152 2
8509 4 2
7955 0 0
7963 0
7964 6
7965 9 7
7969 4
7970 0 4
7973 0
7982 8 4 4
7985 3 1
7987 9 6
7993 2 0
7995 2
7999 3
8003 6
8006 0 9
4745 1
8018 6 6
8025 3
8031 0 9 2
8034 3 1
8035 0
8039 1 9
8040 4
8041 0 7
10898 9
8046 0
8048 6
8051 2
8052 9 0
8054 9
8057 9 9 9
541 6
8062 1
8064 0 9
1344 1
8066 0 0 0
8069 3 1
8075 0
8076 0
8081 4 6
8082 0
8087 0
8090 6 9
8092 0 0 6 6
8094 9 9
8096 4 4 5 7 7 7 7
8100 0
8106 3
8107 0 2 0
8112 8 8 8
8113 0
8115 1
8120 0
8134 6 1
9765 0 9 0
8141 0 0 9
6545 3
2723 0 0
8148 2
8151 0
10637 2
8155 1 4
8157 0
8158 2 4 4
8167 0
8168 2 0
8175 1
2728 2
8182 9
8184 0
9556 6
8186 0 0 9
8187 7
8188 4 6
