469 4
8193 0
8194 2
4 0
5 6
6 0
8199 2
8 7 7
9 4 4
10 0
8203 2 2 0
8204 1
8206 0
10925 6
8208 1 1
8210 0 2
8211 9 9
20 1 2
21 0 6
9561 2
8196 0
8218 6 0
8219 7
8220 2
29 3 3
30 0
31 2 8
8224 1
33 4 6
8229 7 4 6 9
8231 0
40 6 4
41 1
42 6
8235 0
45 4
5457 3 3
8239 2 0
8241 0
8242 1 1 1
51 0
8244 6 1
1374 8
54 6
55 3
10932 0 9
8250 0
59 3
60 9 4 0
8202 4 1 7 7 7 4 4
8254 4
8255 4
8256 4 0 9
8257 0 0 7
66 4 6 9 0 0
69 9
71 7 7
72 3
73 3 3
74 2
8267 7 1 0 2 6 1 4
76 9 6
77 0
78 4
79 7
82 0
8275 0 4
84 6
8277 2 2
89 3 6
8282 6
92 1 2
8285 7
94 0
95 4
96 3 3 1
8290 3
100 3
8293 2
102 0 0 0
103 0 2 0
107 4
8302 4 0
111 0 6 9
112 6 1
8305 6 4
114 6 2 2
8307 3 3 1
118 7
119 6
8312 9
121 2
122 6
8315 1
8213 9 0
128 0 7
8321 3 1 3 3 3 3
8325 1 3
134 6 0
8327 7 6 2
8329 0
8330 9 0
139 4
10643 4 4
10946 1
8334 6 9
143 4 9
144 6
8338 3 2
10947 0
148 6
8341 7
8342 2
151 4 6
8346 0 9
8347 9 9
156 6 6 3
8349 4
158 6 6
8351 4
8352 9
161 4
162 1 3 3
8355 3 3 1
165 4 2
166 9
167 4
8360 2 7
169 9 9 7
170 1
171 6
8364 0
173 0
8366 6 2
175 4 4
177 3
8370 1 7 7 2 1
8371 9
180 1 1 1
182 1 3 1 1 1 2
184 0
185 4 4
186 9
8379 6 6 6 9
188 0 9 6
190 3 1
191 6
8385 1 4
8386 2 4 3 3 2
195 6
8388 6 4 2
8389 1 6 4
8391 6
8392 6 2
201 4
8394 0 0 2
203 7
205 6
2765 0
208 9
8401 1
210 0
211 6
8404 4 9
8405 1 1
8406 3
215 1 1
8408 4 6
8410 1
10959 9
8412 1
221 3 2 1
8414 4
223 2
8418 0 9
227 6 9 4 6
228 4
229 1 3 1
231 2 0
8424 4 4
233 0
235 1 1 1 4 3 1
237 4 0 4
238 2 1 8
8431 3 1
240 6
8433 9
243 3
244 9 9
245 9
8439 0
8440 2
249 0
250 4
252 9
253 0
254 1 3
8447 4
256 3
8449 3
8450 0 4 4
43 6
260 7 4
262 3 1
8455 9 0 6
264 0
265 1 1
270 2
8467 0 9
276 1 2
8472 4 6 7 0
283 9 0 1 9
8476 6
2778 2 0
287 6 9 9
8480 9 9
8481 9
8485 9
8489 4 4
299 4 2 3
300 2
301 7
302 2
304 4
305 0
1255 0
307 1
8501 0
310 0 0
9609 2 2
52 4 4 6 6 6 2
314 2 4 0
315 0 0
316 0 2
317 4
8510 9
53 0
320 4
8513 1
8515 1 3
324 2 0 2
4150 0
327 9
328 9
8521 0 0 0
330 9
8247 2 1
332 8
334 3
8528 0
8529 0 0
341 4 0 9
343 9
8536 7
8538 7
347 0 6
351 3
352 1
8545 7 4 3 7 7 7 7
8546 0
8549 4 6
8468 9
8551 1 1 2 1 1 1
360 4
8554 2 0 0 6
8555 0 0 4
9618 0
8560 9 9 0 9 9
370 2 2
372 0
373 3 3
8567 1 1
378 6
8571 9
380 4 4
8573 6
8642 0
1429 6 6
8576 3 3 3 3
386 0
8579 0
8580 0 2
389 3
391 2 2
8584 6
394 0
395 3
8588 1 1 3 2
8590 2
2797 0
400 0
8593 4 1 1 4 4 3 1 0
403 4 4 0
8596 0 6 0
408 4 6
409 6
8602 3 1
8604 6 4
413 3 1 1 1
414 7 9
415 9
8608 7
8609 6
418 0 9
419 2
8613 9
8615 4
424 0
8618 9 7 4
427 1
429 6 2 0
8622 2
1437 7 0
8624 3 1 1
8626 1 2
435 2
437 1 1
8630 8 2
8631 3 1
440 1 3
8635 6
8636 4
8637 0 6
8638 6 9 9
447 1
448 0 4
450 6
453 3 0
8646 6 4
455 4 0 3 3
456 3 2
458 6 6 6
459 9
460 2
461 4 6
462 3
8655 3
464 9
465 0
466 1 2
1443 4
8660 4
8270 0
8662 8 4
8663 7 7 7 6 4 4
8664 6
8665 6
474 2
1967 2
8668 7
10927 4 4 9
8670 9
1445 6 2
480 2 7 1 3 3
8673 0 0 0
8674 4 6 4
483 9 6
8676 0
8677 9 9 9
487 4
490 4 8
9639 0 0 2 1 4
492 2 0
493 3 3
8686 0 6 4 2
8688 2
8691 2 3 7
500 0
501 3
502 0
504 0
8699 2 3 6 9 1
8700 4
510 0 7
511 0
513 9 6
515 0 2
8709 2 9 6 4
8710 1
520 3
8713 6 6 6 4 9
8715 0 0
8716 1 3 1 1
1654 0
8718 3 1
8720 4 2 9
8721 6 4
8722 0
531 3
532 0
8725 0
8726 1 3 3 3 3
535 0 7
537 0 6 9
8731 0 0
540 9
8733 2
8734 1 1 3 1 3
543 6
544 0 1 8 8 4
545 9
8738 9
548 9 9 4
550 9
1457 0 9
8744 1
8745 0
11015 3
9293 0 9
559 7 0 0
8752 0 9
561 1
8754 0 2 6 0
563 0 0
564 1
8757 0 6 9 0
568 0 9
570 2
8763 6 4
8766 1
19 9
8769 4 9 4 0 2
578 1
11019 4 0 9 9
8772 6
581 9
8774 4 4 3
583 4
584 6
11020 6 4 2
8778 1 3
1463 0
8780 2
589 0 7 0
591 9
592 9
594 4 4 8 8 8
595 4 2 8 8 8 4 4 6 6 0 0 4
596 1 3
8789 0 0
8790 3 3
8792 9 9
8794 6 4 6 6 6
603 6 9 0
604 0
8797 7
101 9 6 6
608 0 0
8801 0
610 9 0
612 1 1
8805 0 6
10386 9 9
615 4
616 9
617 0
8810 0 9
8811 6 6 9 9
8812 2 0
621 0
8814 0
624 2 1 4
625 2
839 0 9 0 0
627 1
8820 4 6
8821 0 7 0 6
8822 0 0 6 6 4
8823 6 7
633 6
634 1 1 3
635 0 0
636 0 4
8829 0 4 0 4
638 6
639 3 1
8832 3 1
8834 3 0
643 6 4
644 7
8838 2 2 4 7 4 7 4
647 0
8840 2 1 7
649 3 3 1 1
8845 7 3
8846 3 3 3
8847 0
656 3
8849 0 9
658 0 6 6 6 0
8851 0
660 8 2 6
661 2
664 6 6
8857 2
8858 0 2
8303 0
671 4 1
674 2
678 4 4 2 4 4 7
8871 9 3 6
8872 6
8873 4
682 2
683 6 0
685 4 4 9
686 0
687 0
8880 6 2 0
8882 0
8884 4 0 6 4
8886 0 7 0
696 2
697 4
8890 3
699 0
700 3 3 3
701 6
702 2
8896 6
8897 6
8898 4
707 6
708 9
8901 0 4 9 0 9
8902 1
711 3
8904 0
715 1 0 0
716 6
717 3
718 2
8911 3 1 3
8912 7 6 2 4 6 6 8
8913 6
722 9
723 0 0
8916 6
9678 9 0
726 0
728 6
729 2 6
8922 4 0 7
731 6 4
732 1
8314 2 2
734 0 7 4
11045 1 1 3 1 2 1 3 3
8929 0 7 9
8930 4 1 2
8931 9
740 6
741 3
743 0 6
8936 0 0 6
8937 3 3 1 3 1 3 3
10916 4 6 0
8940 9
749 9 9
8944 2 4
753 0 0 0
754 7 0
8947 0
8949 1
8951 4 7
8952 9
8954 1 1 1
8955 3
765 9 6
766 0 0
8959 0
768 1 7
8961 0 0
770 3
8963 1 2 1
8966 3
775 3 3
777 1 1 1 1 3
778 1 1 1
780 3 2
781 0
8974 1 3 3
783 0
11054 3 3
790 2
8983 3
8985 3 3
8987 3 3 3
8989 1
798 3 1
799 0 9 0 0 2
8995 0 1 1 9
8996 9 0 9 7
805 4 0
807 0
9001 1 2
9002 0
811 4
8841 0
9006 2
9330 0 0
818 6 0
819 4 7 6 9
9013 9
823 4 4 4 7 2 4 4 4 4 4 4 4 4 4
824 9
825 1
9018 1
9021 0
9023 1
9024 0 4 6
833 1 0 8 4 4 4 8
9026 0 9 0 1
9027 0
9028 4
9029 3
9030 6 6
9031 2 0
840 2 8
9033 6
842 6
9035 0
845 3
9039 0 9
9042 3 3 1
9045 3 1 3 3
9046 4
9048 0 4
9050 9 9 0
9053 1 3 1
862 4 0
9055 0
9056 2
9057 0
9058 1
9060 0
9061 3 3
9062 4 4
871 6 4 6
872 9
9066 2 8 8
9068 0
880 3 3
881 3 3
883 2 3
884 4 0
9077 7
9705 0
9080 3
2879 2 1
893 6 2
894 0
9935 9
897 0
9090 6 4 6
899 0 6
900 0 9 2
9093 6 9 6 6
11073 7
1516 2 1
907 1
908 0
9101 0
9102 1
912 0
915 8 4
916 1 1 1
8353 0
9111 1
9112 8 4
9115 3 3 1
9116 3 3 3
154 2
9118 6 6
928 0 0 6
929 0 0
930 2 4
9123 0
932 3 1
933 6 9 0
9127 2
9128 1
9130 2
9131 2
9132 0 9
941 2 2
943 9
9136 9 0
9137 8 8 4
1523 4 8 2
948 6 4
949 3 3 3 1 1
9143 6 4
952 3
954 6 7
9147 4
956 0
4669 1 2
958 4
9717 6 2
960 2 2
9153 2
962 2
965 2 1 3
966 9 0 0 9
967 1 4 6
968 9 0
2892 6
9162 3
9163 0
9164 6 6
973 0
975 6 9
9168 4 6 6 6
9169 1 2 2
980 8 6
9176 0 9
986 3 3 1 3 3 1
9179 9 9
988 7 8
9181 9
9182 2 9 2 0 4
9183 6
9260 9
993 3
995 1 3 1
997 0 2
998 2 0 6 6
999 4
9192 0 7 6
9194 1 3
9195 3
1005 6
9199 2 2
9308 4
9201 0
9203 4
1012 0
9205 4 4 4 6
1014 0
9207 9
5675 1
9210 0
8362 0
1022 3 1 3 3
9215 0 2 0 1
1024 0
1025 1 1 1
1026 3 2 2 1
1027 6 6 6
1029 1 2 1
9729 3
9225 7
9226 6
11095 6 0 2 0
1671 6 2 0
9229 7 3
1038 0
9232 0
11096 7 4
9234 3 1
9235 3
9237 6 6 8 4 4 6 4 6
1047 4 8
9240 4
9241 0 0
1051 6
1052 0 2 1 6
1054 3 1 6 0
9247 2 3
9248 4
9249 1 1 0
9250 2
9251 0
9252 1
1061 2 0 0 9 6 4
1062 9
1063 1
1065 3
9258 7 4
1067 1 1 3 3 3 1
8354 1 1 1 1
9261 9
1070 9
1072 0
1073 9 9
1074 1 1
1076 2 9 1 0 0
1079 4
9272 2 3
1082 6 6
9275 2 2 2
9276 3
9277 1 1 1
9280 0 0
1090 4
2540 8 7 8 8 8
1093 7 0
9287 0 0
9292 9 0 7 6
1101 6
9294 7
1103 1 1 1
9297 0 9 6
9298 4 4
9299 1
1110 0 7 0
1111 0
9304 8
2916 8
9306 4 0 8 4
1115 1
1116 6
8378 9
9310 9
9311 0 4
9312 6 4 4
187 0 0 4
1124 6 0 0
1125 0 2
9319 4 6 0
1128 9
9321 4
1130 9 6
9323 7 4
1133 9
9327 9
1136 0 7 3
9329 0
1138 1
1139 0 7
9332 0 2
1141 0
1142 6 8 8
1143 7
1144 9 9 9
1146 2
9341 6 6 4
9282 9
9343 0
9344 7 4 4 6
9348 1 3
9750 0 0 0
1158 2
9352 1
9353 4 4
1162 6 4 0
1163 0
9356 7 0
9357 9 9 9 9
2925 7 7 6 4
1168 9 9
9361 1 1
9362 6 4 0
1171 0 6 4
9364 0 9
1173 6
9366 1
9367 4 1 0
9368 2 6
1177 1
9370 0
1179 4
1180 2 3
1182 0
1183 2
9376 4 0 6
1186 1 6 0
9379 9
9380 7
1189 1 3 7
1190 2 4 0
9383 6 0 9 1 1 2
1192 2
1193 0 0
9386 2
1195 1 3
9390 0
8496 0
1200 4
1201 1
1202 9 0
9397 9 4
1206 7
9399 7 0
1208 6 7 9 0 6 0 0
9401 4 0
9402 1
9404 0
202 7 4
9406 0
9407 0
1217 6 8 9
1218 4 2
9411 1 0
1222 6
9415 4
9416 2 2 2
1225 2 2
9418 2 1
9419 0
1228 6
1229 6 9 9
9422 1 3 3 1
9423 9 0
1233 9 9
9426 7
1235 7
1239 6
1240 2 1
1241 2
8399 0
1244 0 4
1245 1 3
9438 3
9440 0 4 8
1249 3 3
9442 2
9443 2 4
1252 9 0
9766 1
9446 0 9
209 4 8 1 6
9448 0
2940 0
1259 0 4 2 6 0 0
9452 9
8402 2 4
1262 0
9455 2
10859 3
9457 0
1267 1
9460 0
1270 7 0 6
9769 0
2770 0 0
9465 6 9
1274 1 3
1275 6 8 8 7 8
9770 0 6
1278 4
9471 9 2 4 4
1281 7 2 6
1282 9 0 0
1283 4
9477 6 2 4 6
1286 7 7 3 7 0 0 2 2 2
11137 6
1288 9
8499 4 6
8407 1 3
9484 0
2946 7 7
9486 1
1295 4 8 0
1296 0
9489 1 1 3
9490 0 0
9283 1
1302 7 1
9496 6
9497 0
9499 3 3
1308 0 2 0
218 8 8
9502 3 2
9504 4
1313 9 6 4
9506 6
8411 9
1316 4 9
1317 0 2
9510 2
1319 1
9513 8
11143 9
1324 1 3 1
9778 0 6
1327 1 3
1328 0 2
9521 9
1330 4 2 9
9523 0 6
1332 3 3
9525 6 9 2
1334 4
9527 0
9528 7
9530 9 0
9532 2 9 0
9533 3
1343 9 9 9
5773 3
1345 2 2 0
9540 4 0 0 4
9782 2
9542 1 1 1
1351 1 0 2 9 6 9 0
1353 0 2 2 2
9546 2
9547 3
9548 9
1357 4
1358 0
1359 0 6
1592 0
1363 9
1364 3
9557 2
9558 7 9 0 0
9559 0 0
1368 0
1369 4
9564 2
9565 6
9566 9 6
1375 0 0 0
9568 1 1
9569 2 3
9572 1 1
9573 4
1382 0 1 6
9575 1
1385 1 1
1386 9
1387 0 1 3
9583 3 1 1 1
1394 9
1395 9
9588 4 7
9589 9 9
1399 2
9592 4
1401 0 0 6
1402 4 4
1403 3 3
1405 0
9598 2 4 0 0
9601 3 3 1
9602 4 9
8427 4
1412 2
9605 0
9606 2
9607 1
1417 9
9612 1 4
9613 6
9614 2
1423 3 1
9616 4 4
1425 3 3 3
1426 3 0
8430 0 4
9622 9 6
9625 9 8 4
1435 2
9628 4 4 9 4
9629 0 9 2 6
1438 0 0 0 6 3 0 0 0
1440 9 0
9633 3
9635 2
1444 0 9
9637 9 4
1447 6 6 6 8 2 4
9417 0 6
1452 9 0 9
9645 2 0 7 9
9646 0 4 4
1455 0
9648 0
9649 0
9651 0
9652 0
9654 0
9655 0
9656 9
9658 0
1467 6
1471 7 2
1472 4
9665 9 4 6
9667 1 3
1476 0 9 9
9671 7
1480 0
9675 2 1
1484 3 3
9677 1
1486 2
1489 3 3 1 3
4414 1
1492 6 4 7 3 2 0 2 6 4
8957 2
1497 4
9691 7 4
1500 3
1501 1 2 1
2981 4 4
1504 4 0
9697 2
1506 6 0 9
1507 6 4
1510 3 1
1512 0 6
1513 0 6 9
9706 6
9708 9 0
1518 0
1519 0 4 7 3
1520 0
9713 9 6 9
2183 0
9715 0
1524 9
1525 0 0 0
1526 6 9
1528 4
1529 9 9 9
992 2 0
9724 7 7 4
9725 0 0
1534 0
9727 2 4 4
8448 2 0
9731 4 8 2 4 2
1540 3
1542 1
9735 9 7
1544 4
1545 3 3
9743 6 6
9744 0
9746 2
8451 6 9
1557 1
1558 6 4 4 4 8 8 8
1560 0
8452 2 2
1564 9
9758 6
9759 4
1568 9
9761 2 7
1571 3
1573 0 6
1574 6
2993 0
1577 2
1578 6 4
1579 3 1
9394 3 1
1583 2
9776 6
1586 6
9779 3
1588 9 0
9781 9 9
1590 9
1591 7
9784 8 4 2 8 8
9786 6
1597 0 8 8 8 8 8 8
1598 0 9 0 2 2 4 0 6 7 7 9
9791 2 6
9824 0
1602 1 9
1604 0
9798 0 7
9800 0 0 0 6 6 0 9
9801 2 6 6 2
1610 4
9804 2 2 0
9805 0 0
1615 9
1616 9
1618 1 3
9811 1
1620 9 6 6
9813 9
9814 0 0 9
9815 1 2 4
9817 9
8783 1 1
1627 3
1628 6 2
9821 9
1630 9
1631 6
1632 0 2 1
1633 9 6
9826 1
1635 1
1636 3 1
1637 0
1639 4 2
10798 0 0
1642 4 9
1643 9 4 6
9837 0 9
9838 9
9839 3 2 1
9841 0
1651 9
9845 1
9846 0 6
1657 0
9850 6
1660 7
9834 3 4
1662 4 9
9855 3 0
9856 1
9831 7
9835 0
1668 1 2
1669 0 9 0 0 0
1670 7
9863 7
1672 6
1673 6 2
1674 3
9867 1
9869 4
9870 6 4 0
1680 9
9873 9
1682 1 3
9875 4
9876 4
1646 3 3
2511 6 6
1687 0
9881 4 2 9 4
9883 9
1692 6
1693 2
329 6
9887 6 9 9 9 8 6 9 9
9888 4 2 3
9889 2
8475 0 0 0 2
9894 7 4
9895 9 2
1704 2
9903 2
9906 3
1716 2
1717 4 0
1718 1
1719 6 9 9 0 6 9 2
1720 9 9
1721 1
1723 1
9916 1
1725 0 4 6 0 9 0 7 0
9918 0 2
1728 3 1
1729 4
9923 9
1733 2 2 8
1734 9 0
1735 2 4 4
9928 4 0 9 4 0
9929 4 4 2 4 7 7 0
1738 2
9931 6 6
9933 2
9934 1 2 1
1743 3
9936 2
1745 7
9938 1
9941 6
1422 4
9944 0 0
1753 3 3
1754 4 2 0 0 2
1755 2
9948 4
1757 0
1759 6 4
9952 3
9953 0
9954 7 9
1763 2
9956 2
1766 7 6 7 6 0
1768 0 7 9 6
1772 4
1774 1
1776 9
9971 2
9973 7
1782 4 4
1783 1
9976 1
1785 3 1 3
9978 1 0
9980 1
9982 6 0
1791 6 6 0 4 0 1
9984 6 9 6
9985 2 0
1795 4
1796 2 9
1797 9 6 9 6 9
9990 4 2
9991 7 0
9994 7 0 6 6 9
1803 1
9997 4
9998 2 7
8493 3
10000 1
1424 0 6
10003 1
10005 0
10007 7 0 7 6
1816 0 6
10009 7
1818 1
1821 0 6
10014 6
1823 7 0
1825 9
1826 9
10972 0 2
1829 8 8 8 8 8 8
1830 0
10023 3 3
1833 4 2
1835 2
10028 0 6 0
10029 2
10031 9
9864 0 7 1 0
2789 9
10036 2 1 1
10427 0
1846 1 1
10039 6 6 6 0
8393 6
10041 6 0 6 6
10043 0
1852 2 0 0
1853 0 6
10048 9
1857 4
10050 3 3 3 3 3
8502 1
10056 9
8503 0
10060 4 0 9
10061 8 8
1871 8 6
10064 7
1873 2
10066 3
1875 3 1 3 3 3
1876 0 2 3
1678 7
313 3
1880 3 1 1 1 1
10073 1
10075 6 7
1886 9
1888 3 1 2 3
9872 3 1 4 8 4 1 0
8507 1 3
10084 2 1 1
10085 9
10087 3
63 4 2
10091 0
1901 2
1902 2 3 1
1903 1
10096 1 3
1683 1
10101 9
10102 9
10103 9
1913 3
10106 6
1917 2
1685 9 9 9
1921 4
1923 0
1924 0 0
1686 0 2 3 2
10118 7
1927 4 9
1928 0
1929 6 4
1930 7
10123 1 1 3 2
10125 0
10126 9 6 0
10127 6
1936 0 6 0
1937 7 6 6
10130 4 6 6
1941 0
10134 1 2 4 4 4 2 2
10136 9 6 9
1946 9
1947 2 0 9
10141 4 4
1951 6 6 6 0
10147 3 3 3
10148 0 2
1957 0
1958 9 0
1959 9 4 4 6 6
1960 4
1961 9 9 2 0 2 1 1 4 3 0
1962 0
1963 0
10156 7
7154 6 6 9 6
1966 4
1702 4 8
10160 0 6
8520 2 2
1970 0
1971 0 9 6
1972 2
10165 7 6
1974 0
1975 6 0 2
10168 9
1977 6
1978 3
1695 0
10173 4 4 4
10174 3
1984 1
1985 7 0 7 0 7
10181 0 9
1990 3 1 1 4 1
10183 9
8524 4 6 4 4
1995 0 4 0
1996 2 1 1
1703 3 1
1998 0
2000 0
10195 6 6
2006 3
10199 0
2008 3 3
10201 0
10202 2 4
2011 7
10204 9
2013 4 0
9015 0
2015 6
10210 9 6 9 9
10211 0
10212 9 8 8 8
10213 3 3 3 3 3
2022 1 3
10215 0 4
2025 9 9
2026 1
10219 1
2028 0 6
2029 1 2
2030 8
10223 6 4 6
10226 4
9615 2 2
2037 3
2040 3
10233 9
10234 0 4 1 0 7 4 4
10235 3
10236 1 1
2047 0
10240 0
2049 1
2050 1 1
1397 1 3
2056 9
2057 4 4
10250 1 1
10253 4 4 7 6 4
2062 3 3 3 3 3 3 3 3 1
2063 9 9 9
2064 4
10257 0
2066 0 0
2067 0 0 9 0 0
2068 9
2069 6 0 6
10262 7
10263 7 4 4 4 4 9 0
10266 0
2076 0
10270 1 1 1 1 3
2079 9
2080 7
2081 4
10274 1
10275 4 4 9
10277 3 3 3
2086 3 3
10279 4 4
10280 1
10281 9 7 9 9
2090 2
2091 9 4 7 7 9 4 4
2093 4 8
10286 6
2095 9 0 0 4
10288 8 4 6
2098 2
2099 2 7 4
10292 0 9
10293 0 9
10294 3 1
10295 2
10296 6
2106 1 3 2 9
2107 3
2108 0
10301 4 0
2111 4
10304 3 1 1
2114 0 9 4
10308 0 4
10309 0
2119 2
10313 4
2122 0
9911 6 9 0
2124 2
10317 2
2126 2
7163 0
2128 4 1 4
2129 0
821 0
2133 3
10326 0 0 9
10327 8 2 3 4 1
10328 1
2138 4 2 2 4 8 8 0
2139 4 4 4
2140 6 0
2143 2
2145 4 0
2146 8 4 6
2147 0
10341 0
10342 0 9
2151 4 0 6
2152 2 3 0 1
1724 6 6 0 0 7 4
2154 1
10348 6
10351 4
2161 6 8 4
2162 0 4
2163 0
2164 4
10357 9 2 2 1
2166 4 2
10361 3 6
90 0
2172 3 1
10365 6 2
6619 9
2175 7
2177 4
10370 1
10371 2 3
2180 6 6
2181 4 0
2182 4 1 4
1982 9 0
2185 3 3
2186 1 3
2187 4
10383 1 1 1 1 1 0
2192 2
2193 0
2194 7 9 0 0 2 0
10387 2
2196 6 4
8802 9
10390 7 7 0
2201 0
10394 2
10396 3 3
10398 0 0 9
2207 4
10400 1
10401 0 4 7 6 7
2210 9 0 6 0
9926 9
10406 6
2215 2 6 6
10410 0 2 4
9927 9 2
2220 6
2221 4
10414 4 6
10417 4 4 1 4
10418 2
10420 4 7
2229 9 0 1
2230 9
10423 0
10424 1
2233 7 8 2
2235 3 1 1
10428 2
2237 9
8565 2
2243 0 0
10437 3 3 8 8
10438 6 4
10440 8
10441 2
2250 1
2251 3 3 3
10449 3 3
10450 9
10451 1
10452 2
2261 0 0 4
2262 1 1
10455 4
10457 1
10459 6
8570 2 0
2270 2 4 0
10463 0
10464 7 6 6 6 4 6 1 4 9
1744 9
10466 6 9 9
2276 0 6 9 0
2277 9
10470 1 1
2280 0 0
8572 3 3 7
2282 6 7
10476 3
2285 9 6
2287 0 0 4
10480 0 0
2289 2
2290 0 4 3
2291 2
2293 0 6 2
10486 0
10487 0
10489 4
9617 1
10491 0 0 0 6 4
3114 4 8 0 0 8
2302 0
1749 0
10496 7
2305 1
2306 9 9 9 9 1
10499 4
10500 0 6
9942 4 0 0 0
2310 2
10503 1
10506 3
2315 4
10508 0 0 0
2319 9 9 9 7
2320 0 0 0 9
2321 6 6 9
10517 0
2326 6 4
10519 2 2 0
10520 3
10521 0 8 0 6
2330 2
10523 0 9 4
10525 2
8261 4
2336 8 8 4
9947 2
10532 1
10534 2 2 0 8
7217 0
2344 3
10537 4 6 4 8 4 6 4 3 8 8 8 6
10538 6 6 7
8583 3 1 3 1 1 1 3
2348 1 3
2349 3 3
2350 9 9 9
9949 3
2354 0
10547 6
10548 4
5854 0
2358 2
10551 4
10553 3
10554 9 0 7 7 4 2
2363 6
2364 6 9 9
10557 2 0
2367 2
2368 2
2369 7 9 6 0
10562 1
2371 0
10564 0 6
2373 1
1170 0
1761 0
10568 1 3
10569 9
10571 6 4 9
2381 1 3
10575 2 0
2384 4
10577 9 9 6
10578 2 0 6
9955 4
2388 9
398 2 0
10582 4 0
10583 4
2392 7
10585 1 3
2394 8 4
10587 6 6 0
10588 6
2397 3
2399 3 1
2400 2 4
8592 2
2402 2
10597 4
10598 0
10600 4 7 2 2
10601 1
10602 2 4 0
2411 4
10605 3
10606 4
10608 4
9960 0
10610 6
10611 2
10613 2 6 0 0
10614 1 3 3 3 3 3
2423 1 2 1 8 4 8 8 8 3
10616 1
10620 9 4 0 2
10621 9 6 6
10622 0 2 0
2431 1 0 2 1
2432 0
10626 0
10627 1
10628 0
10629 2
10630 6
2439 9 6
2440 2
10633 6
10635 4 4 0
2444 9
10637 6 0
10638 6
2449 6 4 7 7 4 4 8
2451 0
9966 6
10647 0
2459 3 3 3
2460 2
410 3
2462 4 2 6
2463 2 2 1
10656 4
2465 9 3 3
10658 0
2468 3 2 6 0 4
2469 8 8
2471 0
2473 0
2474 1 1 2 1
2476 6
10671 0 6
10672 6
10674 6
2483 2 6 6 6
10676 2
10677 0 4
9630 1
10679 0
2490 1 3 2 9 8
8607 2 0
10687 0
10689 4 0
2498 1
2499 2 9 2 6 0 2 6 6 0 2
10692 7 9
10693 3 0 2 0 9
2502 4
2505 4
2506 0 1 0 0
10703 7 0
2512 1
10705 2
2514 1 1
2515 0 9 0 0 0
2516 3
10709 0 0 6 4 7 0 0
2518 4 0 4
2519 9 6
2520 0
10714 7
2526 0 6 9
2527 3 1
2528 4
2530 8 8
2532 2 1 4 4 6
2534 0
10728 2
10732 4
10734 3 3
2544 1 1
10928 1
2547 6
10740 3 1 3 3 1 3
10741 3
2550 1 1 1 1
10743 1 1
2552 4 7
1629 9 0 0
2554 2
10747 0 0 9 6 2
10748 9
10749 2 2
2558 9
2559 4 0
2560 2
10753 7 1
10754 0 0 9
2563 9
10756 6
2565 0
10759 3
2568 0 6
10761 9 6
2570 1
10764 6 4 6 4
2573 6
2579 4 4 0 3 9
10772 0
10773 4 6 2
10774 1 1 3
10775 4 6
10776 0
2585 0 0 6 0
10780 2
10783 3 1
10784 9
10785 4
2594 6
2595 6
10788 4
1798 7
10790 6
2600 0
10793 7 4
2602 6 6 4
2603 2 3
10796 9
4530 3 3
2606 0
10799 0 9 2 0
2609 0 0 7
2610 1
2613 9 9
10806 0
2615 3
10808 3 1 1 3
10810 3
3167 4
2620 3 2 3
10813 4 4 2 7
10815 3 3 2
9089 6 6
10817 4
10821 0
10822 6
10824 0
2633 6 0 4 6 7
2635 9
2637 0
2638 4
10831 2 0 6 7
2640 1
10833 9 9
2642 1 3
2643 0
10836 1
10837 4
2647 0 9
10840 7 7
9999 0
2652 1 3 1 1 1 1
10845 9
10846 6
10848 0 4 4 6 0
10849 6
2658 1
2659 0 0 0 0
2662 6 6
2663 4 4 8
2665 0
10858 1 2 1
2667 0
10860 1 1 1 1 1
10861 9 9 9 4
2670 4 1
10863 2
10864 0
2673 6
10866 6 4 6 0
1811 3 2 2
10869 6 6 0 9 0 4 4 0
10872 3 3
10874 0 0
10875 4
2684 0
2685 9
2687 6
10880 4 0
2689 0
10883 9
2692 9
10885 6 0 4 2
2694 6
10887 6 9 9
2696 2 0 9
10889 7 0 0
2699 2 4 2
2701 6
2705 6
2706 9
2708 6
10902 1 2 1
1454 0 6 6 4
2712 2
10905 9
10907 4 4 0
10908 1 2 2 0
2717 0
2719 0
10913 2
10914 9
10915 7 0
2724 1
2725 0 6
2727 2 9
2729 9
10923 9
2732 2
2733 4 6 6
2734 0
10013 9 6
2736 1
2737 4 1
10930 3 1
10931 1
2740 0
2741 4
10934 2
2743 9 0
2819 9
2745 2
2746 1
2747 6 6
2748 1 1 1
10941 6 0
2750 2
637 3
2753 0 9 0
2754 4
2755 1 3 1 3
10948 0 8 8 6 4 4 9 3 0
2758 6 0
10952 3 3
2761 6 4
10955 6
10957 3
2766 3 1 1
8653 0
10962 6 2 0
2771 6 0
8654 6
10966 0 0
10970 6
2780 0
10974 6
10975 3 3
10976 4
8656 7 6
10978 3
10979 6 4 6 4
10022 0
10982 4
2791 1
2796 9
10989 7 7 0
2798 9
2801 6
2803 7 6
10997 0
10998 9 2 3 2
10999 7 7
2808 1
11001 7
2810 4
11003 4 6 7
2814 7
8661 0
11008 2 0
2817 2
2818 0 0 0
11011 3 1 1
2821 9
11014 3 4
2823 6 6
2824 6 9 0
2825 9
471 7
2828 0 4
2830 9 0
1837 1
2833 2 2 1 1
2834 0 0
11027 6 0 0 4
11029 0
2841 4 7 0
2843 9 0
2846 1
11039 3 1 1 1
11040 9
11041 0
11043 3
2853 7
10033 1
11048 6
476 3 8 2
11051 1 4 4
11053 0 4
2862 9 4
2863 3
9097 2 9
11057 9 0 0 6 0
10461 0 0 0
11059 6
2868 4 4 4 4
11061 9
2870 6
11063 6
2875 9
2876 0
2877 4 4 0
11070 4
11071 7
11072 9 6 1
2881 0
11075 9 9 9 9 0
11076 4 8 4 0 6
11079 1
2890 0
11084 1
11085 6
11086 0
2897 6 2
11091 0
11093 7
11094 9
2903 4
2904 0
2905 1
2907 9
11101 0 0 9 9 9 0 4 0 6 9 6
2910 0
485 7 4
11104 0 2 2 3 0
2913 2
11107 3
11108 9 6 6 9
8826 7 4 0
11111 7
2921 9
11114 6
2924 7 4
11117 1
11118 6
2927 4
11120 3 3
2929 0 6 8 4
2931 1 3 3 1 1 3
2933 1
11126 4
2935 3
11128 1 1
11130 4
2939 2 7 0
11132 8 4 8 4 8 8 6 9
8682 3 2 3
11134 4
11135 1
11136 4 8
2945 0 6
11138 0 2
11139 1
2948 1 3
11141 0
10049 9
11144 9
11146 2 2
11148 2
11151 6
2960 9
2961 2 2 0
11154 0 0
11158 3
11160 2 9 9
2969 2
11162 0
2971 1
11164 9 9
2973 4
3855 0
496 3 3 1
11170 0 7 2
2980 3 3 3 3 3
11173 4
2982 9
11175 1 3 3 3 1
2984 0
2985 9
11178 1
2987 8 4
2988 4
11182 1 3
11185 1 7 4 3
2994 3
2995 0
2996 2 9
11191 0
3000 0
3001 4 4
3006 9 6
3009 2 7
1867 2
3015 4 0
3016 4 7 0
3017 9
1737 0
3021 9
3022 0
10739 9
3025 1
3026 1
3032 3
3033 1 1 2 6
3034 3
3035 1 1
3036 9 2 9 6
3037 7
3038 9
5803 9
3043 2
3044 0
3045 9
508 6
3050 4
3051 2
3055 2 1
3058 4 6
2284 9
3062 1 3
3065 6 6
7549 4 9
3068 3
3069 9 6
3070 1
10069 0 6
3072 6 6
375 0
3080 9
3081 0
10071 1
8286 4
3086 1
3087 0
3089 1
3091 3
3093 4 0
3095 7 4 2
3096 3
3097 0 2 2 2
3098 0
3099 6 9 0
3103 6 2
3104 7
3105 1 2 2
3108 4 6
3110 9 2
8287 6 4
3115 1 1
3117 6 6 9 9 6 9 9 6
3118 2
3120 3 0
3122 2
3125 1
3126 8 8 8 8 4
3129 0 4
3130 4 9
10206 9
3134 9 9
3136 2 0 0 0 9
523 1 3
3143 8 8 8
3144 0
3145 0
5833 4 4 4
3149 9
3150 4
3154 0 6 6 4 4 6 8 6
3156 4 0
3158 0
3161 4
3162 1
5989 0 7
3175 4 9 0
3176 0
3178 4 4
1895 0
3180 9
3182 4
3183 7 7 7
3184 4 0
3190 3 1 3
1897 2 3
3192 9
3194 1 3 1
3195 2 2
5994 2
3201 0 3 7
3202 2 3
3203 4 0
3207 6 7 0
3208 0 6
3215 1
3216 9 6
3221 2
8729 0
3224 9 6 4 8
3225 1 3
3226 0 0
3227 0 2
3228 6
3229 9 9 9
3231 7 9
3236 6
3237 0
3238 1 2 1 1 2
3239 6 0 9
3240 1 3
3245 2 0
10099 0 3
3255 6 6
3257 2
3259 9 7
3260 9
3261 6 2 0
3263 2 2
3266 1
3269 9
3272 7
3275 3 3
3276 7 0 2
3278 0 4 2 0 9
3279 0
3280 9 2
3281 4 4
1473 0
3284 7
10105 4
8740 6 6
9384 7
3294 3
3295 2 0
3296 3 1
3300 0
3301 6 0
3304 3 7 4
3305 0
3308 0 0
3309 7
3310 6
3312 0 0
3314 1 3
3317 9
3319 0
3324 3
3326 1 1 3 3 3 3 1
3327 6
3328 6
3337 0 6
3338 0 9 7 7
3287 2
3342 3 3
3345 1 3 3 0 2
3346 4 4
3348 3
3351 9 9
3352 2
3353 0 4 2
3354 7 4
8751 0
3356 1 1 1
3357 0
10117 3 3 1
2294 3
3362 4 0 7
3365 4 6 4 9 0 0
3366 0 0
3367 0
2567 0 6 6
3369 6 8 9 6 4 7
3371 9 6
3377 3
3380 6
3390 6
1931 0 9
3399 9 9
3400 0 0 0 3 2 0
3404 9 0
3406 6
1750 3 1 3
3410 2
1441 1 1
3417 0 1 1 6
3418 4 4
3419 8 8 8 4
3421 0 4
3424 6
3425 6
571 7 0
841 0
3436 1
1938 1 2
3439 1
3441 1
3446 1 3 3 3
3447 1 3
3448 0
11026 3
3453 9
3454 3 3 1 3
3455 0
3457 0 9 7
3459 1
3460 4
577 9
3466 9
3468 7
3470 0 6
1041 4 4 2
3473 4
579 0 9 9 9 6
3479 9 6 0
2298 0 6 0 0 9
3484 1
3485 0 4
3486 3
3487 9
3488 6 9
3489 9
3490 0
3491 1
3494 1 3
3497 7 7 0 0 0
8775 2 2 2 2
3500 6 6
3501 6 9 6 6
3502 2 1 2
8776 7 7 0 2
7411 4
3510 2
3511 6
3513 4
3520 4 6
3521 1 1
3523 2
3525 0 4
3526 1
3527 0 0
3528 0 3
3529 0
3532 6
3535 2
6952 2
1955 1 1 3
3540 3 3 3
3544 1 3
1956 4
3546 3
3547 0 9 0 6 0
3555 3
10150 6
3559 6 6
3560 6
9393 2 2 0
3563 1
8787 1
3572 0
3574 2
10153 6
3576 6 6 0
3577 0
3578 6 6
219 2 0
597 6
3587 0
3590 8 8 8
3591 4
3596 8
3597 4 6 2 2
3598 7 1 1
3599 4
3600 8 8
600 0 0 0 0
3604 1
10158 3
3606 1
3608 9
3609 0 2 0
3610 9
3611 2
3614 0 6
1968 0 1
3618 6 6
3621 9
3622 0
3623 0 0
3624 0
8796 1
3626 4 6
3627 6
3630 7 7 4
3631 4
3632 0 0
3634 6 8 6 0
3635 0 1 1
3638 7 1 1
3643 9 0 4 4 4 4
1973 4
3650 0
3651 1
3653 1 3 9 3
5207 2
3657 9 9
3658 4 6
3660 2
3661 0
3663 9
3665 2
3667 2
3670 4 7
3671 4 1
8804 6
3674 0 0 7
3675 9 9
3625 6
613 0
3683 6 8
3686 6 4
3687 0
3690 2
8927 0 9 6
3692 0
3693 1
3695 6
3696 4 0 9
8808 4 0 7 4
3698 4
3700 8
3701 6
3702 6
3704 6
618 2
10176 3
620 0 2
3722 1
3726 9 6 2 7
3727 3 4
3728 4 7
3731 6 2
622 9 9 9
3736 1 3 3 3
3741 1 1
3742 6
3743 6
3752 3
3753 6 2
3754 2
3756 0
3758 0
3759 0
3760 0 7
3762 6 0
3765 7 9 0
10185 3
3770 0
3771 4 1 2
3772 1
3774 3
3775 6 0 4
3776 2
3778 3
10187 0
630 6 0 0 7
3783 6
10188 0
3787 2
3788 2
3789 6 0 9 9
3791 0 6
3793 6
7459 6 6 6
3796 6
3797 9 4
3798 6
3804 9
3805 6 1 9 9 9 0
3806 3 3
3810 3 3 2
8827 3
3812 4 6 0
3813 1
3815 9 0 0 9 2
3816 1
3818 0 1 6
3821 6 4 6 0
3823 2
2644 0 0
3830 7
8831 9 0
3836 3
3837 4
3840 0
3843 1 3 3 2 1
3844 7
3849 6
3851 6
642 8 8
3854 3
7469 3 2 2 1 3
3858 4
3861 3 2 0
3863 6 0 0 9 7 7 7 9 0 0 0 6 0
3864 6
3865 0
3866 1 3
2010 4 4 4 4 4
3870 7 4
3872 0 6 4 4
3873 6
3874 2 0 0
10203 2
3876 6 6
3878 1
3880 0
10222 2
3882 7 6 6 6
3883 7
3885 4
3887 0 6 0 6
2014 4 2
735 0 0
3896 0
3897 9 4 4
3900 6 4 6 8 0 4
3903 1
3904 7
3907 9
3908 2
3910 7 7 0
3912 6 0 9
3913 8 8
3915 0
3917 1 1
653 0 7 2
3921 0 4 0 6
3924 4 2
1499 4
3929 0 6
517 0
9737 3 3 2 1
3937 4 0 4
3939 9
3940 6
3947 2 0
3948 1 2
8850 0 9 9
3951 9 9
3952 8 8
10161 3 1 3
3961 1
3962 9 0 9 9
3968 0 0 6 1 9 4
3970 2
2027 4 2
3974 2
3976 2 0
10220 4
10498 2
3981 4 0 0 0
3982 1 2 4 4
3983 7 0 0 9 9 0
3985 9
3986 1 1
3988 1 8
3989 9 9 7
3990 6
665 0 6 0
3993 2
3997 0
3999 4 4 8
4000 7 3 2
4001 0 0 0
4002 6
8859 0
5316 0
2861 1 4 4 4 8 4
4012 7 0
2034 0
1009 0
4018 6 9 6
4019 4 8 7 6 8
4023 3 1 3
2036 3
4026 9
8863 4
4028 6 0
4039 9 9 9
4042 1
4044 9 0
4045 4
4047 4 4 4 4 3
4049 0
4050 0 7
4052 2 7
4053 6
2041 9
4056 2
4058 3 2
4059 9
4061 9 9 9 9 0
4062 9 9
4064 6
3408 9 2
4066 0 0 0
2043 3
4069 9
4070 0
4071 2
4075 3 8 3
4079 9 0 0 9
4080 2
27 0 0 6
4082 6
4085 4
681 6
4088 0 0
4090 3 3
4094 1
4095 3
6683 6
4097 3
4100 6
4103 1 2 2
4106 7 4
4107 3 1 3
4110 4 4 4
4111 0
4113 9
4117 3 3
4118 0 9 0 0 6
4119 4 4
4125 4 8 6 6 6 4
4126 9
4130 0 0
6150 2
4137 9 0 9
4139 4
4143 3
4144 4
4145 7
4146 9
4149 7
138 0
6847 1
692 2 0 6 9 4 4
4156 1
4159 6
4163 2
4164 9
4167 0
4168 9
4171 9 4 4
4172 0 9 0 9
4174 2
2061 2
4176 0
8888 0 0
4178 0 3 4 1
4179 0 0
4180 6 4
10254 3
8889 6 0
4184 6
4186 6 4
4188 1
4189 7 2 6 2
4190 2 0
4193 2 0
8891 6 1
4197 4
4198 0
4201 1 4
4202 0
4203 6 0 4
4205 1 2
4207 0
4208 7 6 6
10259 0 6
4212 9 9
4214 1 1 3
4216 0
4217 6
4220 0 0 9
4221 6 7 0
4447 6
4227 3
4228 1 2 3 3 3 1
959 1
705 3
4235 0
8575 1 3 2
3437 0
141 6
8899 4
4245 9
4246 0
4248 2 1 1
4249 2
4250 2
4251 7 4 6 4 0 2
4254 2 0 4
4255 9
9689 0
4259 1
4262 7
4266 6 6 9
4270 1 3
4272 1
712 0
4275 3
4276 7 4
4277 6
4279 9 6 0 6 0 6 9
1665 3 1 3 1
10271 0 2 6 9
4284 3
4285 0 0 7
4286 4 8 8 8 4
4287 0 1 9
4288 0 0 6
10272 1
4293 0 7 0 2
4294 2 3 3 1
4302 7 4 4 8 4
4303 7
4304 2
4305 7
4306 9 6 9 6 6 4 6
4311 4 9
4319 4
4321 9 9 0
4324 3
10278 2
4326 0 0
4330 9 0 0 0
4331 6 2
4332 2
4333 9 6
4335 0 0
4338 2 0
4339 2
4342 2
4343 0 6 1
4345 0 0 0
8946 0 2 0 9
4349 6
4350 1 2 2
725 2
4353 6 0
4355 7 4 8 8
4357 3 6
629 6
4367 9 4 9
4368 6
4373 2
4374 8 6 8
4375 1 6
4376 7
4377 2 1
4378 9 6 6
4379 6 6 6 6 0
1965 3 3
4385 6 2 6 3 3 0
4386 0
4387 9 9 1 0
4388 3
4389 4
4390 1 3
4391 9
8924 6 6
4396 4 4 1 1 3 6 8 8
4398 0
4400 6 4 4 4 4
4401 3 2
4403 7 2
4405 9
4406 1
4407 4 9
4410 1 2
4411 3 3 2
4412 1 1
4413 6 0
10995 1
2101 6 9 6
4416 3 3
4417 6 6
4420 3
4422 0
4423 2 0
4424 0
4426 6 0
4428 0
4430 6 0
4433 2 2 4 7
4434 2
4435 6 0 6 7
4436 4
4442 6 6
7567 3
4444 9 4 0 8
10298 9
8933 7 7 9
4449 2
4450 0
4452 3
4453 2
4457 0
4240 3
4461 0 7 7 2
4463 0 6
4464 1
4466 1
4467 4 6
4468 9 2
9696 9
8605 3 1
4477 3 1
4479 0
4480 1
4481 3
4482 3
4483 2 2
4484 2 7
9151 1 1
4490 2
4493 1
4494 1
4495 4
8333 2 0
248 2
4500 0 9
8606 9
4506 2 1
4507 1
4508 9
4509 6
752 1
4514 6 7 0 0
4518 0 0 0 0 0 2
8945 0 6
4520 6
6443 6 6
4523 0
4524 6
4525 4 4 8
4526 6
7243 6 0 9 6
11062 0 9 2
4532 9
4533 0
4534 6 6
4535 9 0
4537 3 1 3
4542 2
4543 3 3 1
2257 2
4547 0
11105 0 9
4551 1
4552 0
4555 3 3 3
4557 0 4
4558 7
4560 9 0 0 9
760 6
2334 2
4563 9
10318 6
4570 2
4574 0
4578 1
763 0 4
4580 0 0
4583 0 6
4584 6
4585 7 2
4586 7 1
4589 9 4 9
4590 4
4591 2
4596 0 9
8958 6 4 0
85 9
9305 0
4601 8 8 7 8 8 4 2 2 4
4602 0 9
4603 0 4 4 6
4604 2
4611 0
4613 9 0 6
769 9
4618 8
4619 2
4620 7
4625 0 6
4626 2
4867 1
4628 4 4
4629 0
4631 2 1
4632 3
4636 1 1
4639 1
4640 3
4642 1 1
4643 9 9
4645 3 3 3 3
3505 3 2
4650 9
4651 3 3
8611 6
4654 9 9 9 7
4655 4
4657 6
4659 2
4662 0
8969 2
4667 0 3 1 2 4 3
4668 6
8970 1 7 3
1792 9 6 6
4673 8
4674 3
4679 2
4680 8 6 4
8972 4
10777 2 0 6
4688 7
4689 3
4691 4
4692 4 9 9 9
4693 1 1
4695 0
4696 9
8975 1 1
4700 1
4703 0
2150 2 0 0
4710 0
4711 6
4713 3 3 3
4716 2 6 0
4717 3 3
4719 3 1 2
4720 0 0
4723 1
4725 6
430 3 3 3 7 0 3
4728 2
4730 6
9432 4
6977 0 4
8981 9
4740 0
4742 3
4744 7
4750 2
4751 0 0
4754 3
4756 8 8 8
4757 3 3 3
4759 3 1
4760 0
4762 3 9 8 6 0 0 0 9
4763 9 9
4766 3
4770 2 1
4774 0
4776 6 6
4777 0 0 0 0 4 4 4 4
4779 7 3
3978 1
4784 0
4786 0
4787 7 1 4
4788 0 6
4791 2 2 3 1
4792 0 0
4793 1 1
4795 4
4796 4 7 0 0 9
4797 4
4799 9 0 0
4800 9 9
4803 0
4804 2
10358 6 0
4809 9
4810 0
4811 0 9
4812 6
4816 1
6707 0
4819 0
4822 2
2169 3 3
4824 0 2 2 9 0
4828 0
4833 6 2
4834 7 0 2
4835 1 3
4836 9 0
4837 0
4839 1 1
4840 9
4844 2 9 7
1396 4 3 6
4850 0
4853 9 0
4854 3
4855 1
4857 1 1
4858 1 6
4859 0
4861 7 0
4865 4
8543 3
4868 1 1
4870 7
10369 1 1 7 1 1
7639 7
4877 9
10983 2
10094 3
2179 1
4884 6
814 1
4888 4
10372 9
4890 1
4892 6 9 9
4893 9
4898 3 3
4902 1
4904 0 9 0
4905 0
4906 0
10375 9
4908 2 9
4909 0 6 9 0 0 1 0
9011 6 0 0
10377 9
4920 7 0 9 9 9
4921 2
4923 0 2
4927 2 4
4928 1
4930 4
4931 9
4933 9
4935 3 3
4936 2
4939 6
4945 7 7
4948 3
4949 9 9
9017 1
4956 2 1 7
4958 1 1 0
3557 7 6 4 6 4
4964 9 0 4
4965 9
142 6
8380 1 1
4969 0
4970 9 4
4971 3
4972 4
4973 6 0
4976 1 2 1
4978 6 4
6291 0 2
4980 0
4981 0 2 0 7
4982 1
4985 9
4986 9
831 1 3
2621 3 3
4990 3
3361 0
5002 7 7 7 7
5003 0
5004 6
5005 3 3
5006 3 3 1
5008 0 6
5009 4
835 7
5014 0 0
5015 3 3 3 3 3 1
5016 6
836 3 1
5021 2 6
837 3 9
5028 4
5029 3
5030 0 0 4
5032 6 6
5034 0
5035 9 9
5036 2
5039 6 9 6 0
9032 3 3
5044 3 3 3 3 1 3
2206 4
9988 4
5047 7 6
5049 0 0
5050 9
5052 2
5053 7
5055 0
5056 0 6
2208 3 2
5058 7
1805 9 6
5061 0 6 6 6 9
5062 1 1 4
5064 0
10807 2
5066 2
5068 0 6 6 0 2 6 9
987 6
9037 1
5072 0
5074 2
9989 0
5080 1 1 2 1
2816 0
5082 0 4 6
5083 9
5084 9
5086 0 9
5088 1
5090 1 1
5092 1 3 1
2214 0
5095 7 7 0 0
5097 1
10407 9
5100 6
10945 1 1 7 3
5103 2
5105 0 0
5106 9 6 0
5107 1 1 1 1 1
5108 2 0
5110 0 2
5114 7 2 6 4
443 2 7
5119 7 7
1807 3
5122 0 0
2219 0 2
5124 6
5125 0
5127 1 1 1
5128 1 3
10412 1
5130 0 4
11082 7 9
5138 7
5142 7
5144 3 3 3
5149 9
5151 6 6
5154 6
5156 3
5158 1 3
2225 3 1
2226 6
5166 4 6
5167 2 1
5168 4
5169 1
5170 0 6 6 0 2 2 0 0
5171 6
5175 3 3 3
445 7
9921 7
10421 4 0
5185 7
5187 3 1 3
10422 9
8629 6 6
5195 2
5196 2
5197 4
5198 0
5201 4
5202 3
446 9
1810 6
8212 1
5213 4 2 2 2
5216 1 2
5219 3 1 1 3 1 2 3 1 1
5221 6 0
5224 4
5227 3
5228 3
5229 1
5230 0
10429 9 6 9
5232 0
362 9
5243 0 9 0
5249 0
5252 4
5253 6 6
5254 6
5255 1
5257 0 0
5262 2
5265 6
5266 4 9
5267 9
5269 3
5270 9 0
5272 0
5275 9 9 9
5281 0
5283 3 3
2246 2 1
5287 0
5290 4
5294 0 2 0
5298 4 4
5301 0
5304 2 7 2
4727 6
5309 1 3
885 0 2 0 6
5312 2 4
5313 6
5314 6 9
9336 6
5317 0
5328 4 6
5333 4 6
5334 2 3
5339 0
5340 9 0
11089 2
5343 9
5344 6
4987 9
5348 9 9
5349 0 9
5350 3
178 0
5355 7 1
5360 6
5361 0
5363 9
5364 6
5367 9 9
5371 2 8
5373 9
10453 9
5376 6
5377 3 3
5378 4 4
5379 4
5380 2 0
5383 8 4
5385 2 3 4
5386 4 8
1851 3 3 2
5389 9
5390 0 0
5394 4 2
5395 7 0 7 0 7
5396 2
2089 0
5401 6 9
2362 9
5406 2 4 0
1271 1
5409 1 3
5414 8 6
5415 1
5416 2 0 0 9 0 0 0
5417 3 3
5418 9 0 0
9095 6
5423 0 2
5431 3 3
5432 3 3
5435 3 3 3 3
5436 4
8274 6
5438 0 0
7733 3 1
5443 0 6
5444 9
5449 9
5450 6 8
5452 2
8376 0
5458 9 9 9
5461 0 6 6 6 2 2 1 1
5462 8 4 6 4
5464 0 6 6 6
5466 2 3 1
5472 2 0 2
5475 6
2278 9
5478 1 4 9
5480 3 3 3 3 8 4 4 3 1
5947 2
5486 9 0 9
10472 1 1 2
5492 9 6 9
5493 1
10473 2 4
5497 2
5498 7 6
5500 7 7
5502 0
5504 4 2
5506 4
6379 0
5509 3 1 3 1
5513 1
5514 7
5517 2
5518 4
5523 1 3 3 1 3 2 1 3 3 3 3
8640 2 2
5017 6
5528 6
5531 9
5533 7
5534 4
10566 0 0 2 2
5536 2
5538 3
5540 3 1
5542 2 3
5544 9
924 8 8 4
5547 0 6
5549 3
5551 6 2
5552 0 7
926 3 3
5558 0
5564 0
5566 0 9
9120 0
1822 2
5572 4 6 4
5573 1 2
5575 1 2
5576 7 0 0
5577 7 0 2
5579 9 2 7 0
5580 6 6 4
5582 9 0 4 0
5584 2 4
5585 4 8
5587 1 1
5590 2
5592 2
5594 1
5595 2 6 0 4 9 0 6 0
5597 3
5598 9 9
5599 6 3
5600 4 6
5604 9
5606 4 4 6 7
5607 1
5610 2 6 4 4
5611 0
5612 7
5613 2 0
5615 7 6 2 7 7 7 7
5619 0 0
5621 1
5623 1
5625 2
10495 0 9 0
5628 7 9 0
5629 4 8
5630 2
5631 6 7
5632 2
5633 2 7
5634 6
5635 8 4 8 6
5639 0 2
5643 9 2 9
5645 0 6 9 0 2
5646 0
5652 9
5654 7 7
5657 9 9
5658 1
5659 9 9
2386 0 6 4 2
5661 3
5662 2 1
5664 0
1456 3
5666 2 2
5668 7
5669 6 1 8
5671 2
5674 1 1
2311 4
3677 6
5680 0
5682 6 6
5683 6 6
5684 7
5685 1
9191 0
5691 3 3 2 0
5692 0
5694 1
5045 0
5698 2
5700 2
5701 0 0 4
5702 7 0
5703 0
2372 4
951 4 9
5711 3 3
10283 2
5715 1
5716 0 4
5718 1 9
5719 2 2 2
5721 6 2
5727 3
5728 4 9
5731 0
529 6
8647 9 0 2
5736 4
9148 1 0
9150 2 3
5752 6 0
5753 0
5754 4
5755 3
5758 2 0
5759 2 3
5760 3 1 3 3
5761 6
5762 1
7787 6 2
5764 1
5770 1 2
5771 6 9
5772 9
10285 9 6
5775 4
5778 9 9 9
5779 3 1 3 3
8403 4 0 2 2 2 3
5784 7 9
5787 0 0
5790 6
9157 4
5793 9
2331 6
5796 6
9159 2 7
5804 8
5807 6 7
5809 3
5811 0
5812 9 0 0 4 4
5813 1
5814 8
5815 6
5823 9
5824 3 3
5825 8
5826 6 0 6
5827 6
5829 0
5830 8 8 4
5831 0 0
5832 6 9 0 7 0 9 9 0 0 0 6 6 6 6 0 6 6 0 7 6 6 6
972 7 7
467 9
9165 0 7 0
10897 9
5843 6
5846 3 3 3
5848 6
5850 9 0 6
5851 0
5852 6 9 6 4
2377 3 1 3
5855 3 2
5857 9
5860 2
5862 2
5863 9
5868 9
5870 9 0 9 0
5871 9 6 9 4
5873 9
5874 1 4 8 1
5875 2 3 3
10834 9 9 9 9
5877 0 4
5880 4 9
5881 6 2
8652 2 4
5885 9
5889 4 4 8 9 0 4
5890 0
5891 4 0
196 3
5893 4
5895 0
5898 9
5900 2
5902 0
5903 9 6 9
5905 3 3 3
10835 2
5907 3
5908 1 1 1
5912 4
5914 0
5916 6 8
5921 0 2
5923 6
1561 1 3 1 3 1
5926 8 6 0
5927 4 4 2
5929 6
5930 4 0 4
5932 2 6 7 0 0 9 6 0 6 9
5934 9
5935 2
5936 0 0
5946 2 3 2
10668 0
5948 0
5950 0 0 6
5951 7
5953 0 1
5954 0 0
5956 6
5959 9
1230 7
5961 9 6
5964 9 0
5966 4
8382 0
5969 0 0
5970 9 9 0
5971 1
5972 0
5975 3 1
5976 0 4 6
5981 4
5982 0 6
5985 9
5988 2 9
9190 1 3 3 1 8 4
1836 2
5992 9
10556 9
9474 2 4
5995 2 4 2
6002 2
6003 2
6006 9
6007 0 9
6008 0
6010 2
6011 1
6014 9 9
6016 1
6019 0 6 9
6020 0
6021 4
6023 6
6024 6 7
6025 4
6027 3 3 3 3
6029 2
5101 4 4
6033 2 1
6034 0
6036 2
6037 2 1
6040 9
6041 0
6043 9 9
6045 2 0 0
6047 6
6053 8 6 6 6
6055 1 1 1 3
6056 3 3 1 1
9749 7 2 0 0 2
6062 4 1
6063 1 3
6064 4 0
6067 1
6070 7
6071 9 9
9828 3
6077 3
6079 9
6081 0
6082 8 2 6 4
6083 6 6
6085 1
6086 6
6088 1 1
6090 0
6091 1 3 3 1
6092 0
10573 6
6099 4
6100 0
6102 0 6
6104 7
2383 4
6110 6 0 6 6
6114 9
8387 0
6121 9 0
6124 2
6125 2
6126 1
6129 1 4 8 4
6130 2
6131 9 7
6132 4 0
6133 4
6136 4 4 2 2 3
6138 7 6 6 9 2 2 0
6140 0 0
499 0
6145 6 7
6146 9
9752 1 1 2
6154 3
6156 6
6157 7 0 9 0
6161 6 4
6162 2 1 1
6163 4
6167 0
478 7
6169 7 0
6170 6 6
6172 0 0 8 3 6 6
10586 1
6174 7 4 9 0 7
6179 7
6180 1 9
6182 1 9 3
6183 9 9
6184 7
6186 0 9
6187 0 6 6 2 6 4
6189 9 0
6190 0 9
6493 3
6192 9 6 6 6 6 8
6194 0 0
6196 3
2387 0
6198 0 6
6199 2 1 3 1 3 2
6200 7 3 1
6201 0 4 6
6202 7
6204 0 0
1034 8 4 8 3 1 1 1 4 8 4
6206 1
6207 1 2
6209 4 0 4
6211 6 8 4
6213 0
6214 1
2401 0
6216 2
6217 0
6218 0 9
6222 0
6226 3
4133 7
6231 0 0
6232 3 1
6233 0
6235 0
6238 0 7 4
2405 3
6245 1 3 3 3
6246 0
6247 0 6
6248 0 6
6249 1
6250 3
1042 4 4
6255 2 0 0 4
6257 7
6258 6
6261 1 7 7 6
6264 9
6267 6
6268 1
9756 6 0 4 4 4
1045 1
6273 6 9
6274 0 9 0
6276 0 0 4
6277 6 6
6278 7 3
6280 6 6
6284 2
6289 0
6290 2
3779 4
6292 2 2
6295 9
6296 0 7 6
6298 0 2
3781 9
6306 4 4 6
6309 0
2417 0
6313 6 9 6
6314 1 1 3 2
6318 0 9
6320 1
6321 3 1
6322 7 2
2419 2 3 3 2
6327 6
6328 6
6329 9 0 9
1055 6 4
6335 0
6336 0 6
6338 6 6 6 6
6342 3 3
1057 6 0
6345 0 4
6348 9 0 9 0 6
1848 7
6352 6 6
6353 0
6355 6 0
6356 6
6357 6
2121 9
6367 2
6369 6
6372 2 4 4 2
9254 3
6374 4
6378 4
9255 0
6381 6 9
6383 0 0 0 7 4 4
6384 9 2 9 1 4 1 0 2
6394 6 3 2
10623 4
6398 6
6400 4
6401 3
9259 0
6404 9
6409 4
6410 6 0 1
6411 6 6
6413 9 0 4 2 4 6
1069 0 9
6416 9 6
6417 8 2
6421 0 0 0 0 0 0 6 0 0 0 0 0 0 0 0 7 0 9
6422 0 9
6423 4 4 4 4 6
6424 2
6427 4 4 4 4
8781 0
6429 3
6433 6 6
6434 9 9 0
6436 6 6 6
6437 0
6441 6 0
10631 0 4
9266 2 2
6448 3
6449 6
6450 2 3
6451 9
6453 1 3
6454 0
6455 2
6459 2
6463 2 0
6466 2
6470 0
6473 0 6 6 9
6474 2
6475 0
6476 4 8 4 4
6478 0 9 0
6479 1 1 1 3 1 1
6480 0
6481 9 9 2
6482 1 4
6484 0
8672 0
6486 3 1
6488 2 0 4 7 0 0
216 7
9274 8 0
6495 2 8
6497 2 2 0 6
2944 7
6499 1 1 2
6501 1 3 1 1 2
6502 3
6507 0 4 4
6512 1
6514 1 3
6515 3
6517 0
6520 6
6521 3 3
6523 3
6524 4 4
6526 2
6527 6 4 8 8 8 4 4
6531 2
6532 1 1 3
6533 0 9 9 0
6537 0
6538 1
6541 2
6542 0 4
6547 6
6548 0 4 0 6
1080 6 9 7 0 9
6550 6 8 4 4 2
6552 6
8336 7
6558 1
6559 9 7 9 9 9 9
6561 9
6563 0 7 9
6564 7
6567 3 2
6568 7
6569 3 1 1 1 3
6570 6
1095 3
7311 6 7 0
6574 4 0
10653 6
6576 6 9
6577 6
6578 9 4
6579 4
6581 4
6582 6
5193 0
6584 2
6585 6
6586 0 2 0
10655 4
6590 7 6 4
2464 2 2 0 8
6597 9
6598 0 3
6599 0
1100 2 2 9
6605 4 0
6606 1 1 3 1
6607 3
1102 3
6615 4
6616 6 6 6 6 4
6617 4 0
9295 0
6620 2
6621 0
6622 9
3835 0
7313 6
6635 1 1 3 3
6637 9
6639 8 6
1107 9
6644 0 7
6647 9
6648 3 3 3
10666 2 1
767 6
6658 2
6571 6
6660 9
6662 6 4 0
6572 7
6667 6 9
6670 3
6671 0 0
222 4
6675 9 0
6676 4
6678 9 6
1113 6
6681 2 4 4 4
1681 0 1
2479 3 3
6686 1 1
6688 2
6689 8 8 8 8
9307 2
6692 1 3
6695 1
6697 1
6698 9
6699 1 3
6701 4 7 4 6 6
6703 4
10675 2 0
6708 6
10589 1
6712 6 9 0 9 9
6713 9 9
6714 0
1119 9 0
6718 6
1120 1 2
6728 6
6729 1 3
2487 3
6732 1
6735 6
6738 9 9 2
9315 9
6741 3
6745 7
6747 9 0 6 6 6
6748 2
1736 2 1
6753 9 0 0
2491 1
6756 9 6
6757 2
6759 4 9
2680 1 2
1589 2
6768 2
9320 6
6771 1
6772 4
6773 4
1129 9 9
6776 9
6779 0 0 0
6782 6 6
6783 2 1 3 3
6786 2
6787 0
6788 0
6789 0
6792 9
6793 2
1684 1
6799 9 9
6801 1 1 4 0
10691 6
6804 6
6805 6
6808 0 0 3 0
6809 0 4
2501 3
6816 0 2 0
9328 2
6818 4
6821 2
6824 1
6825 4
6827 1
6828 9 9
5234 6
6831 4 6 0
6833 0
6834 6
6835 2 9
6837 4
6838 4
6839 6
6841 2
6843 2
6845 2
6846 9
9333 6 0
6851 9
6852 0
6855 9
6856 0 4
6859 6 6
6862 6 9 0
6863 4
6865 6
6866 3 1 3 3
6868 4 6
482 2
6871 1
6873 2 0
6874 4 6
8685 2
6877 6
6878 7
6879 2
6881 6 6
6882 7 9 6
6883 6
6884 6
9593 2
6886 2
6887 0 6
6892 0 0 2
10706 6
6895 4
6896 0 4
8413 4
10707 6 4
6900 6
6911 2
6912 0
1152 6
6915 3 1
6923 9 9 9 6
6925 4 6 0
6926 0 9 6
7981 3
6930 0 4 4
6932 2
6933 4 8 8 6 0
6934 0 9
6937 1
6938 3
6939 4 4
6941 1
6942 0
6944 2 2 2 4 2
6946 2 3
6947 6
6948 0 6 0
6949 0
6950 3
6951 6 6 4 4 6 6 6
1868 4 6
5687 2
6954 4
6955 3
6957 3 1 3
6958 6 0 0
6962 6
6965 1 1 3
6967 6
6968 8 8 8 6
6972 6
10720 0 6
6978 8 8 8 8
6979 3
6982 4 2 2 6 6 8 8
10903 1
6984 9
6985 1
6988 4 6
10722 3
6990 6 2
6991 1
6996 0
6997 6 4
6998 0
6999 2
7002 3
7003 9
7004 0 0
7006 1 1 2
9360 3
7012 9
7013 0
7014 1
7018 0 7
7019 9 6
7021 0
7023 0
7025 2
7026 3
7028 2
7029 3
7030 3
7034 6 4 6 2
9594 4
7038 2 2 0
9365 9 9
7042 0 4
7043 0
10379 2
7049 9
7051 9 9
7055 9 0 6
1264 2 7
7062 2 0 0 1
7064 4
7065 1 1 3
1178 2
7070 0
7072 9
7073 3
7075 1 2
7076 7 2
7078 2
9372 6 6 6 0
7083 0 2 6
7085 1
7087 3
7090 6
7091 0 3
7093 6 6 9 6 9
7095 2
7096 9 9
1411 7
7106 4 7
7113 0 2
7114 4 3 0 6
7117 0
7122 6
7126 3 1 3
7128 4 9
7132 9
7137 0
7138 2
7140 9
7141 0 6 4
7147 2 6
7148 9
7149 3 3
7150 0
7153 7 4
10331 9
7156 3
9385 3 3 3 3
7160 0 9 9
6655 1
7165 3 2 7 1 3
7168 3 1 1
7169 1 3 3
7170 0 0
9387 1
7174 2 6
2561 1
3785 3
7180 0 3 3
7183 9
7189 0 1
7190 9
7195 0 0 0 6
7196 9 0
7200 3
7201 2
7204 0 4
7205 3 3
7207 6
7208 9
7209 2
7211 9
7213 1
2007 8 4 8 4
7216 4 4 4
10760 9
7219 6 0
1877 3
7224 6
10762 0 0
7233 3
7235 3
7238 1 1 1
7240 9
2572 2 2
241 3
7244 1
7245 7
7248 2
7249 9 9 0 9
7250 2 6
7251 9
7254 0 0
1209 4
7258 4
1210 9
7262 9 9 6 0
7264 0
7272 9 6
7274 3 1 3 3 3 3 3 1
1606 1 3
9405 8 8 4
7280 0
7282 3 2 1
10771 0 0
7284 4
212 4
7288 9
7289 9
5311 6
7293 0 4 0 4 4
7295 3
7296 3 2
7297 9 9
7299 9 0 0
7301 4
7306 6
7307 7 3 3
7310 6
3949 0
2584 6 9 0
7314 2 4
7319 7 4
7320 1
7321 3 1
7323 2 2 1 1
7327 7 4 4 0
7328 7
7329 0 9
7330 1 1
7331 9 6
7332 6
7334 1
9917 7 7
3954 7 2
7344 7 1
7350 2 4 2
7351 2 1 1
7352 0
7355 1 1 2
7356 3
7359 4 2 4 4
7360 0
7361 7
7365 7
7366 2 3
1140 2
7368 0 0 6 0 2
7369 0 0
7372 3 1
7376 6 0 9
7378 3 1
7381 4 4 7
7385 2 7 7
7387 2 0
7389 0 7
7390 4 7
7391 6
7393 0
7396 9
7399 0
7401 0 6
7402 4
7406 6 0 0
9427 1 4 1 2 2 0 2
7412 4
7417 0 9
7422 2 3
7423 3 3
7424 4
7426 6
7427 2
7428 2
7431 6 0 6 4
7433 6 6 6 9
7435 0
7438 6
7440 7
7441 4
3971 6 0 6
7445 0 4 7
9433 9
7449 2 0 4 0 4 0 9
7450 3
7453 0 9 0
7455 0
7458 6 9 8 8 8 8
1243 0
7463 2
9436 0
7466 9 1 2 2 1
10802 2
7470 9
7471 6
9796 1 3
7473 4
7475 2
3977 0 0
7483 1 3
7484 3
7485 0 0 0
8075 0
7492 6 4 4
7495 0 9 9
7497 0
7499 0
7501 2
2616 1
5347 0
7515 3
7519 6
7522 0
7527 9
4615 0 2 0
7530 2 1
9447 1 1
7535 7 4
7536 7 7
7537 9 6
7539 0 6 6
7543 2
7547 0 6
7548 2
2887 3 1
7550 2
7551 0 4
7552 6 6
7553 4 6 4 2
7555 4 0 0 0
7556 9 9 9 6
7557 0
7559 0 0
1260 0
7562 6
7563 0 9
7565 2
7566 4 7 0 6 6
1261 6 0 0 7
9454 4 4 6
7575 0
7577 7
7579 0 6
7580 3
7584 1
7585 0
7586 9
1265 4 4
7594 7 0
7595 6
7596 4
7599 6
7600 2 7 7 0
7601 0 0 6
7602 6 4 2 4
7603 0 1 2 0 7 0
7604 1 1 3 3
9325 4
10825 9
7611 2 4 6
7612 6 6 0
7613 1
7614 9 9 6
7620 0
7621 3
7626 4
9463 0
7629 0
7630 0
7631 0
7635 0 2 6
7636 9 6
10830 0 4
7638 2 0 4
1273 6 8 6
7642 4 2
7646 0
7648 4
7650 2 4
7651 8 8 8 8 0 7 1 2 4 0 0 0 8 2 4
7654 0
7655 4 6
7656 4
7657 4
7659 0
7661 2
7664 4 4 4 4 4 8
7665 3
7667 2 3
7673 3
7674 4 0
1279 2 3 3
7676 4 4 4
7682 6
7685 2
9473 0 0 0
7689 3 3
7691 4 0 7 4
7693 1 4 0 2
7695 1
7699 9
7700 7
7704 0
7709 0 0
7712 3 1
7714 0
10843 3
7716 0 0 7 0 7 0 1
7719 0 2 6 2
7720 7 7
7721 0
7722 3 1
7723 6
7725 1
7728 4
2654 6 6 7
7735 9
7736 0
7737 4 2
7740 9 0
7747 2
7749 7 9
2657 6 6
7752 3 1
7758 1
7759 9 9
7762 3 1
7763 0
7765 0
7768 6
7771 3
6271 6
9488 1 3 3
8123 9 6
7785 0 4 6 6 8
10855 4 8 4
7789 2 4
7790 6 0
7792 4
7794 1 1
7795 6 0
7797 4 8
7800 0
9807 1
7803 6 0 0 0
7806 3
7807 6
7809 3
7810 6 9 9
7811 0 0 0
7815 1
7816 4 0 9 4
2668 2
7818 6
7819 3 8
7820 6
7823 6 0 6
7825 9 0
7832 0
7833 3 2
7834 0 0 0
7838 6
7839 8
7841 3 3
7842 7 3 8
7843 0
7844 4
7845 2
7846 2
1907 4 0
7850 2
7851 3 1
7853 9 7 6 9
1309 2
7863 6
7864 1 3 3 1
7867 7 7 2
7869 0 6 6
7870 7
2677 9 9
7873 0
7874 9
7875 1
7876 9 0
7877 6
7879 0
7881 0
7882 1 1
1198 0 0
7887 4 7
7888 2 0
7889 9
7894 6
2445 6
9508 9
7898 4 0
7899 7 7 7 7 7
7903 0
7907 2 2
7908 8 1 3 1 0
7910 4
7911 7 0 4 0 6 4 4
7913 9
7916 1 3 1 1 1
7917 9 0
7919 0
7925 1
7928 0
7931 0
5419 1 0
9516 0 2
7947 1
7948 1 1 1 1
9812 2
8509 4
7955 6 0
7956 0
7957 9 9 9
7959 0 0
7960 2 4 4
7963 6 6
7965 2 6
7966 0 2 2
7967 8 8
7968 9 0
7972 0
7974 0 0
7976 0
7977 3 3 3
10904 1 3 1 3
7980 9
9522 7
7988 6
7989 0 0
2697 2
7993 6 4
65 0 1 2
7998 3
1333 6
10632 7
8003 9 9
8004 2
8006 0
8007 0
8010 1 1
8011 4
8015 3 2
1336 6 4 4 2
8019 2
8020 3 1
8021 0
2722 6
8024 2 3 1
8027 6
8028 1 1
8032 8
8033 0
8034 3 3
8037 9
8038 1 0
8039 2 2
8040 2
11179 4
8046 0
8047 0
2782 1
8053 4
8054 0
8055 2
8057 9
8058 0
8063 1 2 1
9543 1
8067 3 3
8069 1
8072 0
8073 1 3
8074 0 6
11180 0
8076 0 0 7
10089 6 6 6 6
8080 6 0
8081 4 4
8082 8
8083 1
771 0 1
8088 0 4
8089 6
8090 0 1 3
8093 9
8094 6 0
8096 7
8106 1
8107 0 0 4
8108 3 3
8109 7
8113 4 7 8 6 6 4
8114 4 6 4 4
8115 2
8116 2 0
8117 0
9545 1 0 7 7 4 7 0
8122 1
6815 6 6
8124 0
1354 0 0 2
8127 6
8128 3 3 2 1 1 3
8129 0
8130 1 6 1
8131 3 1 3 3 3
8133 9 0 6
8135 1
1356 2
8141 6 6
8142 7 4
8143 9
8145 6
8146 0
2723 0 0
8148 6
8149 7
8151 0
8153 2 6 6 6
8154 0
8155 3 3
8156 0
8157 0
8163 6 7 4
8164 2 6 2 9
8166 2 2 0 0
1361 6
8168 0
8171 4
8173 0 2
8174 6
6601 0 0 9
8178 2 0
8182 0 0
1909 4 4 4 4 4
8186 9 9 0 6 0
