1 9 6
8194 9
4 0
5 8
6 2
7 1
8201 3
8202 4 8 8
8203 4
8204 3
2 0 0
8206 0
8208 3
17 9
19 9
26 3
8222 0 0
8227 4
8229 6 6
8230 7
8232 9
8235 4
44 9
2738 9 9
8240 9
52 6
8247 3
56 9 6 6
61 2 2 0 2
8254 6 0
65 2 7
66 0 4 4 4
69 6
8262 0 7
8263 7
72 4 8
75 0 4 6
8268 2 0 7
8269 6 6
78 6
8271 0 0
81 6 0
82 2 4
84 6 8 4
92 7
8285 0
94 0
95 0 2
8290 1 3 3
99 4
100 3
101 9
102 0 0
103 4 0 0 2 9 0 9 4
106 2
107 3
108 7 7 4 4
8302 0 1
112 9
8305 9
116 9 9
117 4
8310 0
8312 9 7 6
130 0 0
8325 1 3
8328 9 6 9 9
138 7
8332 0
8333 0 0 9
142 0
8335 3
8339 3
149 6 6
150 4 4
8347 0 9 0
8352 0
8353 0 0
162 3 1 3 1
10950 1 3
8358 7
8359 6 9 0
169 9 9
173 4
8366 0
8370 4
8371 9
181 3 3 1 1
8374 0 4
8378 0 9
188 0 7
189 7 1
8382 6 6
191 4
8385 4 4
195 6 0
8388 2
200 9 7 9
8393 0
203 2
205 2
8400 2
8401 1
210 0
8404 0
8405 3
8406 3
8409 0
8411 2 6
222 9
37 1
224 9 6
225 3 3 3 1
229 3 3
230 1 2 1 1
231 2
232 6
8425 9
8426 8 8 4 4
237 0
8433 2
244 4 0 0
249 7
8445 6 4
8446 3 1 3
8450 6
8451 0 0 9
260 9
262 3 1
264 1 0
265 2
8459 4 4 2 8 4 2
8460 1 1
269 6
270 3
272 2
8467 4 0 0
276 1 1
8472 0 0 2
282 6 2
283 2
8476 6 0
289 7
8483 4 6
8485 0
295 7 9
8488 3
8489 7 0 9
298 9 7 2
300 1
2781 0
304 3
8498 9 6
9493 8
8505 6
315 4 6 8 8
319 7
320 4
321 1
8515 2 1 7 1
8516 9
8517 3
328 4
330 9
55 1
8526 6
8529 6 6
8530 4 6
342 2
343 7
8536 6 0
345 1
8540 2
350 7 3
351 3
8547 7
8551 1 9 7 7
8555 6 0 0
8557 1
367 2
368 0 6 7
10984 0
8563 0 0
8564 6
62 0
8569 3
8571 0
8574 1
8578 0 6
391 0 0 7
8584 9
394 9
8587 0
398 9 0
8594 2
8595 2
8596 0
405 0
8600 2 4
410 1
8603 9
412 9
8605 3
414 4
415 4 0
416 8 4 2 1
8612 3
8613 9
422 9
423 0 6
8616 0 0 9 9
425 4 4 6 9
8618 7 6 9
899 2 9 9
436 7
437 3
439 0
443 9 4
444 9 9 9
445 7
446 2 7 1 0
8640 0 4 4 6 6
449 6 0
451 1
452 6 0
8645 0 6
8646 8
455 3
8648 2
459 4 0 4
460 2 8 4
461 0
464 4
8658 0
467 1 1 2
469 0 2
8664 0
473 4 4 2 0
477 4 4 2 6 8
478 4 6 6 0 6 7
8671 6
480 3
8675 9
485 0 9
489 4 6
8684 9
493 2
495 2
8688 3 3 1
8689 2 0 0 6
8690 7
500 9
502 0
506 3 7
8699 0 7
508 0
8701 3
513 0 2 0
515 7 7 7 0
8708 4
518 7
522 9 1 3 2
8721 0 1 3 3 7 9
531 1 3 3
533 0
536 3
539 0
8734 3
544 4
547 1 3
550 9
8746 1 3 3
556 6
8750 4
93 6 0
8752 0
562 0
563 0
564 2
8757 2
566 2
569 2
8762 0 9 9 0 6 0
571 9 9 6
8764 1 3
573 1 1 2 1 1
8766 3 3 3 3 1 1 3
8769 6
579 9
580 6 0 4 0 4
8773 1 1
584 2 0 9
11020 9 9 4
8780 4
595 4 3 6
596 1
599 2
601 9
602 0
8795 6 4
604 4
605 7 3 1
606 1 3 3
610 9 6
1467 9 4 9
8804 9
613 6
618 2
620 0
621 4 0
8814 4 0
624 3 1 3 1
8817 7 9
630 6
9841 2 0
633 0
8828 3 3
637 2
639 1 3
8832 2 4
8833 0 9
8834 9 6
645 3
8838 0 3 2 4 4 8
8841 2
8842 2
11031 4
8845 7
654 1
655 0
656 0
658 0
8851 4
661 4
662 1
663 1
664 0 6
8861 7
8862 0
1477 0
8867 3 1
676 6
8872 9 6
681 0
8876 3
686 4 0
8879 6
692 4 7 1 4 4 9 9 9
8885 6
696 2 1
698 9
700 2
701 6 9
8309 7 6
8897 9 9 9 6 0
707 6 6
709 2
710 9 7
8903 4
8904 9
8912 6
8915 0
8918 2 2
8919 6 0
728 6 9 6 9 9 6
729 9 9 0
731 0
734 0 0 6 0
8927 6
8928 0
8929 6 6 0
738 0 0
8931 2
8934 1
8936 6 8
8938 9 4 6 9
8941 1
8942 1 6
751 3 1
755 0
763 9
8956 2 1 1 1 1
765 6 4 6
767 0 2 0
775 3 3 3
778 3
8322 6
782 3 3 3 3 3 3 3 3 3
785 1 1 3 3 3
8978 9 9
8979 1
8980 2
8981 9 6 4
791 0 0 9
6959 7
8988 7
133 0 4
8996 9
8997 6
806 1
9000 0
9002 0
9003 0 4
816 0 2
2867 3
820 0 9 0
822 4
9018 1
828 1 3 3 1
8330 9
833 0
9027 9 9
9030 2
839 9
9032 4
9034 6 0
9036 9
1506 0
846 6 6 0
9039 0
9040 9
851 2
9046 0
9047 3 3
9048 6
9049 2 2 0 4
860 0 4 9
862 8 6 4 6
9701 3
864 0 6
9057 7 4 6
870 0 4 4 6
9065 4
9066 9
878 1 1 2
9071 9
882 3 3 3
883 7
9077 9
1513 6 6
9082 9
11071 0
896 2
9089 0 4 0
898 9 9
9091 3
9094 2
9095 0
9097 6 9 0 9
906 1
907 3
9100 9 4
9101 0 6
9103 7 9
912 2
9105 7
916 2 3 1 3 1
917 9
918 4 0
9112 6 4
9113 9 6 9 2
9114 9
9115 1 1 3 3
9116 3 3
9119 8
928 0
9712 9
9125 6 9
937 4 6 4 9
938 0 0
9131 6
9132 0
941 2 4 9
9137 4
946 4
947 4
951 0
9146 7 9
9150 3
9152 7
9153 3
962 3
963 0 0
965 3
9160 3 3
9163 6 9
9164 6 6
974 0 0
9167 6
978 9
9171 6 4
2894 9 9 9
982 6
983 1
986 3
9179 9
990 2
9183 0
9184 9 9
2896 0
994 3
9187 4
9188 4
9190 9 0 0 4 3 4 2 4 0 0 2 4
999 7
9192 2 2
1532 2 4
1006 7
9201 6 3
9203 0 6
9208 9
9209 3 1
9211 0 4 4 4
9216 1 1
1027 0 9 6 6 0
9224 0 0
9225 0
9226 0
9230 1 2
9232 7
9234 3
1044 3 1
9237 0 7 4
9238 9 6 9 9
1051 9 9
9245 9
1055 0
9248 6
9251 6 6 0
1065 2
1067 1 3 1 1 3
9262 2 9
1072 9
1544 0
9267 3
1076 9
1077 6
9270 6
5641 6
1080 9 9 6 6 6 0 6 9 1 0
1082 0
9277 3
9279 4
1094 0 4
1095 3
9290 0 2
9292 9
1101 6
9296 2
1105 8
1106 6
1107 6 9 9
9301 0
1112 0
9305 9
9306 0 4 3
1115 1
1116 6
9309 1 3 1
1119 6 9 9 9 9 6 9
1121 4 8
1122 3 3 3 1
9316 9 9 9 9
1126 9 9
1553 6 2
9320 0 9
1129 9
9322 9 0 9
1132 0
9325 9 4
1134 9
9327 6 9 0
1136 9 9
9329 6
190 1
9336 0
1146 0
1151 3 1 3 3 3
9345 1
9351 1
9352 1
1162 9 9
9356 0 0 4 2 0
9357 4 0
1167 4 9 0 9 0
1168 9
1169 0 4
1171 9 6
1172 3
9365 9
9366 0 3
1176 7 7
1180 1
1182 9 0
9375 2
1184 0
2928 0 9
9379 4
1188 2
9383 6 3
1192 7
9387 1
1196 3
1197 9
9390 2 2
9392 4
9395 7 7 6
9396 9 9 0 0
1205 9
1207 2
1208 6 6 0 7 6
1211 9 0
9404 9
9406 0
11125 3 1
9409 4 6
1218 0
1219 4 9
1225 4
9419 9 0
1228 7
1230 2
9423 6 0 4 9 9
9426 6 0
1237 4 6
9436 2 2 6
9439 0
1248 0 9
9441 6
9442 0
11131 1
1253 6
9446 7
209 1
9450 9
9451 0 0
9452 9 6
1261 9 0 0 0
1264 4 4 4
9458 6 0
9459 9
1269 0
9462 6 0 6 0
9464 9
1274 3
1275 8 6 6
9471 9 2 6
9472 8 4 4
9474 0
1286 4 0
1288 4
9772 2 0 7
1290 3 1 1
1581 3 3 3
9491 0
1301 6
9506 6
9591 6
10955 6
9513 9
1328 9
2952 3
9523 6
1334 8 8 8 8
7049 9
9531 6 6
1340 2
1341 2 6
9536 2 0
1346 0
1351 7
1354 6
1358 2
9552 0
9554 1
9555 6
9556 1
1367 9 6 0
1368 0 0 9
6865 7 6
1372 9
9565 9
1376 3
9569 6 0
1379 1
9573 0
9578 9
9789 2
1393 9
1396 4
1398 1
1399 1 1
9592 9 4 6
1406 1 3
9599 4
9601 3
1410 9
9603 8 4
9604 1
1413 0
9608 0
9609 4
9611 9 9
9613 0
9615 1 2
1426 0
9619 3
9621 9 6
1430 3 1 1
9625 9 0 0
9626 7
1436 2
9629 9
1438 0 4 0 1 1
1440 9 7
1441 3
9635 1
1444 4
9798 0
1452 0 9 9 0 9
10414 6
9648 0
9649 0
1460 9 6
1461 0
9657 9
9659 1
1468 0 9
1610 0 8 0
1470 9 6
1472 0 4
9665 6
9667 1
9669 7 0 4
1480 6
1484 1
1487 9 9 6 9 9 9 9 9 6 6 9 6 6
1492 6 4 2 2 0 2 0
9806 1
1494 2
1495 0 0
9689 0 6 0
9807 0 6
1500 3 3
1501 9
9698 0
1508 1 1
1509 9
1511 0
9705 9
1514 0
9708 0
9709 9
1519 0
1520 0
9713 6 9 9
1522 1 3 1
9718 0 9
9719 0 2
1529 6 9 0 0 1
9723 7
9724 2 4
1533 9 9
9726 4
1539 2
9733 2
9734 0
9736 4
9815 4
9741 1 1
9742 4 4
9745 9 9
1556 1
9749 6 6
9750 9
9752 8 8
9757 2 1 9 9
9760 2 0
1569 6
1570 0
1571 1
1573 0 6
9769 4
1578 0
1579 3
1580 0
9773 2 0
9775 2
9777 0 0 7
9778 0
11187 9 9
1591 4 9
1593 0 9 0 6
9787 9
1597 2 4 6
9792 9
9795 9 9 9 9
1604 9
1606 2 3
9801 0
9802 4
1611 3 3
1614 0 6 0
1615 9
1616 6
1617 0 0
1621 0
9814 9 9 9
1623 1
1624 7 9 9 9
1629 9 6 6
1631 0
9824 6
1633 7 0 9 2 2 7 0
9828 2
1639 9
1640 6 6
1642 7 0
9831 6
1646 3 3 3 1 2 3
1647 0
9832 3
1650 3 3
9847 6 0
9848 2 2
9849 4
9857 6 2
1643 0
9861 9 4 0
1671 2
9866 9 9 9
1975 4
9869 3 4 8 4 8
9871 4
1680 4 4 0 9 7
1681 0 2
1684 1
1685 6 9 0
1686 3 3
9881 7
9839 3 2 2 1 1 3
1693 0 2 6 0
1695 9
9889 3
9892 9
1649 9 9
9896 6
1706 2
1707 0 4
9842 4 4
9905 0
1718 3
9911 7 0
9913 0
9914 2 0
1723 2
1724 2 2 0 9
1725 7 0 9
1728 1 1 1 2
1730 0
9924 9
9926 0 0 6 6
9927 0
9928 0
1738 2
1740 4
1742 9 9
1743 3 1
9936 0
9940 2 0
1749 6
9943 1
9944 9 0
1753 2
9948 2
1757 0 0
1759 9
1760 1
9955 6 9 6 9
1764 2 9 9
1766 3 3 1 1
1768 9 0 9 0 4
9961 9 6 7 0 0
1774 3
1775 0
1776 0
9973 6 0
1785 3
1791 6 9
1792 6
1794 4
9988 1 1
9989 1
9998 4 4 4
10000 2
1811 1 3 1
10008 8 1 2 1 1
1820 6
10013 9
10014 3
8496 0
1826 2 1
1833 7
1834 3 3
1839 2
10033 1
1843 3 3
10037 0
10039 6 9
1848 4 0
1852 8
10045 1 3 3 3 3
1854 9
1857 0
10050 3
10051 6
1861 4
1865 4 0
1867 0
10061 4 8 8
1870 4
10063 2
1882 6
10076 6 0
10077 2
10079 9
10080 1 9
1892 4 0 8
10088 9
1897 3 3
10092 0
10093 2
10094 3
10095 0
1904 9 9 4
1908 1
9338 9 9
1910 2
10104 3
10107 2
1916 4
1919 6 0
10112 3
1922 6
1923 0
10116 0
10117 1 1
10118 0
10119 3 1
10120 9 2 9 9
1930 0
10127 4 0
1936 6
10130 6
323 4
1945 0
10138 0 0 0 0 0
1948 3 2
1950 9 9 0
1951 6
10150 2
1960 4
1961 1
10154 4
1965 1
10159 1
10162 2
1971 0 9 9 2
10164 4 2
1973 3
10167 0 0
10169 3
1978 2
1980 2
1981 4 4 4 9
10174 3
1983 1
10176 1
10179 1
1988 7
10181 0 6 0
1990 1
1992 6
10186 2
10187 9 4
10192 3 0 4
10193 6
2005 3
10198 0
10205 0
2014 9
2015 0
10214 0
10216 3 1
10217 9 2
2029 3 1
2030 6 9 6 0 0 6
10223 9
10224 6 9 3 3 0
10225 1
10226 0
2035 0
2038 1
10232 0
2041 0
10234 2 0 7 4 6 4 6 0 1
2043 2 0 2
2044 9
2046 0
2047 1
2048 1
10244 6 0 9 9
2057 4
10254 8 1
10258 3 1 1
2067 0
2068 6 6
2069 0
2071 6
2072 3
10265 9 4 6
10266 0
10267 6
2079 6
10272 1 3 1 3 3
10274 9
2084 4 4
2086 1
10279 6 4
10282 3
10283 2 1
10285 9
10286 2
2095 6 6
2097 2
2101 6
2102 2 2 1 1 2
4051 0
10300 1 0 2
10301 4
10302 1
2112 9
2114 0
2116 9
10309 6
10313 4
2122 4
1719 6 0 9 9 0 3 1
10317 9 0 6
10318 9
2469 2 0 9
10323 0
10324 1
10327 1
10328 3 1
10329 0
2138 0 9 6 6
2141 6
10335 9
2144 7 0
2146 4 0 9
10340 3
10341 0
2150 4 1
2153 7 0 4
10351 0 2
10352 6 0 4
2162 0 6 7
2163 0
2167 1 3
2169 9 9 9
10362 3 1 9
2171 9
2173 7 7 6
2174 9
2175 2 0
10368 6
10369 3 3
2180 6
10375 9 2
10377 9
2187 2
2188 6 6 7
2189 0
10382 3
10384 9
10386 0
10387 6 6
2196 4 2
10392 6 4
1732 3 0
2202 0
10395 2 6
2204 0
2206 0 0
10399 9 6
2211 0
2212 4
2214 6 4 0
2220 0
10413 4 0 0
2222 0
2226 0
371 9 6 9
10421 2
10422 9
2231 2 0 0
2232 0
10425 9
10427 6
2236 9 9
2237 0 0
10432 9
2242 0
10437 3 3 1
2247 3 3
9932 1
2250 3
2252 0
10445 3
10446 9 0 9
10447 9 9
10448 9
10450 6
2259 9
9934 2
2266 2
9935 9 9 9
2270 2 4
10463 2
2272 3
1744 9 9
10474 2 2
2284 0 2 9
10480 7 3
2289 2
2290 9 9 9 9 6
2291 3 1
10486 6 6
10488 9 9
1748 1
2298 0 9 9
10491 4
2308 9 2
10508 9 6 6
386 0
2320 0 9
2321 4 4 9
10514 0 2
10518 0
2331 8
10524 4
2334 4 0 6
10529 6 6 6
2340 6
10537 1 8 8 6 4 4 6 9
10540 6
10541 3
10542 0
2353 2
2356 3 1
2358 2
10551 0 2
2361 4
2362 2
2364 9
10557 1 1 0
2366 0
2368 9 0
2369 9 9 6
2370 3
10564 4 4 8
2376 1
10571 9
10575 9
10576 0 9 3
2385 0
10578 6 1 0 6 6 6 6
2387 9
2388 0
8590 0
2390 9 9 9
10586 1
10587 7 6
10589 3
10591 0
10592 9 9 6
10593 1
2402 2
2403 9
10596 2
2405 3
10599 0 2 0
2408 9 3 3 1 2
10602 9
10604 4 0 2
10608 2 0
10610 0 4
2423 0 1 4 0
2424 1 3 3 3
404 0
10620 9
2429 6
10622 6
10628 9
8810 0 9 9 0
10631 9
2440 3 3 3
2443 2 2
2446 3 3 3
2449 4 7
9966 4
10646 0
10649 7 6
10650 4
2463 0
2466 9 4
411 6 9
2468 2
10661 7
2470 9 0 9 6 6
10666 6 3
10668 6
10673 6
10676 1 1
2485 0
10678 9 9
10679 4 9
10680 0 0 9
2490 6
10683 0
2494 6
2496 4 0 6 2
2499 6 2 6
10696 9
2506 9 0
2507 7
2509 0
2510 1 3
10703 0
2514 1
10709 0 6 6 9
2518 0
9977 9 9 0
2521 6
2522 1
2523 9 0 9 9
10717 0
10718 0 0
10719 1
2529 8
2530 4
8614 6
10727 0
2536 2
10730 1
10732 0
2541 2
10734 1
10735 0
2545 2 1
2550 2 1 2 1 1 3 2
8617 3 3 3 2
2552 6 0
10746 8 2 4
2555 4 0 9
10748 0 0
2558 6 2 6 6 9 7
10751 3 3
2561 3 3 1
2563 0
2564 2
2567 9 6 6
2570 3
10763 9 6 4 6 6
10764 6 6 2 2 4 7
9986 2 9 0 2 2
10768 3
2577 9
2578 9 9
10771 0 9
10772 0
2581 0 9
3161 4
2584 2 6
10777 4 0 0
2586 6
10779 6
10783 1 3
2593 9 9
2598 4 8 8 6 8 4 4 4 6
2599 0 9
2601 3
10795 3
10796 1
2605 1 3 3 1
2606 0 6 0
2608 4
10803 7
2615 3
10809 3
10812 0
10813 7 1 1 3
10816 9 4 4
2625 9
10819 1 2
10820 2 2 1 1 3 1
2629 6
10822 9 0 6 6
2631 4 4
10825 4 4 2 7 0 2
2635 0
2636 7
10832 9
10833 9 6 2
10836 0
10837 0
10838 7 9 0
2647 6 0
2649 1 2 1
2653 6 6 6
2654 0 0
2656 3
2658 2
10851 1
10852 2
10853 0 0
2662 9 4 7
2664 9
2667 4 4 6
10860 3
2670 1
10863 1
10865 4 4
2675 2
10869 9 2
2680 1
2681 2 4
2683 6
2684 2
2685 0
2686 3 8 1 4 1
10880 9
10881 0
2690 4 0 6 6 6 8 0
2693 6
2694 9
2695 1 1
2697 6
2702 6 7 4
10896 0
10897 7
2706 9
2707 3 3
2711 0
2712 0 2
10905 2 0
10906 7
10907 2
2716 1
10909 6
2719 0
10914 6
10916 9
10925 7
10927 0
2737 0
10930 1
10931 3 9
1822 4
10934 0
10935 2
2746 1 1
10939 8 4 4
10941 9
10943 6
10945 7
2754 9 0
10948 9 0
2758 0 6 6 6 4 4 4
1825 9
2760 1
10953 1
2762 0 6
2763 8 2
2764 3 0
10959 6
10960 4 7
10962 9 9 7 6
2772 1
2773 1 1
10969 0
10973 9 2
2783 9 9 0
2785 4 4
10979 1
2792 0
2794 6
10991 1 3
10992 6
2801 2
10994 0 7 7
2804 4
11000 4
2812 0
11005 0
2816 6
11009 4
2818 4
2819 9
2821 2 9
11014 1 3
2824 6
2826 6
2828 6
11021 2 2
11024 9
11025 0
11026 1
11028 2 2
2837 0 0
11030 6 6 0
2839 0 0 2
11032 4 7 0
11034 0
11035 9
2844 9 9
2850 4 3 1
11043 3
11044 6
11045 2
2854 7 0 7
11053 0 0
2865 1
2866 0 6
10035 6
2870 6 6
2875 0
2876 0 6
2877 0
2878 3 3
2879 2
2880 9
11073 9 0
9916 7 1 1
11076 9
11081 1
11082 9
2891 3
11084 1
11085 9
11086 0 0 9
2895 4
11088 0
2898 3
2899 4 6
11093 1 1
2902 2
11095 7
11096 3 2
2907 6 9 6
11100 0
11104 6 0 2
11105 9 6
10003 3 3 1
11107 2 2
11116 8
11120 3
2933 1
2935 3 3 1
2939 0
2941 0
2943 0 4 0
2945 0
11138 9 6 9 0 2
2950 6
11144 1
11145 0
2956 1
1858 4 4
11150 8 7 9
2959 9 9
11152 0
2962 6 6
11155 9 9 9
11156 1
11158 1
2967 0
11160 0
11161 2 0 2
2971 8 2
2973 6 4 4 4 7 3
2974 3 1
11168 0 9 9
11171 9 9 6 9
2982 9 9 0
11176 4 9
11177 2
2986 0 2 0
2988 9
11181 7 6
11182 2
2991 1 0
2993 0
2995 7 4 4
2997 0
3000 9
8692 3 3 1
3003 6 4 6 6
9920 1 3
3009 1 9
8694 9 6 9 9
3014 0 9 9
3016 6
3019 1
3023 9
3025 3 3
3026 1 3 3 2 3
3030 0 0 0 0
3031 7 4 8 4
8698 0 9
3038 0 0 6
3041 3 3 3
3047 6 6
3050 0
3057 3 3
3058 6 6 6 6 6
3065 6 7
3066 2
3067 9 0
3074 0
3076 0
3079 9
3080 4
3081 2
3084 3
3088 3 2 3 1 3
3095 6 6 4 6 4 2 2 0 4 7
3097 2
3098 6 6
3099 7
3100 1 2 3 3 1 1
3102 0
3103 6 4
3108 6
3109 0
3110 9
3112 9 0 0
3113 0
3114 9
3121 0
3124 6 7
3126 7
3127 3 3
3131 3
3136 4 4
3141 3 9 3
650 9
3145 9
3149 0
3151 9 0
3155 0
3157 4
3158 0
3159 3
10084 3
3166 6
3169 4
3170 6
3173 2
3181 1
3182 0
3185 3
3187 9 9
3188 6
3189 4 9 0
3190 3
3192 4 9
3193 1
2834 6
3197 0 9
3203 0 4
3210 0
3224 6
1903 1
10878 9
3229 0
3230 4 4
3231 9 0
3232 1 1 3 3 1
3234 6
3235 4
3245 6 0 0
3247 4 8
3248 2
3249 6 9 6 6
3251 9 9
3254 1
3257 0
1909 2
3267 2 2
3268 6 2 6
10102 9 9 6
3271 9 9
3276 0 9
3279 0
3281 6
3282 3
8739 6
3285 8 8 3 9
3288 1 3 1 1
3291 6 6 9
3292 1 1 1 1 3 1
3301 4 0 6 4
3302 6
9930 2 1
3305 7 0 4
3308 0
3309 0
7379 2
3317 9 4 0
3319 1
3322 0
3323 9
554 9
3331 0
3337 9 0 7
3341 3
3347 3
3348 3 3 3
2743 6
3350 6 6 6
3351 6 2
1924 9
3359 0
3361 0 0 0
3362 4 7
3367 9
3371 4 7 0
3372 0
3375 4 8 6
8755 9
3380 2
3383 0 0 4
3399 6 6
3400 6 9
3401 0
3403 0
3404 9 9 9 9
3406 0
3417 6 4 8 1 3 3
3419 4 4 0 2
3421 0 0 9 9
3427 3 3
3429 3
3433 6 6 0 6
8765 2
3441 2 0 0
3442 4
3444 6
3447 3
3453 6 0 2
3461 2 0
3462 7
4673 9
3466 0
3470 9 6 9 0 9 9
3471 3 1 1
3472 6
3476 9 9
3477 7 9
3480 9
8772 0
3483 0
3487 9
3488 6
3502 3 3
3503 3
3505 3 1
3507 0 0 2
10142 7
3512 9
3513 4
3514 6
3516 9
3524 9 7
3532 9
3537 1
3543 9 6 9
3545 0 6
3546 3 1 3
3547 0
3548 9
3552 0
3554 7 0
3560 2
3561 9
3562 9
3564 9 0 9
8787 1
3572 9
3573 9 9 6 9
3574 7
3575 6 6
3579 0 9 9
3584 0 2 1
3585 3
3588 4
3594 0
10444 3
3601 6
3603 9 0
3607 6
3610 0
3611 3
3614 6 6
3616 9
3621 6 7
3629 4 7 4 2
3635 7 7 0 0 2
3642 0
3646 4 4 8 8
3653 1 2
3654 2
3657 9 9 9 0
3658 0
3659 0
3660 2
3662 6
3665 4
3666 0
3667 0
3676 3
3690 4 4 6
3691 9
3692 0
3693 6
3694 0
3695 1
3696 6
3700 0
3705 9
3709 0 6 0
7445 0 9 9
3715 2
3717 6
3719 0
3727 3 1
3730 1
3736 3 3
3738 0 6
3739 6
8481 6
3747 9
3749 2
3754 8
3756 9
3757 7 4
3758 9 9 9 9 9 9
3766 3
3770 0
3779 1 3 1
8822 9 9 6
3783 6 2
3785 1
3786 4 1
3787 7 4 7
3788 3 2
3797 0
3805 9 9
3810 1
3812 8 8 0 7
3819 8 2
3824 4 0 0
3830 4 0
3831 2
3833 0
3834 3 3 3
3848 7
9585 0
3855 9 7
3865 6
3867 9
3871 0
3879 3 3 3 1 3
3881 6 6 0 4
3886 3
3887 4
3889 6 9
3895 0
3900 8 4 6
3901 1
3904 7
3910 6
3914 0 2
3915 0 2 2 2 2 2 0
3918 4
3919 6
3920 6
3921 4 0
3929 9 0
8848 0
3945 0
3949 9 2 0 0
3951 6 0 6
3952 4 4 8
3953 9
9679 2
998 9
3962 9
3965 7
3975 4
3976 2 2
3977 9
3980 4
3982 2
3984 1 4
3985 9 9 4 6
3989 6
2031 7
572 0
3997 0
3999 3 3 1 7
4000 7 2 2
4005 0
4006 0
4008 3
4012 0
4014 0 9
4022 0
4023 3 3
4024 9
4025 0
4029 0 4
4030 6 6
4034 0
4036 0
4038 3
4040 0 0
4044 9
4046 9
4048 0
675 0
4053 8 4
4058 1 3
4059 4 8
4082 7
4089 1 1
4090 3 1
4093 6 9
4094 3
4097 1 2
4100 0
4101 9 9 9 9
4103 7
4105 1 3 3
4107 3 3 3 3
4108 2 2
4110 4
4112 4
4115 0
4119 6 0 0
7775 6 4 4 0 4 4 0 8
4123 1 1 3 1 3 3 3 3 3 1
4125 6 6 4 6 0 6 4
4132 0 6 6 4 9
4134 2
4135 0
4137 9 9 9
4139 0 6
4140 0
4143 3
4151 8
4153 6
4155 7
4161 6
4165 3 1
4167 9
4168 0 6
4169 0
4171 0 9
4172 2
4173 0 9 9
4175 3
4176 0
4177 8
4179 0 6 7
4181 2
4190 0
4194 9
4200 2
4201 6
4204 9 0 9
4206 0
8893 7
4209 0
4211 9 9
4212 0
4213 4
4217 0 9
4223 9 9
4227 3
4230 4 4 8 7 6 4 7 4 8
4231 4
4240 1 1
4241 3 1
4243 0
4245 0
4246 9
4248 4 4 8 3
4250 0
4251 0
4256 6
4263 0
4266 2 9
4275 9
4277 6
4279 9 2 6
10271 6
4289 0
4290 0
4293 2 2
4299 9 9 9
4308 0 6 0
4309 2
4311 2
4314 0
4315 4 4 0
4316 2
4320 4 4 8 8
10278 2
4328 9 6
4330 4
4335 1
4337 6 0 0 0 9 0 2 7
4338 0
723 9 9
4349 3 3
4357 0
4358 1
4365 0 6
8920 1 1
4370 2
4378 0 0
4379 6 6 0 6
4382 9
4385 0 9 9 9 0
8923 1
4388 3
4394 3
4399 1 0
8926 1
4408 6 6
4414 3 1 1 3
4416 3
4417 2 1
4430 9 9 6
4435 4
4438 4
2799 9
4440 0
4444 6
4450 4
9193 0 0
4458 2 0
4460 9
4464 1 1 2
4465 6
4466 3 1 3 3
4469 3
4472 0
4478 7
4479 0
4493 3 2 2 1 3 8
4500 2 0 0 6 0 2
4503 8 4
4506 1
4508 0
4509 9
4515 7
4519 6 9
4521 3
4522 4
4534 6
4535 9 7
4538 9
4542 2
4543 3 1
4545 9 9 2
4546 6 6
4552 6 9
4553 1 3 3 3 3
4562 9
7587 0
4567 6 0 4
4570 4 6
4574 0
4583 0
4590 7 4
4591 2
4592 6 6 0
4595 0
4596 0
4598 9 9 9
4600 6
4601 9 9
4602 9
4603 4 6 6 4
4604 0
4614 1
4617 1 6 9
4618 6 2
4619 2
4620 7
4625 0 6
4627 0
4628 8 8 8 8
4632 3
4634 9
4641 0 0 0 0
4648 9 2
4654 6 0 0 7 6
4656 3 3 3 3 3 3
4662 0 7 6 6
2143 0
4669 1
4670 3
10336 9 9
4674 1 1
4680 4 4
10338 0
4691 0
4696 2 9
2148 0
4700 1 3 3 1
4707 6
4710 2 2
8977 3 1
4715 4
4716 0 6
4717 3
4718 2
4722 2 0
10345 0 0 0
4728 1
4731 0
4733 6 0
4737 2 6
11069 7
4742 1 3
4743 6 7 2 0
4753 2
4754 2
4755 0
4756 6
4758 2
4761 4
4762 9 9 9
4763 9 0
2160 6
4772 9 0 9
4777 2 6 6 4 6
4779 0
4788 8 2
4793 1
4794 9 9 6 6
4797 8 8
4798 1
4803 6
4809 0
4819 6
4821 3 1
4822 9 9 9 4
804 4
4826 3
4834 2
4842 0
4843 2
4852 0 2
4860 2 6
4863 1
4866 6 2
4881 7 4
4883 2
4887 2
4893 6
4898 3 3
4900 0
4901 9
4904 0 0
4905 0
4908 6
4909 4
4910 9
4913 9
4915 0
4917 2
4923 9
4925 9 2 9 9
4926 3
4930 2 6 2
4931 9
9014 9 0 9
4939 0
4944 7 0
4947 4
4948 3 3
4949 0 0
4952 0
4967 0 2
4972 9 9 7
4973 9
9021 9 7
4978 4
4979 9 0 0
4986 9 0 9 9 6
4987 4
4988 6
4989 1
4992 3
4995 0 0
4996 0 0
5008 1 6 2
5011 0
5014 9 6 9 9 0 9
5021 4 0 6
5022 0
5023 0
5030 0
5032 4 9
5034 2 6
5035 9 0 9 6 0 9 9
5038 8 8
5042 4
5045 9
5047 0
5049 0
5050 0 4 9
5051 0
842 2 2
5059 1
5063 2
5065 0 0
5068 9
5073 9 9
5076 4 4
847 4
5087 0
848 3
5098 0 4 7 4 2
5099 7 4
5104 9
5113 9
5114 7 2 1 4
5115 1
5130 0
5131 9 9 9 9
5141 2
5144 3
5166 9
5168 8
2227 7
9054 0 9
5174 4
5176 0 6
5181 0
2229 9
5184 3
9056 1
5189 2
5196 3 3
5083 2
5199 0
5202 1 3 1
5209 9 9
5217 7
5219 3 3 1 3 3 3 1 2 3 3 3
5220 3
9062 3
5224 4 2 8
5225 9 4 2
5229 1
5242 0 0 9 6 4
5244 7 7 3 3 1 2 1
874 9
5247 3 1
2240 1 3 3
5252 2
5259 3 1
5262 4
5264 9
5266 9
5271 0
5275 0
5278 8 4 7
5279 6 0
5281 7
5286 6
5289 3 1 3
5292 1
9074 2
5297 2
5303 7 9 9
5308 6
5311 2
5314 6 0
5316 0 9 4 7
5317 4
5320 2 7
5321 6 0
5325 0
5328 0 0
5336 0 4 0 0
5337 2
5342 2
5343 7
5344 4
5346 2
5350 3
5353 3
5357 4 6 9
5360 9
5367 9
5368 6
10453 6 4
5377 1
5379 0 0 4
5382 9
5385 6
5394 0 6 9
5395 9 7
5397 7
5401 9 9
5409 1 3 3 2 3
5411 6
5413 3
5415 3
5418 0
5419 1
5420 0
5421 4
5423 0 0
10462 9
5435 3 3
10464 4
5442 4 4
5443 6 4
5445 6
5446 9
5447 4
5449 4
5450 7 6 6
5454 3 1 3 2
5456 9 0
5458 0 0 0 0
5462 6
5464 4
5472 9
5474 0
5475 0
5484 3
5487 9
5490 0
5494 3 6 3 8 4 4
5496 0
5500 7 9 4
2282 6
5503 0 9 6 9 6
5506 9
5509 1 3
5511 0 0
5518 2 1
5520 6
920 6
5524 4
5526 2 9
5531 0
5534 4 9
5535 0 0
2288 0 9
5543 9 4
5545 6
5558 9
5566 8
5568 4
9120 6
5571 0
5572 6
5573 3 3
5574 3
5576 4
5581 1
5583 2
186 9
5597 3
5598 9
5601 1 1
5605 2 1
5608 0
5611 9
5612 6
5613 9 9
8643 4
5622 1 1
5623 1 1 3 1
5624 4
5625 1
5631 0
5632 2 0
5634 4
5635 4
5637 6
5639 2
5640 9
940 0
5649 7 7 9
5650 0 7 1
5656 0
5657 6
5659 6
5669 0
5673 3
5676 6
5678 3 3 3
5681 3
5685 9
5688 6
5689 0
5691 9 9
5692 4
5694 0
5695 6 9
5697 7
5706 0 0
5709 1
5710 0 0
5711 1
5714 0
5716 4
5718 0
5719 6 7
5720 2
5723 0
5731 9
5734 6
5736 7
5741 4
5743 6 4
5744 3 3
5746 6 6
5747 0
958 0 4
5752 7 0
5757 1
5759 0
5760 3 3 1 3 2 1
5761 6 4
5766 6
5767 2 2 2
5771 0
5775 0
5777 0
5778 6
5779 3
5784 9
5785 0
5790 4 0 0 0
9157 3 3
5793 0
5796 2
5798 3
5804 2
5808 0
968 9
5812 4 6 0 0
3194 1
5816 0
5819 6
5823 6
5827 6
5829 9 0
5831 7 4 0 0
5832 6 0 2 0
5835 4
5836 9
5840 0 9 9 9
5842 6 0
5845 3
5846 3 3 1
5852 8 4 8 8 1 8 6
5853 6 6
5855 0 9
5864 9 0
5865 0
5869 6
5870 6
5875 3
5877 6
5878 2
5879 4 4 0 6
5884 0 2 9
5885 0
5889 9
5890 0
5893 4
5898 9
5900 0
5905 3 3 3
5906 4 6 6 0 2
9178 3
5920 9
5923 6
5927 0
5930 0
5932 9 0
5934 0 0
5936 9
5941 9 0
5947 0 6 6 0
5948 0 2
5950 1
5951 6 6
5955 3 3
5971 1
5973 1
5975 3
5976 9 9
5981 4
5983 1
5987 6 6
5989 9 9
5990 3 3
2365 0 7
6002 4
6003 9
10558 0
6007 0
6016 1
6017 0 9 9 0
6020 3
6022 2
6029 9
6030 2 2 2
6032 1
6033 2 2 0
6038 0
6042 1 3 3 2
6047 9
6048 0 9
6053 6
6055 3 3 1
6065 3
6068 2 1 3
6071 2
6074 6
6076 9 7 0 6
6077 0
6082 4
6083 0
6084 8 8 8 4 6
6086 9 6
6087 4
6093 4
6096 4
6100 9 4 6
6101 9 9
6107 0 9
6111 9
6115 6 9 9
6120 6
6122 2
6125 0
10579 9 9 7 9 9 2
6132 8
6136 1 6
6138 0 4 9 0 6 2 2 2
6143 2 6 8
6144 4 9 6
6147 1 3
6151 6
6153 0 4
6163 0
6164 6 2 7
6172 4 6 4 6 4 4 6 2 6
6175 0
6177 4
6178 3 1
6185 1
6191 0 9
6193 2 1 1
6194 6
6195 2 6
479 0
6201 2
6204 9
6215 6 0 4 2
6216 2
6217 0 0
6223 3
6224 2
6232 3 3
2404 4
6237 9 0 0
6238 9
6242 3 1 1
6244 1 3
6251 4
208 9
6256 3 3 3
6258 0
6260 3 3
6263 3 3
6264 6
6274 9
6281 4 6
6284 0
6290 4
6301 9
6303 9 0
6309 9
6311 9
6317 2 0 6 2
6318 0
6324 0
6326 4 7
6328 4
9247 8 4
6335 0
6336 7
6337 1 1
6340 6 0 0
6342 1
6343 9
6349 0
6354 2 6
1059 4 4
6358 0
6360 1
6371 9
6374 4
6378 6
6380 0
6381 6
6382 0
6383 2 4 0
6397 1
6398 9 7 2
6400 0 0
6402 6
6405 4 2 0
6407 6 7 0
6409 6 4 4 8 8
6413 6 6 9 4
6415 9
6418 1 1 1
6421 6 0 0 0 6
6422 0
6425 6
6432 1 3
6437 0
6439 7
6440 0
6446 2 2
6448 1 3
6456 0 1
6465 1 3
6468 4
6469 3 1
6470 0
6473 0
6475 6 2
9272 1
6484 6 6
6485 4 9
6487 6 6
6488 4 6 2
2671 9 9 0
6496 8 8 8 8
6503 0
6508 0 4
6509 8 3 4
6510 1
6511 9
6512 1
6525 6
6526 9
6528 6
6529 9
6530 2
6535 4
6538 0
6539 7 0 7
6542 7
6545 1 0
6548 2 0 4 4
6559 7 6
6561 0
6562 6 9
6563 9
6564 0 6
8803 3
6570 6
2401 0
6583 9 0
1098 2 9
6594 9
6596 3 3
6597 0
6599 6
6601 9 2
6603 9 0 0 9 9 0 7 4
10658 9
6610 1 9
6611 9
6620 9
6623 9
10662 4
6630 4
9299 1
6645 4 2
6647 0
6648 3
6653 0
6656 2
6657 7 4
2131 4 4
6662 9
2476 0
6667 0
6671 9 9
6672 0 9
6677 4 6
6683 6
6690 3 3
9307 3 3 1
6692 3
6695 1
6698 0
6700 2
6702 3
6708 0 0 9 0
9311 4
6719 0
6720 3 3 3
2488 9
6742 7 0 0
6744 4
6748 4
6749 9
6754 0 0 0
6755 4
6757 3
6762 0
6763 0
6764 0
6766 7 0 0 0
6589 1
6768 4
6775 3 1 7
6781 7
6784 0
10046 4 2 0
6788 9
6793 1
6799 9
6800 7
10691 6
6816 6
6818 6
6828 6
6830 9
6831 9 9 0 0
2504 2
6839 7 9 9
6842 6
6844 7 2
6846 2 0
1141 9
6850 6
6852 6
6854 4
6857 9
6859 6 6 6
6862 9
10701 9
1144 4
6868 6
6869 3
6877 6 0
6878 0
6881 0 0
6885 7
6886 3
6890 9
6891 3
10706 4 2
6912 0
6917 6 0
5249 7
6922 2
10711 6
6926 9 4
6929 6
6932 6 4
6935 2 0
6936 4
6937 1
6938 3
6939 0 4 4
6940 1
6941 6 0 3 3
6943 9 9 9 6 6 4
6944 4 6
6945 6
6949 0
6951 4 0 6 0
6952 0
6954 6
6957 1 1 1 1
2525 1 3 3
1160 3
6964 2
6969 9
6970 0
6974 6 6 0
6976 4
6978 8 8
6983 6
1164 1 3
6991 8 4 1
6994 9
6995 9
6997 9 9
7000 3 1
7006 1
10725 0
7009 0
7010 9 9 0 0
7012 3
7014 1 3
7018 0 9
7021 0
7022 9
7028 2
7029 3 3 3
7038 0
7044 7
2540 6
9368 9 7
7059 9 2
2542 2
7064 3 6
7065 4 3
7067 2 3
7077 2
7080 1 1
7085 3
7087 0
7090 9
7093 2 6 4 4
7096 2 9
7098 0 9 9 0
7103 0
7107 3
7110 4 6
7111 9
7113 7 2
10031 9
10744 6
7127 7
7132 2
2554 4
7140 6
7144 3 3
7148 9 9 0
7149 1 1 3 3 1 3
9384 0
7154 9
7155 9 0 0
7158 6
7160 9
7168 1 1 3
1195 3 3
7175 4 4 9 0
7176 9 9 9
7177 9
7180 2
6658 2
5293 0
1198 0
7190 9
7197 0 4
8542 0
7207 4
7209 0
7211 6 6
7212 9 1 2 2 2
7214 9 0
7215 6
7217 2 6
7218 0 6
7219 9
7220 9 7
7223 0 2
7228 2
8424 6
7230 6 9
7231 6 4
2571 2
7244 3
7245 9 6
7249 0 0 0 0
7251 9 4
7252 1 3
7260 6
7273 2 0
7282 3
7296 3
7298 0 0 0 0 2
7299 6
9410 6
7310 6 6
7313 9 9
7314 0
7315 0
7322 4 0
7326 3 3
7331 9 0
7333 3 2 1 7 3
7338 0
7350 4
7352 6
7353 6 4 6 4 8
7354 3 3
7355 1
7360 0 9
7363 9
7364 9 9 2 2
7365 0
10785 0
7368 2 2 8 4 8 9 9 9
7375 0 7
7377 6
6691 0
7383 1 3 3 3 3
7386 1 4
7387 6 7 0
7392 0
7395 2 9
7398 7 6 8 8 4
7399 6 0
7401 0 6
7402 2 7 0
7409 1
7411 9 6 6
10793 9 9
9429 3 1 3 3
7425 1
7426 9
7427 9
7428 9
7430 7
1884 7 2 2
7433 9 9
7439 4
10798 9
7446 4 0 0
7449 6 9 9
7450 3
7451 9
7453 3
7454 0
7455 6 8
7463 1 2
7471 0 0 6 6
7474 0
7482 9
7487 6
7491 0
7492 0 0
7500 0
7506 3 2 0 2 4 4
7507 3
7512 9
7513 6 0
7518 3
7527 2
7531 9 4 6
7533 7
7535 7 2
7537 9 0
7539 4 6
8084 7 6
7546 3
7552 9
7555 0 0 0
7556 0
1260 0
7562 0 0
7563 9
7564 3 1 3 3
7565 3 1 2
9453 2
7576 3 3
7577 2
7578 0 6
10821 4 6
7585 0 9 9 6
7586 9 9 4
705 3
8436 1
7590 6 0 9 9
7591 0
7593 9
7598 0 0 6
7599 6
7603 4 4 7 1
7604 1 3
7606 0
2633 9 0
7612 0
7613 1 3 3 1
10827 9 0 6
1270 7 9
7623 2
2436 9
7629 4
7630 2 0
7633 9
7634 0
7636 9
7641 4
7642 3 9
7646 0
7648 4
7651 0 2
7652 0 6
2641 9
7661 0 6
7666 0
7668 2 4 2
7669 0
10621 6 0 4 0 4
2646 6
7687 0
7690 7
7700 9
7702 4
7703 9
7713 2
7715 6 0 4
7716 1 4 1
9478 9
7719 9 9
7723 2
7724 0
7726 9 2 1
7728 9 9 7
7732 2 2
7735 9
7745 2 1
7746 7 1
7747 3 1 3
7752 3
10850 1
7758 6
7763 0
7768 6
7773 6 0
2661 3
7776 7
10581 2
7786 3 3 3
7787 0
7789 9
7792 0 0 6
7799 6 6
7800 0 0
7804 4 4
7806 7
7807 0 6
7808 0
7814 7
7817 6 4 4 6 6 6
7819 5 3
7820 3
7823 0 0
7824 2 7 0 0 0
7825 0
7826 0
7827 2
10862 9
7831 4
7833 1
7834 9
7835 2
7837 2 0
7839 2
7842 4 6
7843 8 3
7844 4
7848 2
7853 6 0
7856 0
7862 6
7866 4
7876 8 2 4 8
7879 6
7880 4 9 0
7885 0
7888 0
7889 6
7890 8 4
7892 2
10873 0 6
7898 9 0 6 0
7900 6 9
7902 6
7904 6
7907 0 0 4 4
7909 9
7910 0
7912 2 0 9 6
7913 1
7918 9
7922 9 0
7923 7
7924 7
7925 3 3 1 3 3
7926 0
7927 6
7933 1
9109 1
7939 9
7941 0
7945 0
7946 6
7947 2
7952 6
7954 0
7955 9
7957 9
7958 3
7962 7
7963 1
7966 2
9520 1 9
7973 7
7977 1
7982 4 4 4 4 4 0
7985 3 3
7987 0 9 9
7994 9
7999 1 1
8006 0
8009 4
8011 0 7 0 4
8012 9
8019 4
8020 3
8022 2
8023 3
8025 3 3
8032 8 8 4
8037 0
8039 0
8041 7
8042 9 9
8043 6 0
8047 4 9
8053 3 3
8054 6
8057 9 9
8062 0
8064 0
1344 1
3269 2 1 2 9 0
8069 6
10904 7 3
8082 9
2345 0 9
8086 2 0 4 4 6
8087 0
8091 0
8096 4 4
8100 9
8109 2
8114 0
8117 1
8120 0
8122 3
8123 9 9
8124 0 6
8126 4 9
8129 0
8140 6
8141 9
8142 0
8144 0 7
8146 4
8149 9
8150 9
8153 6 6 6
8161 7
8162 7 0
8168 0
8169 6
8173 2
8184 2 4 6
8185 4 6
8188 4 4
