0 3 1
8193 9
2 0
8195 1 0 2 7 0
4 6 9 3 1 6
8197 4 2 2
8198 9 0
8199 3 3 3 3 3
8200 1
8202 6 4 6
8203 6 6
8204 3
8206 7 0 9
15 3
8209 4
8210 4 2
8211 9 9 0 0
8212 3 1 1
22 4 8 4
23 0
9548 6 9
8217 9
26 0 2 1 3
27 0 2
28 1 1
29 1 3 3
30 6
5 2
8224 3 3 3
10928 3 3 1
34 9 9 6
8227 8 4 3 2 4
1 6
6 0
38 9 4 6 2
39 0 9 0
40 4
8234 8 4 6 0 2
8235 9
45 0 6
46 3 2
8239 7 0 6 7 6 7 9
8240 0
229 3 1 1
8243 9 0 0 0
54 0
8247 2
8248 1 2 1 3 3
57 0 0 0 7
58 3 1 1
9822 2 1 1
8254 6
63 9
8257 2 6
66 2 2 3 2 9 6
11 4
68 2 1 2 0
69 4
70 8 4 2
8263 1
8264 0 9 0
8267 1 1 1
8269 6 6 4 0 7
78 0 0
79 2 6 1
83 0
8276 1
86 3
8279 4
8282 4 4
8207 0 4 4 4 0
93 6 0
8286 6
95 6 0 0
8288 4 2 0
99 9
100 3
101 0 0
17 2
8296 9
105 2 3 1
8298 9
107 8
8300 0 0 6
8301 1 5 7 3 1
8302 4 6 4 0 0 0 4
111 9
8305 0
115 0
8308 4
8310 1 1 9 1
8311 6 7 9 6
121 2
122 4 6
123 2 2 2
124 0
125 2
2946 9
8320 4
130 6 6
9579 3 3 2
8324 6 9
8325 1 1 3 2 1
135 1 2 1 3
136 1
137 1 2
8331 9 0
8332 1 6
141 0
142 6 7
144 9 9 0
8337 1 3
8338 3
2755 3
8341 4 0
8343 2 4
152 9
153 9 0
8346 0 6 9
156 1 9
157 9 0
8350 1
5903 9
8352 4
8353 7
162 3 1
8356 3 3
8357 2
8359 9 6
168 9
170 1
171 6
8364 9
173 6
175 0
176 7 0
8369 6 6
8370 1
8371 9
8373 4
182 2
183 1 2
8377 7 7
186 9 0 0 0 0
8379 0 0
8380 0 2 0
189 7 3 3
190 3 1
191 6
8385 7
194 9 1
8387 7 6 0
8388 8
197 4 0
10645 7 2
8393 6 2
203 5 5 1 7
204 2 2
8226 0 0
8398 0 6
8399 9 9 0
208 2 9
1400 1 3 2
210 2
8404 2 0
214 7 0
8407 3 3
216 2
8410 3 1 1
219 4
8412 1 1
8415 0
8416 3 5 5 3 7 7
225 0
8418 2 9 0 9
227 0
8420 2 2
8421 0 0
8422 1 1
8424 6
9596 3 2
8426 0
8427 0 6 6 0
236 1
8430 6
239 6 0 9
8433 6
8434 0 6
2771 0 4 9 1 2 0 9 0 1
8436 1
245 0 6
246 8 4
8440 4
249 2
8444 9
8445 6
8447 7 4
258 6 0
8451 7
260 7
261 0
262 1
8455 9 9
8456 3 3 2 1 3
267 4
8462 3 3 1 1
8463 3
274 3
276 1 3
279 2
280 2 7 7
8473 9 9
8474 4
283 0 2 1
284 2
8478 3 7 6 3
289 0
8485 0
8486 9
8488 3
8489 4 0
298 7
8492 2
8495 2 2
304 0
8499 7 0
308 0
8503 0 0
8505 0 1 4 7
8506 9 6 6
315 7 7 4
318 0
8512 8 4
8513 1
322 9
1419 0 6 0 0 0
324 2 1 2 2 4
8517 3
326 6 0
327 0
328 6
8523 4 0
332 8
333 1 3
8526 6 9
8528 8 4 6
8529 6 6
338 2 9
341 0 0
8534 9 9
343 9 7 0
345 1 2
8538 9
347 0 0
8540 0 7 0 4
8250 2 6 0
350 3
8543 1 1 1
8545 4 4
354 6 4 4
10923 6
8550 2
8551 1 1 2 2 2 4 2 2 3 1
360 2 6
8553 2
8555 3 4
8557 1
366 6 6
367 1 1
8560 6 0
8561 3
370 2
8563 6 0 2
8564 0
8566 2
375 2 7
376 7 8
8569 3 1 3 3 1
10859 1
8255 6 9
380 4 4 4 8 4
381 0
8196 9 4
383 4
384 1
8577 2 6 6 2
8579 0
65 4
394 0 0
8587 4
396 7 4 0 0 0 4
8258 9
8590 6 6
2797 6
8593 1 1 2 4 2 4 2
404 0
8597 9 0
406 4 6 4 0
8599 1 3 1 3 1 3 1 1 1 3
408 8 4 6
8602 3
8603 6 9
414 9 2
8261 4 4 8
10925 0 9 9
8610 9
419 1 1
8612 3 3
5731 9 9
422 9 9 0
425 1 4
8618 6 9 4
71 9 0 0 9 0
428 9 0 0 0
429 6 6
430 2
431 4
8624 3
8625 2 1 3
8627 0
436 3
440 1
9631 6
8636 2
445 0 4 0 0 7
446 6 4
8639 9 0
8640 0
8643 2
453 1 3
8646 4 6
8647 7 9 9 2
456 3
457 9 9
458 0
459 6
460 0 2
8653 1 4
8657 1 9
466 3 4
8659 7
468 0
8661 9
473 2 0 8 4 4
475 1 2 3
8668 9 4 0
479 2 0
3 9
482 0 9
483 0 0
9638 9 7 7
488 4 6 4 0 7
8681 3 3
8684 3
495 1 1
8688 1 3 1
8689 2 0 6
498 1 3 2 1
8275 2
500 0 6 6 7 0 6
8693 2 7 9
8694 6
504 4
8697 9
506 3 1
507 0 9
508 0
8701 1
510 4 0 0
8703 4 2
512 2
9005 2 7 0
515 7 0
8708 4
8709 2 0 0
520 3 3 3
8713 4 6
8714 1
8716 3
8717 1 1 3 2
8719 4 0
528 6 0
8721 6 0 9 0
8722 9 9
531 3 1
9897 7
533 4
534 0
8727 0
8728 9
539 4 7 0 0 9 2
542 4 2
543 6 9
9648 9
8738 6
547 2
8740 6
8741 3 3
550 2 0 9 0
551 7 1
552 1 3 1 3
553 2 7
8746 3 3 3 3 3 3 1 3 1
555 9
8748 7 6
8749 2
558 0 4 6 0 4 0 4 2
8751 6 0
8752 6 6 9
561 1 1
8754 4 6 4 6 6 0 6 4 7
8755 0
564 2
565 6 7
566 0 7 6
11017 6 6
1460 6 0 0
8762 9 6 4 0 0
571 4 0 9 0
572 6 2 4 7
573 7 3
574 3 1 1
8768 3 3 3
8769 4
5469 6 6 9 6
580 6 6 9 6 9
581 0
583 4
8776 6 0 0
8777 6 6
8778 1 2 3 1
587 1 2 2
588 9 6
590 0
8783 3 1 3
592 9 4
8785 0 6
8786 7
8787 3
8789 0
8476 2
600 0
9840 3 3 3
8794 7 4
8795 8
605 0 9
606 3
8800 4 2 2 0 0
8801 2 7 0 0
610 9
612 2
8806 2
615 4
617 9 2 7
618 0
8811 4 0 6 6
620 9 0
10659 0 0 2
623 0 7 7
8816 2 2 4 0 2 0
104 2
626 7 6 9
628 3 0 3 1 3 3 2 3 3 1
8822 9 9 0
631 0 3 6
8825 9 2
634 3
8827 3
636 0
637 2
638 0
639 3
8832 0 2
1472 1 1
8834 6 3 2
643 1
645 3
647 7
648 7
8841 2 2 2
8842 2 2 0
2839 7 0 9
653 9 0
654 0
655 9
656 0 6
8849 0 0 6
658 2 7 9
8851 9
660 7
110 7 0 0 0
8854 1
8855 9
664 6 6 6 7 6
9668 7
666 4
667 6
8860 6 4
8862 1 2 1 4
672 2 2 1
8865 3 3
8868 4 0 0
8869 2 9
8870 9
8874 9
684 9
7115 3 3
8880 2
9672 0
690 1
8883 9 9 9
692 0 9 4 9 9 0
693 6 6
9279 0 4 7 6
10752 7
698 9 9 9 4 0
700 3 1 3
701 1
702 3
8895 2 2 1 2
704 2
8897 2 6
8898 6 0
8900 8 3
709 2 6 0
711 1 3 7
8905 3 3
8906 6 6
715 7 3 3 2
716 0
718 9
8911 1
8912 9 7 9 9
721 3
8914 3
723 9 0 7
9678 6 0
8918 1 1
727 9 0 9 0
728 4
2852 1
730 2 9
9679 0 0 4 2 4
732 3 1 2
733 4 6 0
734 7 9 4
8927 0
8928 0
8929 4 0 7 0
739 3
8932 6 6
2854 0 0
8934 3 1 1
743 6 9
8316 9 7
8938 0 0 4
747 4 2 4
749 9 2 6 0
8943 7
8944 0 4 4
754 2 7 4
8947 1 6 4
756 0 4
757 6 6
8951 9 9 9 2 0 2
760 0
762 4 0 6 4
763 6 0
11050 9 0
768 3
769 9
8962 1 3 3 3 3
8963 1 2 2 3 1 3
772 0
8967 4
776 6
8969 1
778 1 3
8971 0 0
8973 6
8974 2 1 3
11053 8
784 1 0 0 4 0
786 0
10119 1 3
790 1
791 0
2754 0
793 3 3
794 0
8987 3 3 1 3
8988 0 9
797 9 9
8990 1 7
801 4
802 1
8995 3
8996 9 6 0
8997 9 0
9000 0
811 6 0
813 0
816 7
9010 1
9011 2
9012 6
9014 3 3
824 9
9017 3 3 3 1
9018 3 4
9019 0
9020 4 6
9021 6 4 9
2869 0 0 6
9024 9 7 6
9025 8 0 6 0
9026 0 6
836 3 3 3
9029 3 3 2 2 1
9030 4 6 0
840 9
9034 0 9 6
7393 2
9037 3 3 1
846 8 3 4 1
9039 0 2 0
848 8 3 4 4 0 1
9041 0 4 4
852 0 2 2
9047 3
9049 2
9050 7 0
9051 0
860 1
9053 1
9054 2
863 3
9056 2
9058 3 1 1
2875 7
9060 6 6 4 0 4 9 0 0
9063 7
9064 0
9065 2 0
9066 7 6 0 0
9068 6 0 9 9
9069 9
878 9
2877 6
9073 2 0 0
882 3 3 3 3 1
884 0
9077 0
9080 1 2 1 1 3 3
9081 7
890 3 2 1 1 4 2
2879 1
1514 7
9086 2 1
149 0
896 6 0
2880 2
898 0
899 0 6
9092 9
901 2 3 3
9094 0
9096 7
905 3 2
906 0
9099 2 7 0
908 4 4 4
11074 7
9102 0
911 2
912 0 2
8344 1 3
916 3 1
1518 0
9112 4 6
2884 4 0
8214 3 1 3
9115 1
9116 3 3
925 4 4
926 3 3
9121 4
9123 9 9
932 3 3
9126 4
9127 4 9 0
9128 3 3
9130 2 6 6 4
9131 6 7
940 6 2 0 0 0 6
1522 3
9134 1 2
944 9 6
945 4 6 4
9138 2
948 6 6 4 4 4 4 0 0
9141 2
9142 0 7 4
2889 1 1
952 3 1 3 2 3
9145 2 2 0
9146 9 7 7
955 0
956 9
9149 9
9150 7
9151 3 3
9152 9
9153 1
962 1
9155 6
9157 1
9158 6
9159 2 4
10125 0
9163 0
9164 6
973 4
9166 1 3 3
9168 6 6
977 7 0 7 0
9170 4
981 0
982 4 8 0 9
983 0 0
984 3 3 3
985 0
9179 9
9181 9 9
990 4 2 3
992 7
993 1 1
9186 6
996 9
9189 7
9190 4 0 2
9191 9
9192 0 7
1532 0 0
9195 1
1005 2 2
9198 7 9 2 0
9199 2
1008 0
9202 6
1011 0
9205 0 6 4
9207 0
1016 3 3 1 3 3
1018 1 2 2
9211 7 7
9215 6
1807 2 1
1027 9 0 9 9
1028 3 2
9221 0
9222 6 4 0
1031 0 2
9224 2
9225 9 7 4 9 6 6 9 0
9226 2 2
1035 7
1036 1 1 7
8365 0 0
9233 1
1042 6
1043 0
9237 4 4 6 6 0 6
1046 9
9241 6
9242 4 6
1051 6
9244 4 2
1055 0 0 9 6
9248 6 9 0 0
10847 4 6
11099 1 1
9252 3 1 2 3
1062 9 9 0
9255 6
9256 2 7 4
9257 2 2 0 0 6 7
1066 7 6
1543 6
9260 0 9
178 9
9262 0
9263 7 7
1073 9 9
9266 0
9267 1 1 1
9270 0
1080 6 9 7
9273 3 1 1
1082 0 4 7 0 6
9276 3 1
8765 3 3 2
9278 2
1087 1 1 3 1 1 4 1 1
1088 2 2
1089 3 3 0 7 1 2
9282 0 7 0
9283 3 3
9284 2 4
1093 0
1094 9
9287 0
1097 0 9
9290 6 0 0 0 6 0
9291 4 6
9292 0
1101 7
1102 1
9295 0 0
1104 0 2 2 9 9 3
9298 4
1107 6 4 9 9
1108 4 0 0
9742 9 7 4 7 7
185 2
1112 0
771 2 2
9306 2 2
8378 0
9310 2
1119 7
9312 2
1121 0
9315 3 3 2
9316 9
9317 9 6
1126 9
9319 0 2 0
1129 7 6
9322 9
1132 4
9325 6
9328 3
9329 2 0 0
9332 0
9876 2
1142 6
1143 7
9336 6 0 6
9337 4
9338 9
1147 0 2 2 9
2922 2 4
1151 3 1
7019 0 0 0 9
9348 3 3
1157 2
9350 3 1
1159 1 1 7 2 1 3 3 3
9352 6
11116 2
1162 3
1163 0 0 0
1164 3
9358 4
9359 6 8 9 0 4
1168 9 6
1171 0
9365 9
9368 3
1178 4 9
1179 4
9555 0
9373 6 4 6 6 1 0 7
9374 3 3
1183 1
2928 0 0 6 0 6 6
1186 1 0 4
9379 0 2
9636 8 3 3 4
1194 2 2 1
1195 1 3 3 1
9388 9
9389 7 7
9390 2 0 7
9391 4
9392 6 4
1203 6
9396 4 0 2
1205 9
1206 9 9 9
9400 6
1209 2
1210 0
9759 4
9404 4 2
9406 2 0 6
9408 4 4 2 0 4
1217 7
9414 3 9 4
9415 2 9 0 4
9416 1
9417 3 1
11127 1 9 0 6 6
9420 3
9422 3 1 3 3
9423 0 9
1232 9
1233 0 7
1234 2
1571 1
1238 1 3 3
1239 9
9432 3 1 2
1241 1
9434 0
314 8 4 9
9436 9 6 6
1245 1
1246 1 1 1 1 7 3 1
9439 9
1248 7 9 9
9441 7 4
9442 7 6 6 0
9445 3 3
9447 2
1256 1 2 3 3
1257 7
1261 2 9 0 9
1263 9 9
9456 4
9457 0 0
9458 3 4
9459 6
9461 0 9 0
9463 0
9464 0
9465 4 0
9466 1 4
1275 4
1679 1
1277 1 3 2
1278 7
9471 0 9 9 9 0 9
9472 4
9473 9 4 2
1282 7 0
9475 0 4
1284 0 0 0
1285 1 4 3 3
1286 2 0 2 2 0 2 0 2 2 2
1288 6 0 9 9 9
9481 7 7 1 2
9482 0
1292 6 0
1293 9
9487 9 6 0
1296 3 0 1 3 3 3 3 3 3
1297 2 2 0 0 2
1298 0 9
9493 4 4 4 3
1303 0 0 6 0 0
1305 2
9498 0 0 2 4 0 7 0
1307 7 0
1308 0 0
1309 1 2
9502 1 1 1
1313 2 7
9506 9
1315 9 2 9
9508 7
9510 3 3 3 2
8500 7 0 0
220 3 1
11143 6
9516 6 6
1325 0 4
1326 9 9 9
9519 4 4 7 4 0
1328 9 0 9
9522 7 4 0 2
1331 0 7
1332 3 3
1333 0 0
9526 3 1
1335 9 4 0
9530 7
1339 0 0
1340 0 0
1341 0 0 4
9534 0 0
1343 6 4
1344 1
9537 3
1346 9
7137 6
1348 2
9541 3
1350 1
9545 6 6 3
9546 1 3 3
9547 5 5 7 7
1356 2
9549 0 0
2573 1 2 0
1361 0
118 0 9
1363 1
1364 3
1365 4 2 2 1 2
1367 2 6
591 0
1372 0
1373 0
9567 6 4
9569 6
1380 3 3 3
9577 4 9
1386 9 9
1387 3
9582 7 7 2
9583 3
232 6
1394 0
11155 9 9 9
9588 4
9589 9
1398 1 3 1
9592 2 1
9593 6
9594 6 0
9595 0
1404 0 0 0
1405 7 0 7 9 7 4 3 3 9 1
1406 1
9599 0 0
1409 1 1
235 3
1412 7
1414 0 6 0
1415 1 3
1417 7 0 4 2
9611 9 7
9612 0 2
1421 1
9614 6 9 7 6 0
1424 9 0 9 0
9617 3 3
9618 0 4
1428 4 7
1429 9 2 6 7
9622 3 0 0
1431 2 2
9624 9 0
1433 6 9
8818 1
1437 0
1439 2 2
9632 9 9 9
1441 1
9634 2
1443 6 9
1444 7 0
9798 0
1446 3 1
1448 1 1
9641 9 9
1450 1
1452 6 9 6
1454 9 6 0 0
1455 0 2
1456 3 3
9649 6
1458 9
1459 0
9652 6 0 0 6 1 4
9653 0
1462 4 4
9655 4
9656 0 0
244 0 0 9
1467 6 9 9 0 0 9 0 6
1469 1
1470 6 6
8437 2 7 1
9664 0
9665 6 9 6
1475 7 7
1476 6 9 2 1
9669 4 2 0
1479 7 9
1480 6
1481 3 1 3 3 3
9675 3 3 3 2
9676 2
9677 3 3 1 2 9
1486 2 0 0
1487 0 4
9680 4
9681 0
9682 3 3
9683 9
1492 0 2 0 0
1493 4
1494 0
9597 6
9688 0 0
9689 6
9690 6 0 0
9691 0 0 0
9692 2 0
9693 0 1
1502 3 3
1503 0 2
9696 2
2982 9
9703 1
9704 7
9706 4 8 4 0
9707 8
9709 0 9 6 9 0 0 7 9 0 4 0 0 6 4
9710 3 3
9712 9 4
9713 0 9 0
9714 1 3
1523 4 8
9717 2
9718 9
9719 9
1529 4
9722 7
1531 9
9724 6 6
2986 6
1534 9 9 9
1536 0 6
1537 2 0 2 0 2 1
1538 3
11179 0
1622 1 3
1542 3 1 3
9735 9 7
1544 1 4 9 6
9739 1 6
9740 1 3 2
1549 1
1550 6 0
1553 1 2 2
9746 0
1555 0 9 0
1556 3 1 3 8 1 4 9 1 1 4
1557 2 3 1 1
1559 2
9752 2 1 3 3 3
9753 3 2
1562 0 0 0 9
11183 3
9756 4
9757 9
9758 9 2
1567 3 3
9760 7
9763 0
1572 9 0
1573 0 4
1576 1 6
9820 0 0
9770 0
1579 3
1580 9
2206 1 7 0
9775 3 3 1 3 3
1584 6 6
1585 1 0 1 2
1589 0 7 6 4 2 7
1590 4 0
1591 0
1592 0 9
1593 9 0 0 0 0
1595 1 3 3 3 3 1
9788 0
1597 9
9792 9 0
9793 9
9794 6 4
9796 3 1
1605 9 0 9 9 2
1606 3 3 3 1
9825 9
1608 0 4
9801 4 0 7 2 2 9
1610 6 9
9804 0 7 3
1613 1 3
1614 0
1615 9
9808 0
1618 4 3 1
9811 7 0 2
270 7
9814 9
3001 4
9816 3 3 3
1626 6
9819 1 1 4 3 2
1628 7
1629 0 6 9 4 9 9 0
1630 9 9
1631 9
9824 9
1633 2 7 6
1634 2 1
1636 1
9829 4
9830 4 6 6
9831 9 4
1640 0
9833 3 3
1642 0 6 2
1639 0
9837 0 9 9
9839 2 1
10966 9 2
1649 9
9843 3 3 3
9844 1
1656 2
1657 0
1659 0
9852 1 1 3 3
9834 3
1662 2 2
9855 4
1664 9 9
9857 0 3 3
1666 1
1667 7 2 0
9860 1
9861 0
9862 3
1671 0 0
9864 0
1673 2 1
9866 7 6
9868 2
9869 7
1678 0 2 4
1645 9
9872 0 1 3 1
1681 3
1682 3
1684 3 3 3
1685 9 6
9881 2
9882 4 0
9883 6 4
9884 6 1 6 2
9885 6
9886 3 3 3 3
1695 0
1648 4 0
9891 1
9892 9
9893 9 0
1702 0
1704 3 2 9
1705 3 3
9898 6
9900 4
9902 0 2
9903 2
9905 0
1714 9 9 0 7
1715 9 9 9
1716 2 2 8 2
1717 4
1718 1
9913 9
9059 0
1724 6 9 7
9917 3 5 5
9918 4
1727 0 9
9920 3 1
3058 9
9922 0 0
9923 9 9
1732 6 8 8 9
9925 2 1 2 1 2 3
1735 2 2 4 2
1736 1 3
9929 2 3 3
1738 4
1740 0 0
1742 2 7 0 6 0 7 9
1743 3 3 3
1745 2
9939 1
9941 4 9
9942 6 0 0
9944 9 6
1753 1 3
9946 2 7
10424 1 1
1756 7
9949 1 3 1 3 3
1758 9
9951 9
9953 6
9954 0 0 0
9955 9
9957 2 4
9958 6
1767 0 4
9960 0
9961 7 0
1772 4 7 7
9965 2
1774 3
1776 2 9
296 2
1778 0 0
9972 7 2 2
1781 3 1
9975 3 1 4 3
1784 4 2 4
1785 3 3 3 1
1789 0 9 0
9983 3
9984 0 6
1793 4 4 2
1794 4
1795 0 6 6
9988 3 2
1797 0 0 6 6 9
1798 8 2
9992 3
1801 4
1802 3
1803 2
9997 7
9998 9
9999 6 4 9
1810 0
10003 3
1812 3 3 3
9341 1 2 4
1815 0
10008 4
1818 1 1
4399 2 2 0
1821 0
10015 4
8496 0 0
1826 0
1827 3 3 3
10020 7 7 0 9 0
1670 9 7 7
1831 0 2
1832 6
10025 3 1
1834 1 1 1
10029 0
1838 3
1840 1 3 7 7
1672 6 6
10034 3 1
10035 1 2
10036 0
1845 3 3 1 3 3 3
1846 3 3
10039 1
1848 0
10041 9 0
1850 1 1
1851 3 1
10045 1 3 3 3 3 3 3 3
10046 0 0 4 7 0 2 0
1855 1
9609 7
10049 9 2
10050 3
1860 7
10053 8 7
1862 3 3
10055 1 3 3
10057 1 2
10058 4
1867 9 0
1868 8 8 8 4 6 6
10061 8 8
10062 0 1
1871 9 6
1872 4
1873 6 2
10067 4 9 7 6
10068 2
10069 4 6 7 9 0
1878 4 4 4 8
313 1 7
1880 1 3
10073 1
10074 1 1 1
10075 4 0
1884 9
1885 9
1887 6 0
10080 2
1889 0
10083 6 0
1894 4
9873 0 7
10089 6
10090 2 2
10091 6 7
10092 7 2
10093 2 1 2
10094 1 2 1 1
10097 0
1908 2
1910 0 4
1911 7 0
1913 3 1
1914 3 3 3 3 3 3
1916 9 0
10975 3 1
10113 6 6
10115 7 7
10116 2 2 3
2519 7
321 3 1
1930 0
1933 6 0
10126 6
1937 9
1938 4 6 4 4 0
8515 2 1
10132 6
1941 0 0
10134 0 9
1943 0
10136 9 4
1945 9 7 4 7
1946 9
1948 3 3 1 3
10141 0
10142 6
10144 0
10145 0
10148 0 7
10149 2
1958 0
10151 4 6
10152 2 2 3
1961 0 0 0 0 0 2 0 7 0
1962 2 9
1963 6 6 0
1965 1
10158 3 3 3 3 3 2 1 3 1
10159 3 3 1 3
10160 6 0 0 0 0 2 6 0
10161 1
1971 9
10164 2
10165 6 0
1974 3 1
10167 0 4 9
1976 4 7
10169 7
10170 1 3 1
10171 9
1982 2 0 1 6
10175 4
1984 0
10177 6 6 9 7
10178 4
10180 2 9
10181 0
1990 3 3 3 3 3 1 1 2 1 1 3
10183 0 0
1992 9
8524 6 4
10186 9 0
10106 0 0 0
10189 0 7 7 9
1998 0 6 2
8525 0
2001 0
2002 0 0
10196 1 3
10197 0 1 4 4 0 0
2006 1
2007 4 4 4 4
10200 7 7 9
1700 0
2011 7 7
2013 2
10206 9
1701 6 1
10209 0 4 0
2018 3 1
2019 5 5 7
2020 4 4 1
9894 0
2022 3 1
2023 4
2026 3 1
10221 6
2030 9 2 6
2031 0 7 2 9
10224 2
9896 0 6
10227 0 9 9 9 0
10228 4
2039 0
2040 1 1 2
2041 0 9
10234 4 0 6 1 4
2044 0
1706 0
10238 2
2047 0
2048 0
10241 3 3 3 2
10242 2 1
10243 3
10244 6 9
2053 3 6
10246 4 6
10247 2 4
10248 9
2057 0 2
10250 1
10252 0
2063 9
10257 0
2066 2
2067 7 9
2069 0 2 6
10262 8 7 2
2072 3
10266 0 0
2076 0
10269 3 3
2078 9 0 9
2079 4 0
10273 2 0
10277 3 1 1
10278 2
10279 0
10280 1
2091 2 2
10285 0
10286 2
2095 4 4
10288 6 7 0 0 4 9 6 4
2097 0 0 2
2098 3
2100 9
8542 0 9
2103 0 7 7 0 2
1161 7
10298 0 0
2107 2
10300 1
10301 8 8 8
2110 0 0
2111 7
2087 3
10305 3 2
10306 0
2116 4
10309 0
2118 3 1 1 3
2120 2 2 2 2 2 1 1 1 2 1 2 1 2
10314 6 6
10315 3 1
2124 3 1 3 1 1
10317 0 9
2126 4 0
10319 7
10321 6
10322 0 0
10323 9
10324 3 1 3
10327 1 2 3 1 1 2
10329 0 0 6 2
2138 7 6
2140 0 0 0
2141 0
10334 0 0
2144 0 6 6
10337 0
9915 6 7
2148 4 7 0
10341 0 3
10342 9
10343 2 4
10345 0
10348 4
10349 0
2158 0 0
10352 0 4
2162 4 6 7 8 4 4
10356 1 1 3
2165 9
361 0
2169 9 0 9 9
2172 2
2173 0 2 6 0 0 9
10367 3
2177 0
10370 1
10371 1 3 3 3
10372 9
2181 0 9
2182 6 6 6 9 6
10375 6 9
2184 1
10378 2 1
2187 6
2189 2 9
2190 3 1
2191 1 4 8 4
10384 4
2193 9 2
1731 2
2196 6 6 9
10389 7
2199 0 0 9 9
10392 0 0 0 0
10393 0 0
10395 6
346 1
2205 6
10398 6 7 7
1733 2 0
2209 4 4 2
2210 9 0
2211 0 0
10404 0
10405 3 3 7 1 1
9621 9 0 9
3100 3 3
2218 4 7 0 0
2220 6 2
2221 0
10414 0 6 0
3101 0 0 4
10418 0 6
2227 4 4
10420 2
2229 0
2230 9
2232 0
9076 4
2235 2
10428 2 2
2237 9
2238 0 0 4
10432 4
2241 2 0
10439 0 7
9932 3 2
2252 0
10445 3 1 3
2254 0
2255 0 9 0 6
2256 4 4
2257 1 4
10450 0
2259 0
2260 9
10453 6 9 6 0 0 6
2263 6
2266 9 0 7 9
10459 4 4 2 4
2269 2 2 6 9
2270 4
621 6
10464 9 9 2 8 2 6
2273 2
10466 3 9
2275 1 1
10468 0 4 4 4 4
10063 0
2278 4
9726 6 0 2
2282 4 9 9
2284 4
2286 0 0
8573 0
2288 7
10481 1
10482 6 0
2293 1 6
2296 9 7 6
10489 0
10491 4 6 2 4 4 6
2300 3 1
2301 3 3
10494 4 2 9 0
2305 4
10499 6
2308 4
10502 0
10503 4
2312 4 7 0
10505 0 2 9 6 0
10506 3
2315 2 4
2316 0 9 9 9
2317 2 7 3
2318 0 0
10511 9 2 9 4 9
2320 9
2324 0
10518 0 6 0
1652 1 3 3
10521 2 6 4
10522 3 3 3
2331 0 6 7 6 4
2332 0
10527 4 4 8 4 2 0
10528 1
10529 4 0 4 4 9 4
10530 0 7 2
2340 0 9
10533 3 3
2342 0 9 0 9
10537 7 6 0
2349 3 1 3
10542 9 9
10543 6
2352 9
10545 2
2355 3 3
10548 0 6 0
2357 1 3
10550 1
10551 2 2 7
10552 6 6
2361 4 2
10554 9 9 4 4 6
10556 6
2365 9
2366 6 0
2367 1 1
2369 0 9 9 9 9 2
10562 3 1 3 3 3
2371 2
2374 1 1 3 1 3 3 1
2375 2 0
2376 2 1
10569 0
1875 3 3 3 1 3 3
10571 0 0 0 0 9 4 7 7
2380 9 0
10573 9
10574 3 2 3 2
2383 4 9 0 9 4 9
10576 0 4 4
10577 9 9 9
10578 6 2 9 4
2387 9
2388 6
2389 9
10582 9
2391 2 7 2 9
10584 9 9 0 9 9 9
2393 2
3353 7
10589 3
10590 3 1 1 2
2399 3 3 3
10593 1
2402 0
10595 3 0
2404 6 7
10598 6
401 0 2
2408 0 2
10601 3 1
2410 6 9
10603 0 4
10604 0
10606 4 7
2415 2
10608 2
1768 0
8363 0
2419 3
10612 9 0 9
2421 0 4 6
10614 1 3
2423 4 1 2 3 4
10617 0
2426 3 3
10619 8 4
10620 0 9
2429 3
2430 3 1
2432 3
10629 2
10630 2 0 2
10632 4
10633 0
407 0
2444 9 9 7
2445 9 2 2
2446 3 3
10639 1 3
10640 1 3 2 1 1 2
10642 9
9966 0 7
2455 9
2460 9 0 9
10654 3 1
2463 3 3
10656 2
10657 3
10658 9 7 0 0 0 6
411 0 0 6 7
10660 0 9 0
2469 6 0 0 2
10662 9
2471 7 9 9
10664 2 0 0 2 9
10666 4
2476 4
10669 0 0 7
10670 4
10671 0 0
10672 2 2
10673 0 0 6 0
2482 2 1 3 3 3 3
2485 9 9 6
10679 2 7 6
2488 0
10681 3 1 3
10682 9
8607 1
2495 4 1
10689 0
10690 6 0
2499 2 0 0 8 4
2500 9
10693 6
2503 2 2
2505 2 1 0 4
1783 0 2 0
10700 0 0
2509 9 6 6 6
2510 3
10704 4 6 7
10705 3 2
2514 1
10709 6 6
2518 0 6 4 9 0
10711 2
2520 0
2521 0 0
2522 0 1
2523 7
10717 6
10718 6 4
2529 4
2530 4 4
10723 9 0
10724 9
10726 9 9 9 9
7249 0
2536 1
10729 0 2
2538 9
2539 2 0
10733 4
10734 3 3
10735 6
10736 7
10739 1
2548 1
9616 4
2550 3 3 1 2 9 0 4 4 2 3 3
8617 3 3 1
2552 0 0 7
10745 9
2554 9 6
10747 0 6
426 0
2558 4 0 0
2559 0 2 4
2560 0
10753 3 3 3 2 3
427 3
10756 6
6632 3
10758 7 1
2567 2
2568 0 6
2571 1 1
10764 1 2 1
9986 9
10766 3
2575 2 3 2
2576 1 1
10769 3 3 3
10770 3 3
2579 0
10772 0
10773 0
9906 1 3
10776 6 7
2585 0 9 9 0 9 9 9
10779 6
2590 9 4
10783 3 1
2592 9
432 1
2595 0 0 9 0 0
10788 7 7 6
2597 1 1 1 2
10790 0
2601 2
2602 9
10795 3
2605 1 3
2606 9
2607 6 2
10800 3 3 3
10803 2 4
10804 6
2613 0 6 0 2
2614 1 3 1 3 3
10807 6 0 4
2616 3
2621 3 3 1 1
10814 3 3 3 3 3
10816 6 0
10817 2
2626 7 7 3 3
2627 6 3
10821 0
2145 6
10823 4
2633 6
2634 3
2635 4
10829 1 1
2642 1
10835 6 6
10836 2
2645 9 0 0
2646 2
2648 0 9
2649 1
10843 3 3
2652 3
10845 0
10846 0 9
3173 7 4
2656 2 2
2658 3
2660 0
2661 1
2664 0 4 6 2 1 2 0
10858 1 1 3
2667 0
10860 3 3 1 3 3 3 3 1 3 1
2669 3 1 1
509 4
8637 2
2672 2
10866 2 4
10867 0 9
8638 9
10871 6 0
9565 9 6
2681 0 0 0
10874 4 0 0
4543 3 1
2687 9 9
2688 6
2689 2 6
10882 0
2691 4 7 6 9 2 4 0 0
2694 0
2698 0
10891 3 1
10895 2 6 6
2704 0
2705 2 6
2706 0 0
451 3 3
2708 4
10902 2
2711 9 9 9 9 6 2
2713 0
2714 1 1 3 3 1 3 3
363 6 0
2716 2 9 1
10909 6 4
2718 2
10911 1 0
2720 7
2721 0 0
2722 9
454 9
2727 9 9 9
2728 1 1 1
10921 1 7 6 9
2730 0 4
2731 1
10924 0 0
2733 4 4 4
10926 6 6 6
10927 9
2736 1 3 1
2737 4 0
2739 2
10932 2 0 0
2741 9
2742 9 9
8649 2 4
2745 3
2746 1
2749 4 0
10942 6 6
2751 0
2752 0 6 0 0 9
10946 3
10947 7 6
10948 9 0 6 6
2758 6 4
10952 1
2274 4 0 6
10954 0 4 4 9
2547 1
10962 7 2
10963 9
2773 1
2774 0 0 0
10967 0 0
10968 7
2777 9 0
2781 4 0 0
10974 6
10021 9
2786 6 6
2787 1 9
2789 9 6 0 0
2790 3 1
2791 3
2792 1
2793 1 1
2794 9 9 9 6
2796 6
10989 0
2799 9 0
10992 6
10993 0
2802 0
10995 1 2
2804 6 2
1833 9
2808 3 5 5
11003 4
2812 4 8 2
11006 4
455 7 2 1 2
2816 9 9 9 9 9 9 9
11009 0
11010 0 7
11012 0
2821 2 3 1 6 6
11014 1 3 1
2823 2 7
11016 0
2825 9 9
11018 1
11019 9
2828 1 4 7 6
11021 7 0 2 2 0 0 0 7
2830 9
11023 6 6
11024 9
11025 7 0 7 7 4 0
2834 0
11027 9 9 6
10030 8 8 4 3 7 0
8665 0 7 4 6
11034 9
11035 9
11037 2 2 0
2846 0
11039 1
2849 0
2850 3 1 1
2851 7 3
11044 4 0
11045 1
11046 1
10033 1
11048 7 4 0
2858 6
11051 6 2
2860 1 1
2861 8 4 8
5278 4 8
2864 0 0 0 2
11057 6 2 0 0
2866 9 2
2867 1 1
2868 4 4 0 0 4
11061 0 6
2870 0 0
11064 9 7 4 7 6 9 9 0
2873 9
11067 2
11068 0 0
11069 7 3 1 2 1 1
11070 7
11071 4 4 2
11072 2 2
2881 4 8
2882 0
2175 7 7
11076 9 4 9
10038 0 7
2886 2 4
2887 1 3 3
11081 1
11083 0 0
11085 6 7
11086 9 4 6 4
2896 3 1
2897 9 9
2898 3 3
11094 9 1
11096 4 2 2 2
2905 3 1
11098 0 2
2907 0 9 0 9
10042 4
11103 0 0 7 0 0 0
11104 0 2 4
11105 0
2914 0
11107 0 1 2 2 2 2
11109 4
11110 1 3 3 3 1 3 3 1
11112 9
11113 3
11114 9
11115 0
2924 7
2926 2 4 4
11120 3 3
2930 6 0
2931 3 3 3 3
11124 0 2
2933 1 3
11126 9 9
2935 3 1
2936 1 3 3
11129 4 1
11131 1 3
11133 0
2942 2 3
2945 6
11138 6 3
2947 4
2950 9 6 0
5953 2 7 0
2952 1
11145 2
2826 2 2
2955 0 6 0 0 2 7
2958 1 3
11153 9 6
2962 6
2963 7
2964 9
11158 3
2967 0
2968 7
2970 2
2972 0 6 9
11165 4
2974 3 3
2975 2 2
11168 0 9
11170 4 9
2979 9 0 0
11173 6
11174 8 4 4 6
11175 3
11177 4
11178 1 2
1863 0 9
2988 6
11181 0 9 0
2991 0
11184 3 3 3
11185 0
2994 1 1
2995 9 4 4 4
2996 0 0 6 9
11189 1 1
2998 9
11191 4
8692 3
3003 0 7
3004 2 0 2
3005 1 1 2 1 1
3007 1 1 1
3009 0 0 6
3011 2 7 0 2 2
3015 0
3018 2 4 2
3020 9
3022 0
3024 9
3025 7
3028 4
3030 0 4
505 0 9 0
3035 3 1
3038 0 0 7
3039 3
3041 3
3043 3 2
3044 6
3046 0 7 7 2
3050 6
3239 9 6
3052 6 9 7
3055 4 3
3057 1
920 4 4
3059 9 7 9 0
8702 9 4
3062 1 3
3063 7
3065 6 7
3066 9
3068 2
3070 1 1 3
3077 0
1166 1
3082 7
3083 7
3084 3 3
514 0 9
3088 3 3
3089 3 1 3
3094 1
3095 6 4 0 2 2
3097 0
3098 1
3099 0 2
8313 2
1882 6 2
3102 6
3103 0
3107 3 3
3112 0
3113 0
3114 6 8 4 2 8 8 6 6 4 2 6 8 4
3115 3
3116 4 8
3117 9 0
3118 7
3119 3
8712 9
3122 2 2
3123 6
3125 3 1
3126 7
3130 1
3131 4 4
3132 9 7 7
3140 5
3143 4
3146 2
3150 2 9
4621 2 1 9
3153 1 1
3154 4
3155 0
3159 1
3161 4 4 4 2 2
527 6
3164 0 0
3166 4 9
3168 6 1 3 3 1
3169 9 7
3170 0
10086 2 3 9
3179 3 1 1 3
3182 7
3184 4
3185 3
3188 1
3189 0 0
3191 0 0
532 7 0
3194 2 3
3196 3 3 3 3
1898 0
3202 1 2 3 7 1
3205 9 0 7
3206 3
3207 7
3208 2
3209 0
3210 7 9 0 7 7
535 0
3216 0
3218 4 0 2
3220 2 3 1 3 3
1471 9 9 6 2
7441 1 9
3270 4
3238 1 1 1 1
1905 2 9 9
3241 3 2
3242 0
3243 4 9
3244 3 3 3 1 3 2
567 4
3247 8 9
8837 4 6 6
108 2
9296 0
3251 4 6
3254 3 3
3255 7 7
3256 9
3258 4 9
3259 0
3261 6 9 7 0 6
3265 9
8696 2
3268 0
11020 0 6
3271 9 6
3274 2 1 6
3279 2 0
3280 0
3282 3
8739 4
2837 9 6
3286 0 4 0 0
3287 0
3288 1 1
3291 6 6
3292 3
2204 0
549 4
3298 1
3299 7 0 7 7
3301 6 0 2
3302 2
3304 2 6 3
3305 3 1
8743 9 6
3309 9 9
3310 6
3314 2
3316 0 4 0 0
3318 3
3319 1
3320 5 7 7 7 7 7 4 1
3321 0
3323 9
3331 2 0
3334 1
3335 2 0 0
3337 0 7 7 4 0 0
2566 7
3340 0
3341 1 3 3
3342 1 2
557 3
3344 2
3346 4
3347 1 3
3348 3 3
3349 2 4 3
3351 9 6 6
1924 2 0
3356 1
3357 0 4
3360 3
3361 0 3 9
3362 2 0
7387 6 9
3364 7
1926 9
3367 0
3368 0 0 9
3371 6 0
3373 2
385 6 2
3377 3 1 1 3 0
3379 0
3382 0
3383 9 9
3384 0 7 0 0 0
8756 6 9 0
3387 1 2 3 3 7
3389 6 7
7392 4 0
3394 6 0 2
3395 1 1 3
5023 6
3397 4 8 8 8 8 8
3399 6
3401 0
3402 0 6
3403 0 0 6
3407 1
3409 8 6
3410 0 1 3
3411 3
3413 9 0
3414 0 9
8761 0
3416 2
3417 8
9188 0 2 2 2 6 2
3421 6 4 0 9 2 0
3423 2
3426 7
3429 1
10129 1 3 4
3433 0
3434 6
3435 3 1 3
3436 1
3438 1 7 0
3439 3
3441 1
3442 6
3444 0 0 0 0 8
3446 1 1 3 3
3447 1 3 3
2297 1 1 1
3454 3 3
3455 7 6 6
576 0
3458 1 3
10621 6 0
3465 1 0 0
3466 6
3470 0 9 0
6935 7
3474 2 2
8299 0
3476 4 7
3479 6 0
3480 2
3482 6 4
3483 1 1 2 0 2
8773 3 3 1 3 3 1
3491 3
3493 9
3494 1 1 7 1
3495 1 1
10140 9 9
3500 4 9 0
3503 1 4 3
3504 0 0
3507 1 7
3509 2 6 6
3510 4
3513 6
3514 2 0 9
3515 2 0
3516 0
586 3
3518 9
7061 2
3520 4 4 4
10210 9 0 3
3523 0
3524 0
3530 0 0
3532 0 9 0 4
3533 1 1
3539 3
8782 0 0
3544 3
1956 6 0
569 2
3547 0 0 4
3548 3 7
3549 3
3550 9 9 9 0 2
3551 9 9
3555 3 3 3
3556 9
10150 3
3558 9 0 6 7 4
3559 0 0 0
3561 9
2915 2
1959 7 6 0
594 7
1960 0
595 0
3572 9 9
3574 0 0 7
3577 4
3578 0 0 9 6 9
3579 4
3581 3 1 2 1
597 0 0 4
3585 2 4
3588 0 4
3589 0 4 4 2 9 2
3591 9 0 6
3592 3
3593 4
3594 3 2 0
3596 1
3597 4 6 0 0
9667 1 1
3599 3 1 3 3 2
3602 0
3605 0
3606 1 1
8793 9
3608 9 9 0 6 6
3610 6
602 6
624 3 3 3 0 7
3616 9
686 9
3621 0
3624 9 4
3625 4 6
3626 4 9 6 0
3627 6
1497 6
3629 4 4 2 1 0
3630 0 4
3633 0
3634 0 0
3635 2 0 0 1
3637 6
3640 7
3641 3
3642 2
9821 2
608 0
3650 6 9
3652 0 4 0 6 2 9
3655 9 9 6 4
3658 6
1975 9 0
3660 2
3661 6
3664 3
10168 4
3666 0 0 6
3671 9
3672 2
8804 9
3343 7 7 0
395 1 1
954 6
188 2 6 6 0 6 4
3681 0
3682 3
3684 6 7
3687 0
3688 2 9 9
3689 6
3690 0
8807 4
3693 2 3
3694 9
3695 0 3 0
3696 0 0
3698 6
3699 9
3700 0
3705 6 0
1983 7 3 1
8810 0
3712 2 4
3713 0
3714 4 3 1 1
3715 2
3716 0 0
1985 0 7 0 0 2
3722 2
3723 3 1 3 3 1
3725 4 4 6 0 0
2807 4 0 7 0
3727 3 3 3 1 1 3
3728 6 0
3729 3 3 1
3730 3
3731 6 4 2
3732 1
3733 0
3734 0 7
3735 2 1 3 1 2
3736 3 1 2 1 1 1 1
3737 0 0 0 0 0 9 4 7
3738 0
8815 9
3744 9 0 2 9 2
3745 3 1 3
3748 0
3750 4
3753 2
3757 4
3758 9 9 9
7453 0 9 9
3760 0 0 4 4
3762 4 6 9 2
3763 1
3765 0 2
1993 0 9 6
3768 1
3769 3 3 3
3770 0 0 0 7
3772 8
3773 9 9 9 9
3774 1
3775 9 7
3776 6
3777 4 2 0 6 9 6 0 2 4
3778 1 3 1 1 3
3781 9
3782 5 7
3783 2
3784 6
8823 6
3789 6 9
3790 1
3791 4
3793 2
3794 2
3363 3
3796 9
10492 4
3798 0 0 0 9 2 0
633 0 0
3800 2 2
3801 6 0
3808 2 0 6 1 6
635 6
3812 0
3813 1 3
3815 0
8828 3
8856 9 0
3819 0
3822 7 3 3
3823 1 1
3827 1 4 6
3829 0
3830 6 6
9402 2
2005 1 2 3
3842 0
3843 1
10198 6
3847 3 0
3849 4 0
3850 3
3854 3 3 3
3856 1 1 1 3
3857 2
3864 7
3866 1
3870 3
3871 4
3875 3 1
3876 4 4
10222 3
3883 6
10205 9 0
3888 0 2 4
7475 9
3892 9 0
3893 1 3 9 7
10768 2
3895 6 6 0
3898 1
3899 2 1 4 2
3901 1
3904 6 9 0
3906 2
3910 7
2017 1 2
3912 6 6
3914 2
3917 1
7391 0
3919 0
3920 6 6
3922 3 3
3923 7 9 0
8846 3 1 1
3926 2
3927 0
3929 9 4
3936 0
6300 4 6
3939 9 0
1495 6
3944 2 1 1 3 3
3946 0
10215 7
3950 3 0 2 0
3951 0
11043 1
3965 2
3968 0 0
4758 4
3974 6
3975 7 9
3980 0
3981 0 6
3982 4 4 2
3985 0 9
3986 2 3 1
3989 0 0 2
3990 9
3991 0 0 7 6 0 0 9 0
3992 7 7
3993 6
10223 0
3999 0 4 4
4000 7 0 6 2 9 0
4001 0
4002 0 4
4004 0 0
4005 1 4 2
4006 9 0
10225 2
4008 3 1 3
668 0
4012 9 9 0
4014 1 0 7 9
4016 0
4017 0 0
4018 0
4020 6 9
4023 3
4024 9 0
4026 4 9 6 0 7
4034 6
4036 9
4037 6 0 6
4038 1 1 3
673 1 1 3 3
9409 6
4044 9
4045 2 0
4046 2 0 6
4047 3 2
4051 0
4053 6 4
4056 0 4 7 2
4057 0
4058 1 1 6 7
4059 0
4060 0 0
4062 7 0 9 4 9 0 0
677 4 4
4067 1 3 3 7
4069 9 6
4071 9 0 0
4072 3 3
4074 2 9 4
4075 7
4077 2 1
4078 2 1 1 1
4079 6 0
4080 9
4082 0
4084 3
4087 1 1
4095 1
4097 2
4098 3 2 2
4099 6
4100 0 0 2 7 2 2
4102 0 4 9 6 4
4103 3 0 3 4 2
4107 3
4109 0
4110 6 6 6
4111 0
4112 0
1773 0
4114 1 3 3 1
4117 1
4119 9
2052 1
4124 2 6 0
4125 6 2 6 7 4
688 1
4132 4 0 6 9
8881 2 9
4139 2 0
4143 3
4145 9
4146 0 6 0
691 0
4148 0 0
4149 9 9
4150 0
4151 2
4152 0
4153 0 9
4156 3 1
4157 1
4158 0 2 2
4159 6
4162 0
4164 3
481 3
4167 1 7
4168 7 9 0
4169 0
4170 1 1 3
4173 4 6 2 6 4 0 9 6
4176 0
4177 8 4 8 4
4178 2
4181 9 9 9
4183 0
4186 0 9
4794 0 6
4190 7 9 9
4192 7 7 7
4193 9 6 6
4195 4
4197 4
9687 2
10448 7 9 0
4200 1 1
4202 0 9
4203 9
1231 1
4207 9 2 0
4208 9
4213 6
4215 0 2 2 0
4216 6
4217 6 9
4218 0 0
8051 3
10261 9 9
4224 2 1
4229 1 3 1 2
4231 4 4 0
4235 2
1762 1
4239 4
4240 2
4803 0
9651 2
4250 2 7 7
4251 0 0 2
4252 2
2074 9
4254 1
4255 9 9
4257 2 7 6
4258 9 0
4263 6 6
10268 4
4266 0 9
4269 9
2077 4
4275 7 2 2 2
4276 0 0 2 7
4283 1 3 3 3
4284 2 2 9
4285 9 0
4287 0 4 2 4
4290 6
4291 9
4292 9
9782 9 9
8908 7
4298 0 9 9
4300 9
4301 0 6
4304 0 1
4308 4
4309 2 2
4310 7 0
4311 0 9
2920 9 9 0
4314 0
4317 9 0
4319 0 0 0
4322 1 3
4326 9 6 2 1
4327 1 3 3 3 3 1
4328 7
4330 0 7
4331 6 6
2872 7
417 4
8915 0
4344 2
4347 2 4 7 0
3418 4 4 4 4 0
4352 4 0 0 0
4356 2 0 7
4357 4 0 4
4360 4 4 4 4
4362 4 2
4365 4 0 9 4 2 0 4 0
4367 9
4368 2
4369 4 4 4 0 0 4
4370 0 1
4371 0
4825 9
4377 0
4378 9 0 0 7 9
10287 1 3 3 3 3
4384 0
4385 2 9 9 9
4386 6 9 6
8923 1
4389 8
4391 6
4394 3 1
4398 8 4 6 6 6 6 3 2
902 0 0
10122 7 9
4402 6
10203 1
4408 3 1
4409 3 6
11058 0
4412 2
4413 9 0
4414 3
2101 6
4416 3
4417 6 6
4418 1
4419 6
4420 3 1
4422 9
4423 4 7 0 0
4429 4 2 0 9
4436 4 4 4
4440 6
4441 0
9968 9 9 9 0 0
4447 6 4 0
4450 0 7 9
4451 9
4452 3
742 7
2876 0 0
4457 9 9
4458 6 0
4460 0 0
4464 1
4465 2
4466 3
4469 2 2
4473 2
4479 9 2
4480 1 3
4481 3
4483 2
4485 1 3
4488 3 3 3 3 3 1 3 3
4489 1
4490 2
4493 7 2
4494 2
4498 3 3
4500 9 6 9 0 0
4504 1
4505 4
4506 1 1 1
4507 3 1 1 1
4508 9 6
4509 0 9
4511 2 7
4513 3 1 0 3
5333 8 4
4515 4 4
4517 2
4519 3
4523 0
4525 4
10312 0 0
4851 1
4533 2 6 6 6 0
4534 2 2
4535 2 9
4538 9
4541 4
4542 0
1515 0 6 0 0
4544 2
2123 9
4552 9
4556 7 6
4557 4 2
2125 0 2
4564 0
4566 9 4
4567 9 0 0 0 6 6
4569 4
4570 4 2 0 0
4573 1
4574 0 0
4576 3
4579 2 3 3
4583 6 4 9
4587 2 0 0
4588 2
2130 1
4590 4
4596 0
4598 9 9
4599 0 0 9 0 0 0
4600 7 0
4601 2 8 8 0 2
4603 0
4607 1 0 0
4609 2 6
4610 3 0 1 9
4612 9
4615 6
4619 0
11065 6
4623 9
4626 9 9 0 2 2 2 1 2
4627 0
4629 6
4634 4 4
4636 1 3 3
4639 0 3 0 3
8065 4 2 8
4643 0
10793 0 0 0
4646 0
4647 0 6
4650 9
4654 0 2
4657 7 1 2
4662 0 0 0 6 7
4663 6
4664 1 1 1 3 1
4666 0
4667 1 4 4 0 2 2
4669 1
4673 6
4677 0 7 2 6 0
4678 6 6
4679 4 0
10950 3 2 1 3 1 1 1 1
4683 0 4 6
9976 1 3 3
4687 0
4688 0
4690 7 4
4691 9
4693 2
4697 2 1
4699 3 3
4700 1
4707 7
4711 1 6
4712 2
4716 2 1
9524 6
7613 1 1 3 3
4722 3 1 3 3
4883 2 2
4725 9 0
4726 0
4730 4 4
4732 0
2443 0
3431 0 7
976 6 6 0 6
4741 2 7
4742 3 3
4744 7 2
4745 4
4747 0 9
6253 0 0
9797 4 0
4754 1 3 3 1 3 1
4755 0
4756 7
10524 4 4 0
4759 1
4762 2
4763 7 4 4 0 6 0
4765 0 0
4766 3 3 3 1
4767 4 6 6 9 4 6 6 7 6 9
4771 7 7
4774 9 9
4775 9 9 9 6
4777 9 6 7 0 2
4778 8 4
4780 1 3
4784 9 9 0
4786 2 6 4 4
4787 6 6
4788 0 6 7
4792 4 4 4 4
705 1
10798 7 7
4796 9 9 9
4797 4
4802 2 4 6
7627 9 9
4804 0 9 9 6
4809 9
4810 1
4812 8 3
4815 0 0
4816 3 3 0
4817 2 0 2
4818 0
4819 6
4820 2
4822 0
4823 0
804 8 4
2070 7
2487 1 2 3 1
4829 0
4830 1
4901 9 6 9
4833 9 0 0
3707 3
4839 2
4840 0
1525 7
7635 2
4852 6
4854 2
4855 2 1
4859 9
4860 0
4906 2 2
4862 6
796 3 3 3
4864 7
4865 0
4866 9 2
4868 7
4870 6 9 0 6
4873 2 1
4874 3 1
4875 4 6
4877 6
4879 1
4881 0
8925 0
4886 9 6 0 6
3545 0
4888 2
4889 3
7397 9 9
2345 0
4894 2
4898 3
4899 2
10374 6
4902 2
4913 2
4904 9 9 9
2891 1 3 3
4907 3 1 3
4908 1
818 2
4910 0
4911 7
9438 1 4
1032 1
4915 9 0 0
4919 0
4920 9 6 0
4921 1 2 2 3 1 2
4925 9 9
4926 3 1 1 3
4927 1
4931 9 0
4932 6 0
4933 0
4934 1 3 3 3
4935 3 3 1 3
4936 0 0 0
9089 6 0 0
4940 1 3 3
4941 6
4944 0
4947 4
10382 3 2 1
4950 9 0 0
4952 0 1
4953 1 3 3 1 3
4954 0 0
4955 4
826 0 6 1 6
4959 4
2192 0 0
4964 9
4966 4
4967 2
4968 3
4969 9
4970 4
4972 0
4975 1 3 3 3 1 1
4977 4 4
4978 4 6 9
4979 9 0
4982 2
4984 6 4
4985 9
4986 9 6 9
831 1
4988 9 9 6
4991 4 8 2
4992 6 1 3
4993 7
4994 0
4996 0
415 0
5000 9 9
5004 6
5006 1
5008 7 6 6
5012 0 9 0
5018 1
5019 9 4 0 0
837 3
5027 3
5029 1 1
5031 0 0 9 9 2
5033 1 3 1 3 3
5035 9
5036 1
5045 9
5049 0 0
842 4
5054 0
5059 3 3 3
5062 4 0
5063 1
5064 9 0 0
5066 2
5068 0 2
5069 3 1
5071 7
5073 9
5079 9 9 9
5081 9 2
5082 4
847 2
5084 9 0
5092 1 9
5095 0 0 0 0 0
5898 6
5101 7 8 4 4
5102 1
5104 9
5105 2 9
5106 0
5108 7 0 4 2
5110 6 3 6
5111 2 4 1
5112 9
5113 6 0 0 2
5115 3 1 2 3
5116 7 7 7 7 7 7 7
5119 9 9
5120 3 3
5122 0
5123 9 0 6
5124 0
5130 2
5133 2 0 1 1
5134 0
5135 0 6
5137 0
5141 9 0 2
5142 7
5145 8 9 0
5147 2 9
5151 6 0
5153 7
5156 1 3
5158 1
5159 2 9 7 9 2
9052 6
11000 9 9 6
2226 0 4
5172 3 1 3
5174 4 4 2
5176 2
5177 4 0 7 6 8 4 8
5179 4
5181 0 4 0 2
5182 9 6
5183 7 7 4 7 0 9
5184 2
5185 9
5190 0 7
5193 0 7
5194 0 6
5195 6
5083 6
5199 4
5201 0
5202 2 2 3
867 0 2
5205 1 3 3 3
5207 1 3 3
5208 0
5211 0
5213 2 6
5219 3 1 4 1
5220 1
5221 7 0
7697 0
5225 9
5227 3 3 3
5228 1 3
872 6 9 2
5234 8 7 6
5236 0
5237 6
5240 0 9
5241 4 4 0 3
5242 2
5244 3 3 3 1 1 1 3 3 3
5246 3 3 1
2811 0
5248 0 6 9 2
5249 0
8982 1
5252 6
5253 6 9 0
5254 2 0
5256 6
5258 9
5261 9 0 6 0
5264 9
5268 3 3 3 3 3 3
5270 6
5271 0 6
5272 7
5277 3
2490 0
1934 2
5283 3 1
5285 9
1267 1
5288 0
5290 6 6
5291 1
5292 3 3 3
5293 1
5297 7 0
10441 4
5305 9
5306 3 3 3
5315 7
5318 0
10444 2
5323 7 9 9
5324 3 1
5325 9 9 6
5327 1 1
5328 0
5329 4 0
9910 7
5334 1 1 1 3
5335 9 0 0 0 7 0
5337 7
5338 7
5339 0 0 2
5342 9
2360 1 2
5345 2 7 4 0
5346 7 2 6 4 2 9 7
5347 0
5349 6
9587 2
5351 9
5352 0 7
5354 6
5356 3
2258 0 6
5360 2 4 9
5361 0 7 0 0
5362 4
5363 9
5364 0
10452 3
5370 4 4 1
9087 6 0
5372 9 2
5374 1
2261 2
5376 4
5378 0 6
5380 0 0
2818 2 4 0
5382 9 9
5383 2
5386 0
5388 0 4 4 0
5389 9 0
5390 9 9 0
5391 4 0
5393 9
9091 0 2 3 3
5396 1 3 3
5397 9
6361 2
5401 9
5404 3 1
5405 9
5413 3
5414 0 0 4 9 2
9182 9
8383 9 0 0
9856 1 1 1 3 1 1 3 1
5421 6 6
5422 7
5423 2
5428 9 6 9
5429 9 9
5434 0 0
5435 2
5436 2
9098 1 3 1 1
2272 1
5442 1
5443 6
5444 9 9
2909 6 4 0 6 6
5449 6 6
5450 4 8 4 4 7
5451 9 9
5453 2 9 9 6
5455 2
5456 2 0
5458 0
5460 6
5461 2 0 6 6 6 2 2 1 1 1 1 1 2 1
5462 4 7
5464 2 9 9
5468 8 8
7738 1 1
5471 7
5472 2
6374 6
5478 1 7 3
9105 8 6
5480 4
5483 1 1 1
5484 1 3 3
5487 0 0
5488 4 9 6
5490 0 6
5492 0
5493 2 2 0
5497 6
5498 0 4
5500 2
10474 3 7 3 1 3
5502 9 2 3
5503 0 9 0
5506 0
5508 7 7 7
5509 2 7 1
5514 8 6 0 0
5520 0 7
5521 1 3
5523 1 4
5526 4
5528 6 4 7 7
5530 7
9114 7 3
5534 0 0 7 9 9
5536 4 2 4 4 0 4 4
5537 0 2 9
5540 3 3 3 3
5541 1
5542 2
5543 4 6
255 0
5549 1
5551 0
5552 6 7
5553 0 0 9
5554 2
5558 6
3583 3 3
5560 1 3
5563 7
5566 4 4
6389 6
5569 0
5570 7 7 7
5572 6 6
5575 2 1
5577 0
6391 9 9
2983 1
5582 6 4 0 0
5583 2
5585 2
37 2 3
5588 3
5591 7
5595 6 7 6 0 7 0
5597 3 4 1
5598 9
5599 2
5601 1
5602 3 3
2299 9 0
5604 9
5605 1 1
2096 0 9
5608 8
5609 4 4 4 2
5611 0
5613 6
5615 2 2 7 2 5
5617 0
5619 4 4 0 4
2302 3 2
5623 3
5624 0 6
5625 2 2 2
5627 4
10553 1 3 1 1 1 3 3
5631 0
5633 9 6
5634 6
5635 8 4 0
5636 0
5637 0 9 7
9132 4 0
5642 0 0
5649 5
5650 2 0
5651 2 4 9 7
5652 9 7 0
5655 4 4
5656 1 0 4
5657 9
461 6
5666 1 7 1
9736 4
5672 6 6 9
5673 1
5675 1 2
5676 0 0
946 4 8 8 8 8 4 4 2
5679 2 1 1
5684 9
5685 0 0
5686 4
5688 9
5689 0 6
5692 3 2
5693 3
949 3 3 1
5696 1 8
3680 3
5700 1
5704 9 2
951 9 9 0 4
1281 4 0
5711 3
5713 7
1554 9 9 0
5715 6
5717 4 2 0 2
770 3 3 1
5719 0 0 2 6
9858 0 9
736 1 4
5726 1 3 1
5728 0
9147 9
9749 0 2 4 6 0
5736 0 9
6803 3
5740 0 6
5742 0 2 2 0
957 2
5744 3
5750 1 1 3 1
1828 2 6 4
5752 4 2
5753 9
5754 7 1
5755 3 1 1
5756 4 4
8375 2 9 0 0 9
5759 2
5760 3 3
960 9
5762 3 1
5763 3 1 1
5764 3
5766 0
961 0
5772 0 0 0
5775 9
5777 7 0 9
5779 3 3 3 3 2
5781 0 0
2329 4 6 8 4 4 0
5785 0
3881 6
5787 8
2356 3
5791 4
5798 3
5799 1
5801 4 2 9
967 2
5807 0 6
5808 6 4 0
5809 3
5812 9 6 0 7 2 0
5817 2
5818 6
5820 3 3 1
4831 3
5823 3
971 9 4 1 4 6 0
5828 7
5830 4 8 8
5831 4 0
5832 0 2 0 6
972 0
5835 1 0
5836 6
5837 6
5838 3
5840 9 9 9
5842 7
5844 2 1 2
5845 2 1
5846 1
5847 2
5848 9
5849 4 4 0
5851 6 0 9
5852 6
5854 6 6 0
5856 1 1
5857 0 0
5858 7 0
5859 0 4
5861 9 9 9 7 0
5865 7 2 0
5866 2
5867 6
5869 4 7
5870 0 0
5871 6
5873 4 4 4 8 4
5875 1
5876 2
5878 0 2
5879 0 9 0
5882 0
5883 1 1 1
5884 0
5885 0
5887 0 0 0
5888 1
5890 0 9 0 0 0 9 7 0 0 9 0 0 0 0 0
5893 7
5894 7 7
5895 9
469 6 8
5900 0 0 0
10541 1
5907 1 2
5908 3
5912 0
5914 0 0
5916 6 9 0
5919 2
5921 2 1 2
5923 0
5924 6 0 0
5926 9 9 0
5927 9
5929 9
5930 4
5931 2
5932 0 0 7 0
5937 0
5938 1 9
5939 4 0
5941 9 9
5942 1 1
5945 2 6 7
5946 3 1
94 4
9184 9
5954 6 4 0
5956 6
5960 9 6 9
5964 2 4 4 2 1
5965 7 9
5969 0
5970 2
5972 7 0 9
5973 1 1
5974 3 3 1
5975 1 1 1 1 3 1 3 1 3
10019 3 3
5978 4
5981 0 0
5982 2
5983 1
5985 9
5987 6 9 9 9
5989 9
5992 0
5993 0 2
999 4
5997 3
5999 0 6
6002 4
6003 6
6004 0 1 2 0
6005 2
6006 9 9 0
6009 0 0
6013 1 2 3 3 1 3
6014 1
6016 1
6017 2
6020 0
6021 9 9 9
6022 2 0 7
6027 3 1 3 3 3 3 3
6029 9 0
6031 4
6032 0 0
6033 2 1
6039 9
6040 0 0
6041 9 0
6047 3 3 3 3 3 3 3
6048 2
6049 0 0
10133 1
6051 1 3 3
6052 6
6053 0
6054 2 0
6055 3 1
6060 2
6063 3 1
10568 1
6068 1 3
6070 9
2377 3 1 1 1 3 3 3
6075 1 7 7
6076 9 9 9
1013 9
6081 2 0 9
6082 7
2379 0
6084 4
6086 7
6087 2
6089 3 2 3
6090 6 9 0
6091 2 1
6093 6 0
6094 3 3
6096 8 4
6098 0
2382 0
6105 9
6107 0 0 0
6109 0 9
6111 9 6 0
2932 1
6114 3 9 3 3 1
6115 2
6118 0 2
9751 7 4 2 4
6121 0
6125 9
10024 6 0
6129 0
6130 7 0
6132 4 4
6133 8 8 7 4
6134 3
7849 0 7 7 7
6137 6 2
6138 7 2 2 0 9
6139 3 1
499 0 9
6142 3 9 8 0
128 9 4 9 7 4 0
6145 0 2
6149 9 9 9
6150 0
9970 1 4 0 4
6152 3 3 2
6155 0 4
6157 9 2 6 0 0
6159 0 4
2392 4 9
205 0
6163 9
6165 0 6 0
6166 0
6167 3 4 4
6172 6 1 6
6173 9 0
6175 0
6178 3 3 3 3
6179 4 0 0
6182 1
6186 9 9 6
6187 3 3
6191 1 2
6193 3
6194 6 6
2398 4
6200 3 1 3
1843 3
6202 0 1 9 0 7 9 2 3 0 4 9 7 6
6203 6
6207 1 3
6697 3 3 2 8
9754 2
6211 4 4
11118 4
19 9 9
6215 6
6217 9 7 9
6219 0 0 3
6220 2 1 2 2 3
6221 3 3
6224 0
6225 0 0 1
6227 4 2
6228 0 0
6230 4 3 3
1844 4
6232 1 3
6234 0 6
6235 6 0 4 0
6237 1
6238 9 0
6241 7
6249 1 2 2 1
6251 8 1
6252 0
9234 3 3 2
6254 3 3 0
6257 9 9 7 0 9 7 9 9
6258 0
6259 3 3 3 3 3
6260 1 1
6262 6 6
6265 2 6 7
6266 0 0
6267 3
10602 8
6270 3 3 3 3 1 1
6274 6
2411 4 9
6277 6
6280 0 9 9
209 6 4
6283 2
6285 0 0 0 0 7 6
6287 6
6293 3 3 3
6294 6 6 8 9 2 2 0 9
1049 4 4 0
6297 9
10607 2 3 4 1 4 1
751 5 7 3 7
6301 9
6303 4
6306 7 0 4 0 6 2 0
6307 4
6310 6 7 6 6
6311 9
6312 2 2 9
6313 9 6
6316 0 0
1133 9 6 9
6318 0 0
6319 9
6320 2
6321 3
3211 3
6327 9 7 7
6328 6 0
6329 6 9 0 0 6 7 7 6 2
6332 0
1056 3 6 4 2
7789 9
6340 0 9
6341 3 3
6342 1
6343 6
6345 0 0 2
6346 0
6347 0 9
6349 0 9
6350 0
6352 0 7 9 6
6353 6 0
6354 6
6355 7 4
6358 2
1060 2
6363 0 2
6367 9 0 9
6369 9
6370 4 2
6371 6
6372 2 9
783 3
6375 7 7
6376 0 8 9 0 1 1
6379 0
6381 4 6
6382 2
6383 6 0 4 4
6385 2 2
6387 0 6 0 9 7 6
10622 9
1065 1
6393 4 4
6395 6
6397 3
6399 1 1 1
10624 9
1067 4 2 1
6404 6
6405 2 2 0
6406 6 6
6407 9 7 9 0
6413 0 6 0 7
6414 9 9
1069 2 0 0
8397 3 3
6420 0 6
6421 0 7 6 7 7 6 7 7 2 2 9 0 0 7 6 6
6422 2 4
7897 1
6427 4 0 4 7 4 9 4
6430 0 4
6431 7 6
6433 0
6434 0
6437 0
6440 2
6441 1 6
6442 9
5670 4 7
6444 6
1074 3 3
303 1 3
6448 1 3 3 3
6451 9 0 9
6452 0
1306 0
6459 1
6460 0 0
6463 9 0
6464 3 2 3 1
6465 1 1 1 3 3 1 3 1
6467 0
6468 2 7
6469 3
6470 1 7
6471 0
6472 1
10636 4 0 2
6475 0
6478 9
6479 3 3 1 3 3
6480 7
6481 2 3
3811 2 0 7 7 9 6
6484 9
6493 1
11007 9 6
6498 3
6500 6
6502 3 1 1 1 3 1 1 1 1 1 3 1
6503 4 0 2
6504 1
1124 0 2
6507 2
6510 1
6511 0 0 0
6512 1 3 3 3
6513 4
6515 3 3
6517 9 6
6518 6 2
6519 9
8946 6 0
6522 4
6523 3
6525 0
6526 0 7 7 7 0 0
6527 0 6 4
9280 9
10583 6
1854 0 0 9 0 9 0
6532 7 3 1 1 3 1 1
6533 9
6534 1 3 3 3 5 5
6537 0
6538 7 7 0 1 3 2 1
6542 9
6543 7 8 1 4
8674 7
6547 2 4 9
6548 9 7 7 4 4 0
6550 4
6552 2 7
6553 6 0 0 6 6
6558 2
9285 0
6563 9 9 0
6564 6
6568 0 4 0
10652 1
6570 6
6572 2
6573 4 0
6575 9
6577 6 0 6 0
6579 0 2
2462 0 4 2 4 6 0
1583 9
6587 3
6588 1 1
1098 6 0 6 7 2
6592 2
2464 7 7 2
1099 0
6597 9
6598 7 2
2465 9
6600 3 1
6601 2 9
6602 1
9293 6 7
6611 9 0 2
6617 9 2 0 2 2
6620 9
6621 0
6622 1
10661 7 7
6625 2
6627 6 9 0
6629 8 4 3 1 4 6 9 0 9 1
9647 4
6631 1 2
1039 3
6633 0
6634 2 3 9 9 1 9
6635 3 3
6636 9
6637 0
6639 4
6641 2
6642 9
6643 3
9223 7 0 4
8574 1
6653 0 2 4
9301 2 0
6660 0
9769 0
6663 6 7 4
1111 0
6670 3 1
2477 1 3 7
6674 0 0
6676 6 6
6678 6
6680 0 6
9497 0
1114 3 1
3845 3
6688 6 0
6689 2
6690 1 3 3
6693 2
6695 3 1
10043 6
6698 9 6
6700 6 6 2
6703 2
6705 3
6706 1 2
6707 0
6708 0
6714 4
6715 4 4
6717 0
6718 4
6720 1
6723 3 3
6727 3
6729 1
6730 1
6731 9 0
6732 3 3 3
6733 0
6735 2
6737 0 9
497 4 8 4
6741 9
6743 3 3 3 1 1 1
6745 7 0 3 2 7
6746 3
7951 3 1
6749 6 2
6751 4 7
6752 0 9 0 0 2 4
6754 6
10683 0
6756 3 9 6 9 7 6
6757 1
6758 4 8 4 4
6762 9 0 6 9
6763 0 0
6765 6 0
6766 9 9 9 0
1136 0
6772 0
6774 0
6776 0 9
6779 0
8283 4 2
6789 0
6790 0 0
2497 0
226 0
6794 0
6798 1
6799 0
10691 2
6804 4
6809 6
6814 3
2501 3
6816 7 0 6
10047 2
6818 4
6820 9 6 9 9 9 9
6822 4 4 0 9
6823 6 6
6824 4 1
6599 4 2
6829 2
6830 6 0 6
6831 0 0 0 9
6835 4
6836 2
6837 6
6838 4 4 4
6839 9
6842 0 0 0
6843 1 0 1 2
6845 6 4 2
9333 2
6850 0
9334 0
6854 9
6855 0 0
6857 0
6858 3
501 3 3
6860 7 9 4 9
6862 0
6864 4 1 0
6865 6
6866 2
6867 2 7
6871 6 3 1
6872 1 3 3
6873 7 0
6874 9
6875 3
6880 6 9 6
2512 1 3
6883 9 2 9
6884 7
864 6
6890 0
6892 0 6 4 0
6893 0 6
6895 4
6896 9 9
6902 1 3 1 3
6903 1
6905 1 2
6908 2 4
6913 0 7 7
6915 3 1 3 3
6916 7 3 2 3 2
6922 8 4
6923 1 2
6924 1
6926 2 9 0 0
6929 7 6
6934 9 6 9 0 4
10713 1
3887 7
6941 2
6944 3 3 1 4 8 4 3
6945 7 0
6948 6
6949 2 0 6
6952 1 1
6953 0
6954 0 0
9351 2
6957 1 3
7684 2 3 3 3 1
2525 3 1
3891 1
6964 9
6965 3 1 1 3
6967 0
6968 4 4 6
6970 7 0
6973 4 4 8 7 4
6975 0
6976 0 7
6981 9 9
447 1
6984 0
9507 1
6988 2
6992 2 2 7
6993 0
6994 0 4 1 1 3
6996 2 9
6997 6 6 9 9 6 0
7000 3 3
7001 1
7002 0
7006 3 3 3
7009 9
7010 9
7012 4
6630 2 0
7018 6
10727 6
8690 0 6
7026 1
7029 1 1 3 3 3 1
7030 1 0
7031 7
7032 9 9
7033 2
7035 0 0 6 9 6 6
7036 0
10730 3 3
7038 0 6 4
7040 2 1 1 3 2 0
10731 0 6 2 2 9
7044 2 7
7045 4
7046 0 2 7
7050 3
7051 0
7054 1 1 2
8691 7
7060 9 9
2542 7 0
2690 0 0
7063 6
7064 9 7
7065 3 3 3 3 1 1 1
7067 2 1 3
7070 6
7073 1
7074 7 7 0
7077 6
7079 4
7086 9 9 9 0 1 0 9 2 1
1181 6
7089 1 0 1 1 1
7091 2
7093 8
7094 1 2 1
7095 9 9
7096 0
7099 2 4 4
7110 9 7
9377 1
10743 3
7116 4
7117 0 6
7118 7 0 8 2
7119 0
7120 1 3 3 1
6648 3
7123 2 2 2 2
7125 3 3
7126 1
7127 9 9 0 0 1
7128 9
7129 0 9 0 0 0 6
7130 3 3 3
7132 1 3 3 4 1 4 0
7136 3
8016 1 1 1 1 1
7138 9
7139 0 6 9 4
7140 7
7141 9
7144 3
2420 0 6
7146 1 1 1
7149 3 3 3 3 3
7150 0 9 9 0
7152 1 1 2 1
7153 2
7154 9
7156 1 2
7157 6
7158 6
7160 9 0 9
7161 8
7162 9
7163 2 0
7164 9
9386 2
7168 3 3
7169 2
7173 4 8 2 7 7
7174 0 4
7177 0 0
7178 9
7179 2
7181 4
7182 4 6
7183 4 9 9
7184 0 1
2563 0
7188 0 6 0 0
7189 9 7
7193 1
7194 6 6 0
7195 4 4 6
7197 2
7198 0 7
7199 3
7200 2 3
1200 7 7 4
7202 2 2
7204 9
7205 3 3 3 1 3 3 1 2
7206 1
7207 3 0
7209 9 7 7 0 7
7210 4
7215 9
7216 9 9 9 6 0
10760 9 9 9
7219 0
7220 0 7
7222 7 0 9
7224 7 0 6 6
7225 0 0 0 0
7226 1 3 1 3
7227 0 2
7228 6 3
7229 7
7230 9
7231 0 1 2
7232 1 3 1
1521 9 0
9398 0 0 4 7 7
7238 3
3937 0
7241 0 4
7242 0
7247 0 7
1208 0 4 7 4 6
2574 7
7256 1 1
7257 0
7258 2
7260 9
9789 3
7263 9 6
7265 4 0
7267 4
7268 2
7271 4 6 6 6
1212 2
7274 1 1
7277 0 0 2
7279 9
7282 5 3 3 3
7283 3 3
7286 0
7287 9
7289 7 0 9 0
7298 0
7299 9
7303 1
7307 7 7
7308 2 6
7309 9 6
7311 2 6
7315 9 0 0
7316 6 9
7319 4
485 9
8231 0
7325 1 1 3 1
7327 2
10037 2
2587 4 4
7332 6 7
7335 1 3
7337 4 4
7338 6 0 6 0 9
7339 6
1881 0
1224 0 0 3 7
7347 3 1 1
7350 0
7354 0
7355 1 1 1 1
7360 9 6
10784 7 0
7362 1 3 1 3 3 3 1
7368 6 2 2 9 4 6 4 6 6 9 4 6 0
1228 0 0
11150 6
1230 7
7383 3 1
8287 0
7389 4 6
10789 0 9 6
8975 2
9424 9 6 3
2598 4 7 0 9 9 6
7399 9
7400 1
7401 0 9 9
7402 2 9 2 2 0 0
7403 0 4
7405 2 9 9
7409 3
9427 1
7413 0
7415 3 3 3 3 3
7417 2 7 0 1 3 9
10794 0
7423 3
7425 1 4 3 3
7427 9 9
7431 0
7432 9 2
7433 0
7436 3 1
7438 6 7
1240 1 1
7442 3 1
7444 3 3
7445 0 0 7 9
7446 1
7448 5 5 7 9 7
7449 0 7 6 0 4 6 6 0 6 0
10799 6
1242 7 9 2 0 2 0 0 4
7455 4
7458 0 4 4 7
9250 3 3
7465 0 0
7466 2 1 1
7467 6 6 9 0
7468 3
5977 3
7472 1 2 3
2611 0
7476 2
7477 2 1
7478 0 2 2
7479 1
7482 0
5343 6
7485 6
7486 7
7488 6 6 9
10615 3
7495 0
795 7
7497 4
7498 4 0
7500 0 6
1250 6
7502 8 3 6
7504 0
7507 3
7508 2 9 2 7
7509 9
7510 2
7511 4 6 6 0 6
7513 9
7515 1 1 3
7517 0 4 2 4 7 2 2
3385 0
7523 6 0 6
7524 0
7526 1 4 0 1
7527 0 4 7
7531 0
7533 0
7535 6
7536 0 4
7538 1 3 3 3 3 1
9950 0 6
7541 3 1
7545 0 2
7555 4
2973 4 0
7562 4 0
7563 9 9 6
7565 1
9453 0
7569 2 9
7570 0 2 2
7571 4 4 8 4
2707 3 3
7573 0
7575 0
8090 6
7584 0
7586 6 0
7587 6
7588 2 2 4 0 4
7589 2 3 3 3 3
7590 6 9 9 9 9 9
7594 2
7595 6 6 1
7596 4
7597 1
7598 4 0
10687 4 0
7602 9
7603 8 3 3 2 2 1
7604 3 3 1 3 3 3 1 3 1 3
7605 0
7606 0
7609 1
7612 7 6
10826 4 7 0
7615 1
7618 1 7
10827 2
7623 2
7626 0 9 4
1271 3 3
7629 0 7
2637 0
7632 9 6 6
7633 4 9
7634 9 9 0
10580 9 4 0
1273 0 2 0 6 8 6 4 4
7640 6 4
7644 3
7646 0 0
7647 4 2 4
7648 4 0 4
7651 4
7653 2 0
7656 3
7657 0 6 6 0
7658 3
4007 4 0 0 7
7660 6 9 4
7661 0
7663 7 0 0
7665 3
7666 2
7669 6
7671 2 3 3 3 3 1
1279 3
7677 2 2
10837 6
7680 3 1 3 1 3 3
1280 3 3
7682 6
11167 4 4 0
8541 3 3
7686 3 3 3
7687 6
7688 4 0
7689 3
1347 9
7692 7
7693 4
7696 0 9 9 0 6 6
10840 0
7698 7 6 6 0 4
7699 0 2 3
7700 7 7 0 0 2
7703 7 6
7704 4 1 3
8111 2 7
5725 2 2
7709 0
7710 9 2
7711 4 1
7712 3 2
7714 0 0
2651 0 7
7716 1 1 1 4
7719 6
7720 0
7722 1 1
7726 9 0
7728 4 7 2 0 2
2985 9 6
7732 2
7733 1 2
1289 3 3 1
7737 6
10965 0 7
7739 7
7740 0 0
7741 3 3 3
10848 0
7749 7 0
7751 9 9 9
7754 2 1 1 1 3 1
7756 4 0
7757 0
7760 2 1
7761 7
7763 7
5714 0
7765 9
7766 0 6 6 9 0
7770 9
7772 9
7773 4
7774 2 4
7776 3
7777 9 9
7781 3 3
259 0 7 9 0
7785 9
7786 1 3 3
9261 0 0 2 2 9
7791 2 1 2 4 1
7792 2 2
7796 4
7798 2
7800 2 4 9
7801 1
7803 6 0 0 2
7804 6 0
7805 6 0
7807 6
7808 2 6 0 7 2 3 3
7811 9
7812 6 4 7
7817 9 2
9495 6
7820 0
7825 7
7827 0 2 0 6 6
7829 1 1 2 1 3 1 1 2 7
7831 2 8 4 2 0
7835 2
7836 4 9
9272 3 2
7838 0 0
7839 4
7840 9 9 0
7843 3
7844 7
7845 0
7848 1 1 3 1
9500 0
7850 1 2 1 2
7853 4 4 3 1 3 7 9 9 9 7
7854 0
7856 4
7857 6 4
1310 4 4
7865 0 2 0
7866 9
7867 6
7868 1
7870 2
7871 2 2
7872 7 2
7875 9
7876 0 0 4
7880 9
7881 2
7883 4 7
7886 3
7888 0
7890 1
7891 0 2
7893 1 3 3
10873 0 0 9
1316 6
7898 0 4 2 9
7900 4
7903 9
7906 3 3
10875 7 7
7908 2
7913 0
7915 1
7917 2
7921 4 0 0 6
7924 0
7926 6 6 0 0
9513 6
7929 0
7930 0
2760 3
7936 6
7938 0
7939 9 9
7940 9
7941 2
7944 2 1
7945 0
1530 1
7947 3 1 3
7949 9 4
9517 6
7955 9 0
7956 7
7958 2 3
7961 9
7963 6
7964 4 0 6
7965 7 6 6
1144 0 4
7968 0
7972 8 0 2 2
1902 2
7979 3
7980 9
1330 9
7984 3
7985 3 3 1 3 3
7987 9 9 9 9 9 6 9
7988 6 0
7989 3 0 0
7993 0
7995 9 0
7997 2
11128 3
435 7 0
8004 3 1
8007 6 0
8010 3
8011 7 9 4 9 6
8013 9
8014 2 1 0
2290 9 6 9 0
8019 7
8022 3 3 3 3 3 3 3
8024 3
8030 0
8040 4 0
8041 0
3541 6
8043 9 9 6 0
8044 7 0
8047 2
8049 0 0 9 4 6 0
8050 0
10899 6
1342 3
8054 0 6 0
9535 9 9
4909 0 0
8064 4 0
9536 0 0
8066 7
8067 1 1 2
8070 6
8073 1
8074 4
10903 3
8076 9 7 6 7
8078 2
8080 9 0 9
8082 7 7 9
8083 2
8084 6 7 6 6 9 0
10905 6
6655 3
8091 9
8094 0 0 0 9
8096 7 0 7 7 7
8099 0
8100 4 2 0
9542 2 2
2717 2 7 0 2
8113 0
8114 2 4
8116 0
10910 1 1 3
8119 0 0
9874 1
8122 2
8127 6
8454 0 9
8132 3
8133 6
8137 2
8138 1 9 9 0 0
8141 0 2 0
8292 3
1357 8 0
8144 0 0
8145 1
8148 4
8151 6
9551 1
8156 4
8157 9 9
8162 0
8163 6 9
8165 0 0 7 7 7
8167 4 1 0
8168 0
8169 0
8172 2 9
8173 6 4 6 2
8174 4 6
8177 0 0
8179 0
2729 0
8184 1
9556 3
8186 3
8187 7 5
8189 9 0
8191 4 9
