0 3
8192 3 3
2 0 6
8195 2 2
8196 0
5 4
6001 0 0 6 9
1 0 2 0 0
8200 1
8201 1
8202 7 2 2 2 2 0 2
8203 0 2 7
8204 3
13 3 1 3
2733 4 8
8208 3 1 3 3 1 3 3 1
8209 1 3
18 8
23 7
8216 6
8217 0 0 2
26 1 2 4 0
27 2 4 4 2 0 7 0 7 7
8222 2 6 2 1
8224 3 3 3 1
8226 9
8227 2
1365 0
8232 0 0
8235 0
44 9 0 9 9
8238 2
8240 6
8241 0
8242 1 2 1
8243 9
8244 4
8245 4 0
8247 3
56 6 6
9567 2 6
8252 0
8253 9 9
8255 9
66 0 6 6 4 9 2 0
68 0
8261 7
8263 2 0 2
8264 0 9 9
73 3
74 9
75 2 2 2
76 2
8269 9 7
8272 0
81 4 0 3
8276 6 7
85 0 6
6841 9 9 7 6 1
8280 7 6
89 0 2 1 7
90 9 6 9 9 7
6863 6
8284 0 9
93 6 6 9 6
8286 9 8 7
8287 3
96 1
8290 3 1
99 0
8292 3
102 0 7
103 3
8296 9 9
8297 2 2 2 1
8298 9 9
8299 0 9
8301 1 1
8303 4
112 3 3 3 1 2
8305 9
8306 0
115 1
116 0
8309 7 0 0 0
118 0 2 0 6
8311 6 9 6
8312 6
121 1
8316 2 1 1 1 1 3
9641 0 9
8318 1 3
127 1 1 2 8 7
128 0
129 2
8322 9 9 9 9 0
8324 6
134 0 2
8330 2
139 0
8332 3 2
141 0
142 6 0
143 9
144 9 9 6
145 6
8340 7 7 2
149 2 9
8343 1 1
152 6
8345 6 9 6 7
8346 9 6 6
8347 4
8349 0
8354 1
163 3 3
8359 0 0 9 9 9 3 3 1
551 9
170 1
171 0
173 1
8366 6 2 0
176 0 6
10952 2
8370 0 1
8372 7 9 9
181 2
182 7
183 7 3
8376 9 0 9
8377 1 1
186 9 9 9
8379 2 9
8380 6 1
8382 6 9 6 7 0
8383 6 2 1 6 2
32 2
8386 1
8388 7
199 0
10645 0
201 4 7 9
203 1 7
8396 6
205 2
8398 0
10957 1 3
210 0 0
211 0 9
8404 9
213 9 7
8410 3 1 1 3
8411 2 1
8412 3 1 3
222 9
225 0 2
8418 6
8420 9
229 3
1582 6
8424 6 9
9596 1 3
8426 0 4 0 4
235 3
8429 3 3 1 3 3
8433 1 0
8434 9 0
243 3 3
8438 7 2 9 4 0 0
8439 6 9 9 9
8440 4
8441 4
250 6 9 0
8443 4
252 0
8447 7 0
43 2
8454 7
8455 0 2
264 0 6
265 3
2775 2
8460 3
8461 4
270 3
8463 3
273 0
274 1 3
278 0 0
329 7
8472 1
1412 2
283 9
284 1 1
285 6
8478 0 4
8480 9 9 9 9 9
10971 9
8484 6 9 0 9
293 9 0 9 4 9
8486 9
8487 0 0
8488 1 3 3 1
8490 9
300 1 3
9830 4
8496 0 0 0
8497 9 4
306 0
307 8
8500 9
310 9 4 6
8503 0
8504 1
8505 1
315 6 6 4 4 6
321 1
8514 1 3 3
8515 1 3
326 6
327 9
328 7 9 9 9
8521 9 0 9
8522 9 3 3
8523 3
332 0 9
8527 9
8528 9 9 1
8529 4
8530 9
339 3 2
8532 2 0
8533 9
8534 9
10377 7 9 9 9
346 3 4
8539 2 9 0
8540 7
8541 1
350 1
351 3
8544 3
9616 2
354 9
355 7
8548 4 7 0
357 4
358 1 3
8551 3
363 6
364 2 0
8557 3 2 1
366 0
368 6
8562 2 3
8563 4 6
8564 3
374 2
8567 3 3
8568 9
8569 1 1 1
9287 9
63 9
8572 2
381 0
382 0
384 1
8578 9 2 2 9
388 1
9622 6 2
390 9 9
392 1
394 0
8587 4 7
8590 6 9
8591 7
8592 1
401 9 6
402 3
8595 0
8596 7
8597 9 0
8599 1 2
8602 3 3 3
411 9
413 3
8606 7 6
415 0 0 9 9
416 2
417 2 0
418 6 0
419 2
8612 1 3 3
9834 2 3 3
422 2
8615 9 6
8616 9 9
8617 1
8618 9 9 0
71 9
428 9 9
429 7 2
8622 3 1
2742 0
8624 3 3
433 4 4
8627 0
8628 9 0
8629 2 9
439 3
8633 3
8635 9 6
444 9 7 9 9 7 9 7
8637 6
8638 9
447 2 3
8640 0 4 6 6 9
449 7 9 9 2
450 9 9
8643 6 0 6
453 4 1 2
454 9
455 7 0 2
8648 2
8649 0 6
458 6
8651 3
460 0 0
1442 9
8654 0 6
8655 3 1
464 2 3 1
465 2 2
8658 9 9
8659 9
8660 1
469 2
8663 0 0 4 4
472 2
475 1
8669 3 1 1 1
478 4 4 9
481 3 2 4 1
8674 9 9
8675 9 7
485 9
8678 0 6 9 6 0 7 9
487 1
488 7
8681 2 3
491 6 9 9 9
493 3 1
494 4 2
11078 0 0
8688 2 1 3
8689 3 3 9 6
8690 6
499 2 4 2 0 6
500 6
2814 7 7
502 0 2
8695 9
8696 3
8698 6
11007 6
8700 0
509 9
8277 0
512 6 9 0 0
513 9 7
515 7
8709 0
518 2 0
8712 9
522 1 8
524 7 7 2
8718 3
527 4
8720 0 9 6 0 9
8721 9 0 0
531 1
535 0 6
536 1 3 3
8729 9 0
8731 6 6
8282 9 0
542 2
2821 9
545 0 0
8738 0 0
547 2
8741 3
550 0 0
2746 3
8744 1
1497 7
554 0 7
8747 1
557 6
8750 2
8751 0
560 7
11016 9 2
8754 6 0 0 0
8755 4 2 9
564 1 2 1 2
94 0 6 0
566 9
8760 6 1 6
569 1
8762 0 7
95 0
572 6 6 0 1 0
2826 4 6 6 2
8766 1 1 1
8768 3 3
577 9
579 1 1
8776 7 7 7 1 1
585 9
586 0 3 3 3 2
8779 3 1
8782 6 2
8784 0 2
8785 0 7
8786 1 4
8291 6
8789 0
8790 3 3 3
599 9 2
8792 3
8795 4
604 6 6 6 1 6
8798 4
608 0 9 9
610 6 9 0
1467 9
612 1 1
613 3 2 1
615 4
8809 3 3 3
618 2
8295 3
621 0
622 9 9
8815 0 2
624 1 3 1 4 4
8817 5 7
8819 0
628 3 1 3 3
629 9 9 7 7
4 0 0
632 9 6 0 0
8825 6 9 7
8827 3 3
636 2 0
106 1 2
640 9 9
8833 0
8834 9
107 0
8836 1 3 3 1
645 1 3
646 7 7 9 9
8840 3
8842 6
8844 3
653 0
8848 4 0 7
8849 0 0 0
8850 9 9 6
659 9 7
660 4
8853 0
8854 1
8855 9
664 9 4 6
9668 4 2 0 2
8859 9
668 0
11034 9
670 6 9 9 9 6 0
8865 3 3
674 0
8867 1 3 3
8869 4 0
8870 4
679 0
8872 0 6
8875 2 2
8876 3
114 2
686 0 9 0 6
8880 1 4 1
690 1
8883 0
692 9 9 9 2 9 6 6
11032 4 4
695 9 0 6
8889 6
2847 9
700 3 3
8897 4
8899 0
711 2 3 3
8906 2 0 0
715 2
10935 0 0
8910 3 1 3 2
719 7
720 0 2 2
8913 0 9
722 2 9 9 9
723 4 4 7 6 0 7
8916 0 2 0 0
726 7 7
8920 1
729 9
8922 0
731 9 0 9
732 1 3
734 0
8927 0
736 3 1
1488 9 6 9
8930 2
739 3
740 0
8933 0
8934 3
8936 0 9 9
745 4
8938 7 4 7
8941 9 6
8943 2 1
8946 9 9 3 0
8947 2
8948 7 2 4
8949 2 1
8950 7
759 7 9
8952 9
8954 2
763 9
764 1 3 1
765 9
767 1 0 4 9
768 3 3
8961 9 6 0 6
8962 1
11051 6
772 9
773 4
774 1 1
8967 2 4
8968 0
11052 9 9 9 7 0
778 1
779 6 0 6
8973 7 0 0
782 1 1 2 2
2861 6
9688 9 9
8978 0
788 0
790 3 3 1
791 0 2
792 3
8985 3 3
8987 3 3
8991 7 3 3 3 3 3 0
8992 2 0
8993 1 1 2 7
802 1 3 1
8995 1
804 0 9 0 6 6 4
8326 2 0 9 0
806 1
9001 1 1 2
811 8
9004 2 0
813 0 7 7
9006 1
9693 1 7
9010 3
819 7
9013 0
9014 9 4
823 8
825 3 1
826 7 7 7 9
9019 1 0 6
9021 2 9 9
831 2
9024 0 7 0
9026 9 7
9027 9 9
836 1
837 4 9
838 0
839 6
9032 3
9848 4
9036 9
9037 1
9038 9 6 0 4 7
847 0 0
848 3
11064 7 0
9043 1 7 4
9047 2 3
7939 9
857 0 7 9 9 0
9050 7
859 3 1 2
9054 2 6 0 6
863 1
864 0
8336 7
9059 9 9 0
9060 0
869 7
870 4 1
871 2
9064 7
874 1
9067 3 3 1
877 7 9
878 9 4 9
2877 0
880 1
882 1
884 6 0
9078 1 1
1513 9 4
888 0 0
889 9
9082 0
891 1 3
9084 0 9
9086 2 4
8341 7
9088 9 9 4 0 4 9 9
898 7
899 6 0
902 7 9
9095 0 6
9096 3
9097 9
9098 3 3
909 1 3
9102 0 9
9103 2
912 0 0 2 6
9335 7 9
9108 0 6
9110 9 9 7
919 7
920 4 2
9113 9 9
9116 2 1 3
9117 1 3
11077 4 7
928 4 7
929 7 9 2 9
932 1 3
9125 9 9 9
9128 1 1 1 3 1 3 1 1 1
9129 3 3
938 2
940 0 0 0 2
2352 2 4 0
944 0 6
9138 9 0
9140 4
9142 7 0 4 0 7
951 3
9144 0 2 0
9146 0
955 9 9
956 0 0
957 1
959 3 3
960 4
9153 3 1 3
963 7
9157 1 3
967 6
9160 3
9162 3
9163 0 9 7
972 6
9165 0
9166 1 1
9168 6
9169 3 2
978 1
8355 3 3
980 9
9175 2 1
984 1 3
9179 0
9180 9
989 4 7 2 0 2
9182 9
992 7 7 7 0
9185 2 2
9187 0
9189 9 0
9190 4 4 6 4
999 4 6 4 4
9192 7 9
1002 6 4 4
9195 2
9197 9
1006 9 9
9199 0 9 9
1008 7
1009 9
1010 3
9204 2 3 3
9205 6 9
1014 9
1017 2
9211 7 6
9212 6 0
1021 9 7
1023 9
1024 2 2 4
9217 2
1027 2 0 2 9 9 9 0
1028 3
9221 0
1030 9 9 1 4
1032 2
9225 0 6
1035 5
9228 6 3
1038 9
1039 3 1
1040 9
1041 1
9234 3 3
9235 1
1698 9 4 7
9240 4
9241 0
9242 7 2 0 2
9244 0
2741 0 6
9247 0 7
9248 0 0
1057 9 9 0
1059 9 0 9
9252 3
1062 6 9
9255 3 2 6
1064 1
1065 1 3 3 1
1066 6 7
1068 0 0 9 7
1072 9 9 9 9 9 9
1074 3
1971 4
1077 0
1079 2 2 0 7
9272 1
1081 9 0
1082 0 0
1083 0 0
9277 3 3
9278 2 1 4 0 7
8373 6 0
9281 5 5 5 5 5 9 7 7 9
9283 3
9284 7 2
1093 1 3 9
1094 9 0
1095 1 5 3
9289 4
1099 2
1101 9 7
9741 3 3
1104 9
9298 0
1107 9
9301 6
185 4 8
9305 0
1115 1 3
9308 4
9309 3 3 3
9311 2 7
1552 0 0
1122 3 3 1 1
1123 0 2 4
1124 1
1125 0 6 0
188 6 0
9322 9
1132 7 7
1133 6
9326 6 6 0
9328 2
9330 0
1140 9
190 9
1143 0 0
9505 0
1145 2
1146 6 4
191 6
9343 0
1153 3 1 3 3 3 1
1154 6 6 4 2
11115 0
1158 2
9351 3 1
2924 2 9 0
9354 2 1 1 3 7
1163 0
1164 3 3 1
9357 9 4
1166 1 1
1167 0
9360 2 1
1172 3 3
9365 6 6
1561 3
9368 3 3 3 2 2
1178 0
2767 9
1183 1 1
9376 9
9377 3
9378 6 6
9380 1 0
1191 3 9
1195 1 3 3 3
1200 2
1201 2
1203 4 0
9396 4 6 4 7
1205 9
1206 0
8393 9
1208 0 0 1 2 1
9401 1 4
9402 3 3
1211 9 9
1212 9 4 9
2128 2 3 2
10406 0
9409 6 9 4
1219 9 7 9 9
9412 9 7
9414 4
9415 3 2 6
1224 0 3 9 9 0 0
204 2
9418 6 0
1227 0 9
9420 1 1
8397 3 3 3 3 3 3 3 1 3 3
1232 9
1235 7 7
9428 0 9
206 7
1239 9 4 0 9 9
1240 2 2 1
9433 9 0 0 0 9 9
1242 4 1 4
1243 4 9
1244 0
1678 5 7
9439 0
1248 9 9 9 6
9442 2 0
9448 0
9451 0
1261 2 4 6 9
9459 0 2
1269 0 6 6
9463 6 0 9 9 9 6 7 0 0 0 4
9464 9 9 9
1273 9 4 6
1274 3 3
1277 1 3
1278 0 4 4 4
9471 0 0 9
1280 3 3
9474 0
1283 6 4
1284 0
1285 3 3 3
1286 2 2 9 7 7 2
1288 6
9482 4 0 0
9485 9
1298 4 0 2
1299 2
1301 0 4
1302 2
9495 0 0
1304 2 7
1305 9
9499 3 3 3
1308 6
218 2
1310 0 2
9503 0 0
9504 9
1313 0
1315 0
1316 9
1317 9 0
1318 9 4
1319 1
1321 0 0 0
9515 3 3 3 1
1324 4 1
1325 0 0
9520 0 9 9 0 9 0 0 0 0 9 2
1329 0 6
9523 6
9524 4
9525 0 0
1334 4
1335 6
9530 7
9531 4
9532 0
1343 6 7 0 9
2904 0 9
1346 0 0
11147 0
1348 3
1349 9 9 0
8417 1 3
9550 6 6 4 7
9551 3 3 1 1
1361 0
9554 1 1 1 2
1363 9 4
9557 2 0 3 2 4 7
1368 0 0
1369 2
1370 6 4 4
1371 7 7
1375 6
1376 1 1
1379 1
9574 4
1384 9
1385 2
1386 4
11154 6
1390 2 1
9583 1 1
9584 6 4 4
1394 9
1395 6 9 4
1396 9
1398 1
1399 1
2964 6 4
1403 1 3 3
1404 0
1405 0 0
9599 0 6 9 9 7 0
1409 1
1410 0 9 9 4 7 9 3
1411 0 0 2
9604 3
1413 0
1417 0 0
1421 9
1423 2
1424 0
11160 9
5621 0 9
9619 1
9620 9 7
9621 9
1430 3
1431 3 3
1433 0
1435 2 3
1436 2
2230 9
1440 0
9634 0
1444 0
9637 0 9 7
1448 1
1449 3
1450 1 3 1 3
1452 9
1453 1
1454 9 0 6
9647 9
1456 1 1 3
1457 0 0
1458 2 9
9651 9 0
1460 9 0 6
1461 9 0 4 0
9656 9
9657 6 6
9659 3
8193 4
1470 6
1471 0 0
9869 2 4 7 9
9665 9 4 0 6 0
9666 9
1475 0 0
1476 9 2
1477 7 9 0
1478 0 4 0
1479 7
1480 9 9
1483 9 0
1487 0 0 9 0 0 0 9 9
9680 9
9683 0 0 1
1492 4
1493 0
9686 7 4 6
1496 9 9 0
9689 3 0 0
9691 1 9 0 9
1500 1
1501 9 9
9694 3 3 1 3
1503 0 6
1504 9
1505 0
9700 4 6 4 2
9701 1
9705 0 9
1514 0
9707 8 3 3 2
1516 0
9709 2 7 0 0
9710 1
1519 1
9712 9
1521 0
1522 3 3 1 3
1525 7 0
9718 9 7 9
1528 0
255 4
9724 0
9725 2 6
9726 0 0
1536 6
9732 0
9734 0 9 0
1543 7
1548 0 0 0
1549 1 2
597 7 6
9744 2
9745 9 7
9746 4 6 4
9748 6 2 0
1558 4 8 4
1559 0
9752 8
9753 3 3 3
1563 9 0
9757 9 9 9 9
1566 0 1 2
9759 2
1570 1
9819 7
1572 0
1573 4 9 9 9
9767 1 2
9769 0
9770 0 0 0 8
9774 9 6
1629 9 6
9776 4 0
9779 0
9781 9
1591 3
9785 0 2 1
1596 0 0
9789 1
9792 0
1601 1 1 1
9794 9 0
1603 6 9
1604 9
9797 2 7
1606 3
9825 0
9801 6 7 9 4 6 6 2 6 0 6
9802 9
9826 3
9806 0 7
1615 0 0 0
1618 3 0
5731 9
9812 4
1621 9 0 7 2
9817 0 4
9818 6
1627 3
9821 7 0 7
1630 0
1631 9 0 6 9
1633 7 7 7 9 9 9 9
1634 0
1636 2 1
1637 2
1638 2
9831 9 9 0
1641 6 0
1642 2 1 1 2
9835 4
1645 0 3
9838 9 9 9 7 7
9840 1 3 3 1
1649 7
9842 4 0
9847 0
1656 0
1657 9
1658 2
9852 4 2
1661 3
9857 4 1
9858 4
1643 9 9 9 7 4
9860 1
1669 2
9862 1 3
1671 2
1672 9
8471 6
9868 4
1677 9 9 6 9
9870 6 6 6 6 9
10946 1
1681 8 6
1682 3 3 3 3
9876 0 2 3 2 3 0
1685 0 9 0
1688 0
9881 0
9882 9 7
1692 9 4 4
1694 6
9890 0
8475 4
1700 6 2 0
9893 9 9 0
10695 0
1703 1 1 2 1 1 1
1707 6 7
2739 1 3
9902 0 6
9903 3
9904 3 3
9905 3
1714 9
9908 2 0
286 4 4
1718 3
9911 7 5 5
9913 9
9915 9 0 7 4
1724 0
1728 3 3
1729 7
9923 1 1 9
9925 2 3 2
9926 0
1736 3 2 3
9929 6 7 5 7 5 7
1738 4
9932 1 2
1741 0
9934 0 2
9935 9
1744 0
9937 7
1747 3 1 3 1 1 3
9940 6 4 4 4
5753 0
9944 0 9
9945 9 9
1756 4
1757 9 0 0
1758 6
8485 9 9
1761 6 0
9954 6
9955 7
1768 6
1660 0
1770 3 3
1771 1 0
1772 7 8
1773 9
1774 3 1 3
9967 0 9 9 0
59 3
1779 0
9976 3
9977 2
9978 0
9979 1
1788 2 1 1
1790 2 0 6 6
9983 0 6
9984 2 8
9988 1 1 3 3 3
1797 9 9 9 7
9990 4 7
9992 3 1
8492 2 0 1 2
1803 3 1 3
1804 1
1805 9
1806 0 0
1807 1
1808 3 3 3 1
1809 2
1812 2
1813 3
1814 3 3 1
10007 0 0
1816 2 4 6
1668 1
10011 1 1
1820 4 7
10013 7
10014 6
10016 2 4
304 0 9 2 0 4
1826 7
1827 1
10021 4
1830 0 2 0
305 0
10024 0
10025 1 1
10026 9 0 4 0
1835 2
1836 3
10029 2
10031 9
10032 3
9864 3
9063 2 2
10037 0 0 7
10039 0 9 6 0 6
1848 0 0 0 0 7 2
1849 7
1850 3 7 7 7
1853 9
10046 2 0 0 4 7 0
10047 3 3 1 1
9867 1 2 3 3
10054 0
10055 3 3
1865 9
311 0 2 6 0
1869 1
1870 1 1
1871 6
1872 2
10066 3 3
1876 1
10069 6 9 6
10070 0 0
1880 1 3
1881 6 9 0 0
1883 2 0
1884 2
1885 9 4 2
10078 3 3 3 3
8199 1
10080 0
1889 7
10082 4 6
1891 0 1 2 1
1893 7 6
10086 3
9873 9 7
10088 6
1897 1 3
10090 2 2 1 7
1899 7
10093 1 1
10095 9 0
1904 9 0
1907 6
10100 0
10101 2 4 0 4
10103 4
1912 0 0 9
1913 1
10106 0
1915 9 9 9
1916 9 0 0 7
10109 3 3 2
9266 9 7
10112 7 1 2 6
10113 0 9 0
10114 2 3 3
1924 0
10118 9 0
10119 3 1
1928 2
10121 0 2
1428 3 1
1931 2
1932 0 7 0 4
1933 2 9
1934 2
10128 1
1937 9 9 9
10130 0 0 6
1940 1
10135 0 7
1944 7 7 6
1945 9 7
1946 9 6
10140 6
1949 4 6
10142 9 9
1952 3 5 5 5 5
10145 6 6 4 6
10146 9 9
10148 0 0 0 9
1957 7 4 4
1960 2
10153 6 6 6
10157 9 6
1966 7
10162 0
3059 9 9
9886 1 3 3
1974 1 3 3
1975 9 9 0 0
9613 0
1978 3 3 1
1980 3
330 9
10174 1
1986 4
10179 3 3 3
10180 7 0 0
1990 1 3
10183 6
1993 6
1994 0
1995 0
10189 4
1998 0
1999 2
10192 0
2001 9 9
10194 9 9 9
10196 4 4
2006 1 2 3 1 1 2
2007 6
10200 7 7 0
9892 9 0 9
10203 1
2014 0
2015 0
10208 0
2019 3 3 3
2020 4 4
337 0 0 2
2025 9
9895 2
10220 1
338 4
10222 1
2032 0 9
2034 6 9
10228 7 9
10232 6 6 6
10233 9 6 0
10234 0 0 1
2046 0
10240 0 0
2049 1 3 3 3 3
10244 9
342 7 9 9
2054 4 0 4
2055 0 4
2056 9 9
2059 0
2063 9 9 0 3 9
10256 4 4
10257 0
10258 3
2067 9 6
10260 3 2 1
2069 7 6
10262 4
10263 6
2072 1 3
10265 0 4 2
2074 9
10267 6 0 8
69 6
10271 9 7
7707 7
10273 6
347 0
2087 3
2089 7 0
2090 2
2095 0
2097 2 0
2101 2 6 6
2103 2
10296 0 9
2105 7
10298 9 0 9 9
10299 6 6 6
10163 2
2110 0
10303 7
10306 0
2115 9 0 0
2117 2 9
10310 7
353 0
10312 0
2123 0 0 9 6 9 9
10317 6 2
9618 4
2127 1 4
10320 3
2131 9
10324 1 3
2135 7
2137 0 0
2138 3 1
10332 4
2141 9 2
10335 6
2144 0 9 4 7
2145 9 9 9 9
10338 6
10339 1
2148 7 2
10341 0
2150 2
10343 2 0 2 3 3 3 3
10344 0
2154 3 7
2156 9 9 9
10349 0 6
10350 3 3 0 7 9
10352 9 0 9 0 6
10353 3 8 9 1
2162 0 0 4
10355 2 1 1
10356 1
2166 2
10359 1
2169 9 0
2172 1
2173 7 7
2175 9
2177 9
2178 6
10371 3 1 3
2180 0
2181 9
10374 0 0 9
2183 9 9 6 9
10376 9 5 3 1
2185 1 1
2187 6 6 9
2189 9
2190 7 1
10384 6
2193 2 1 9 0
2194 2
2199 2 9 3 0
2200 3
10395 0
2204 9
2205 0 1
2206 3 1 1 3 1 1 3 1 3 3 3
10399 6 0 9 0
10400 3 1
8560 0 9
2212 3 4 3
2213 4 6
2214 9
10407 9 9
2216 4 0 6 9
2256 7 0 4
10413 0 7
2222 6
10417 0
10419 9 9
10422 9
2231 0 0
2232 9 4
2802 9
10427 0 0
10428 3 1 1
10430 3 3 3 3 3
10433 9 0
2242 9
10435 0 0
10436 3 3 1
10438 9
3105 2
2248 3 1 1 3 1 3 2 2 2
2249 9 9
2250 1
2251 5 7
2252 9 0 6 1
2253 1
2254 4 9 9
10447 9 9 6
10448 9 0
10449 3 3
10450 9
10453 0 4 7 4
2263 0 0 9 0
10459 3 2 3 1 0
10460 2 1
10461 9 9 9 0 0
2273 3 1 1 1 1
2275 1 3 1
10469 0
2279 0
15 3
10475 4
2284 0
2287 0 9
10480 0
10482 0 9
9939 1
10485 3
10486 9
2295 3 1
10488 0 7
2298 9 4 9 9 9 9 9 9
2299 9
2302 7
10495 6
2305 0 4 4 3 6 7
10498 4
10499 9
10504 3
10505 0 9
2314 9
2315 6
10511 9
10512 3 2
2321 9 6
2323 3 2
10516 9 7 9 7
2325 9
2327 9 7 9 0 9 9
2328 0
10521 6 6 4 4 8
623 3
2332 0
2333 6 9 0
389 3 3 2
2336 4
10529 4
10530 7
10532 3
2342 9
3121 0 2
2344 1
2345 9 2 9
2347 3
10540 9 9
2349 1 3 3 3 1
10542 9
2351 9 9 9 9
10544 7 6
2354 4
2355 3 3 3 1 3
10548 4 7
2357 1
2359 4
10553 1 3
10554 7 3
2363 6 9 9
2365 9
2366 6 2
2369 9 9 9 9 9 9
395 1 1 2
2373 2 1
2374 1
2375 0 2
10569 9
10570 3 3
10571 0 9 0 9 0 9 6
2380 9
10573 9
10574 1
10578 6 6 0 9 9
2387 9 9
10581 0
10582 0
7225 0
2393 9 4
2394 0
10588 9
2397 3 3
2399 3 3 3
2400 1 1
2401 4
2402 2
10596 0
10598 7 9 9
10599 0 0
2408 0
10601 3
2412 9
10605 2 3 3
2414 2 1 2 2
10608 4
9960 0 7
10611 2
10612 2
10614 3 1 1 3 3 1
10615 1 2
10618 9 2 9
10619 4 2
10620 7
10621 6
10622 0
10623 6 7 0
10624 3
10625 3 3
10626 9 0
10627 1
10628 9 0 9
10629 2
2439 0 2
2440 2 1 1 1
10634 4 7 6 6 9
407 0
10637 7
2447 9 0 0 9
2453 7 0 7 9 9
2455 7 9 9
2457 0 9
10650 6
10651 0 6
2460 0
10653 9
10656 1 4 8
2465 0 9
2466 9 0 2
2468 2
2469 6 2
1777 7
2474 1
10668 0 2
2478 1 3
10671 6
2480 0
2481 0 0
2482 1 3 3
9971 1
10679 4 0
2488 0
2489 1 2 3 4 1
8607 1
10685 2
10687 9 7 6
2497 2
2499 0 7 4 6
2503 4
10698 3 3 3 3
5879 6
2508 9 0
8610 0
2510 3
10703 4 4 6
10704 0
10705 1
10706 2
2515 2 0 2 0 6
10709 9 6 0 6 6 0
2518 6 4 6 4 6
10712 1
10713 3 3
10714 0
2523 9
2526 9
2529 4
10722 1 1
2531 9 2 9 9 9 9
10725 2 9
10727 0 7 9
2536 0 0 0 9 6 3 3 3 3
1721 1
2538 0
10731 9 0
2540 0 0
10734 3 1
2543 7
10736 2
10739 4 4 9 7
10741 1 2
2550 1 3 3 3 1 3 0 1
2551 7
2553 3 3
10746 4 4 4
10747 0 9 0
10748 6
2557 0
2559 0 6
10752 9 0 2
2561 3
3072 0 7
9087 9
10756 9
10757 9 9
10758 2
2567 6
10760 0
2569 3 2 1
2570 3
10763 7 0
2572 9 4 2 2
10765 1 3
2575 0
10768 0
2577 9 9
2579 2 6
2580 2
2581 0
2582 0
2584 6
1796 3 4
2586 2 2
10779 7 7
2588 1
10783 1
2592 9
432 1
3163 2 7
1798 9
2598 4
10791 0
2600 4 6
10795 3
10796 0
10797 7
10799 6 4 6
905 3
2610 7 3 1 0 0 2
10809 3 1
2618 4 4 4 4
2619 0 9
2625 4
10818 9 9
9995 1
2628 3 4 4
10821 6 0
10822 0 0 0
10825 6 0
10826 4
2635 0
10829 1 4
10830 6 4
9997 0
2644 0
10839 0
2648 6
2649 1
10842 2
9999 9
2652 1 3
10845 0
2654 0 9 6 7 0 4 0
2655 3 3 3
2657 6
10852 9
10853 0
10854 3 3
2663 5
10857 1 3 3 3 1 3 3 3 3 3 1
2666 2
10860 3 3 1 1
2669 7 0 2
445 2
10864 0
10868 9 9
2677 7
2678 6 9
10871 0
10872 3 1
4543 1 3 2
10876 3 3
2687 9 0
2688 0
2690 0 4
3179 3
10884 7 0 4
2693 2 2
10886 2 7
2695 4
2696 0
2697 0 0
2699 0 4
8642 6 6 0
10894 1 1 3
2703 4 2
2704 9
10897 0
10898 7 0
2707 3 3 3
2708 6
2709 2
10903 3 3
2713 6 4 9
2715 6 6 6
10908 3 1
10909 0
2718 1 1
10911 3 1 3 0 9
2721 3 1 2 2 3
2722 2 9 6 0
10915 9 0
10916 0 7 0
2725 9
10919 2 9 0
2728 1
2731 1 2
10925 1
2736 1 3 3 3
2737 2 2
10931 7
10932 0 2
1822 4 1
10934 0 6
2743 0
10938 9
2747 9 9 2
10940 0 9 6 7
2749 4 0
8147 4 1 2
10945 3
2754 0
2755 1 2
2756 7
910 3 1
2760 3 1 3
2761 6 7 6 9
2762 9 6 0 0 9
10956 4 2
10018 1
461 0 0 9 2
2768 1
2769 4 6
2771 0 0 0
10966 9 0 9 7
10967 6 9
10970 6
463 9
2784 0 7 7
10983 1
2792 0
2793 3 3
10987 3 3
2797 0 7
2799 7 9
10992 6
2801 7
10994 0
10995 3
2804 7 7
10999 1 7 7 5
2808 3
468 9 0
2811 4
11006 0
8661 0 9
11008 2 4 4
2817 4 0
11010 6 0 0
11011 1
11013 6 9
2822 9 2 4 4 2 2
2824 4
11018 3 3 1
11019 7
2828 0
11021 2 2 0 0 0
11022 7
1837 2
11024 9 9
11027 0
11030 9
2839 9 9
2840 6
2842 9
11035 9
2845 1 9 9
11039 1
2849 0
2850 2 0
11043 3 3 3
2852 1 3 3 3
11045 1 3
2855 2
2856 0 9 0 9
2857 0
11050 7 0 9
2859 7 3 3
2860 1
11053 4
2863 3 1
11056 2
11057 7 6
2866 9
2867 1
2870 9 4 6 9 6 9 6
2871 3 1 1
2872 9 9
11068 9
11069 4 0
11070 4
11074 4
2884 7 7
2885 0
2886 9 4 2
2888 9
11081 1 1 3
2891 3 1
1874 6
11087 0 7 6
11092 0
2901 2 0 9 7 9
11094 6
11096 3 3
11099 7 3 3
11104 7 2 9 9
11109 1 3
11110 2 2 3 3
11111 7
11113 3 3 3
2922 0 1
2923 2 3 3 3
11116 2 2 6
2925 7 7 7
11118 6 0 9
2927 6 6
11120 3
2932 0
2935 3 3 3
2936 1 2
9645 2 4 7 4
2940 7
11133 0 9 2 6 9
2942 2
2945 9
11138 9
11141 2
11142 6
11143 0 6
11144 7
2953 6 4 4
2954 1 1
2955 4
2956 9
11150 6 6
11151 9
11152 9
11153 7
2962 0
11156 3
11157 7 7 0
11158 3
2967 0 7 0
2968 4
2969 0
11162 0 0 9
8555 0 9
2972 9 0
2974 1
11167 2
496 1
2978 3 1
2982 9 9 9
11175 3 2 3 3 3 3 3 3 3
2985 9 9 7 9 6 0
2988 0 2 0 6 6
11181 0 6
2990 0
11183 9 6 9 9
2994 1
2995 7 0 7
11189 3
11190 0 4 0
2999 2 4
11192 1 5
8692 1
3003 6 1 0
3004 7
3007 3 3
3009 0 0
3010 1 7 7
10059 0
8694 7
3014 9
3018 7 9
3019 4 4 1 4 4
3020 0 6
3025 2 1 3 1 2 1
9648 9 9
7193 3 2 2
3032 1 1
3034 2
3037 8 2
3038 9 0
3039 5
3040 0 6 9
10064 9
3042 9 0
507 2 9
3045 0 0
3049 0 4
3052 6
3053 4 4
3054 1
3057 7
3058 6 9 7
5971 1 1 3 1
3060 5 7 7 7 4
3062 1 1
3064 0
3065 2
10315 3
3068 1
3070 3 1 2 1
4603 9 6
3078 2 0 4 6
3080 9 7 7
3086 3 1 3 3 3
3087 9
3088 1
10073 2
3096 1 1 3 1 1
3097 2
3098 6 9
3102 4 4
3103 0
376 4 4
3107 3 3
3111 4 4 4
3113 0
3114 8 0 0 0 2 9
2459 1
3118 7 9
3120 2
520 3 1 3
3122 1 3 7
3123 9 9
1886 0 0
3126 4
3128 1 1
3131 3
3134 9
377 0
3137 1 3
3140 0 7 9 7 6 3
3141 3 3
10743 1
3144 9
3146 0
3151 9
3153 3 3 3
3154 4
3155 9 0
3157 0
3158 6
3159 2 3 3
3162 1
8719 0 6 0
3165 4
1742 2
528 0
3170 0
3173 7 7
3174 7 2
529 6 6
3177 2 0 4 4 2
3178 1
10087 3 3 3
3181 3
3183 0
3185 1 3
8835 6
3189 0 9 0 9
3194 1 2
3196 3
9132 4
3201 2 0
3202 3 3
3204 0
3208 2 0
3209 2 2 7 0 2
3210 6 7 7
3211 3 3 1
3214 9
3215 3
3218 0 9 4 4
3224 9 9
3229 9 9
3230 4
3234 0 6
3238 2 3 2 1 3 3 2
3239 9 0
3243 0
3246 3
541 0 0
3250 0 1 1 1 2 1
10099 3
3253 2 1
3254 3 1 3 1
3256 6 0
1908 0
3261 6 0 6 9 9 9
3263 2
3265 9 9
3266 0
3268 9 6
3272 4 9 9
3273 6 7
3275 3
3279 3 2 0
3280 4
10104 0 1 0
3282 3 1
3284 9
3285 1 3
10105 0
3290 4
3292 3
3295 1
10933 4
3297 9 9
3298 4 9 0
3299 5
3301 4
3302 7 9 2
3656 9
3307 0
3308 9 2 7 0
3309 4 7 7 6
3311 9 9 2 9
3312 0
3315 9 9 9
3317 7 9
3318 3 7
3321 6 0 9
3322 4 7 0
3324 3
3325 0 2
3328 4
1920 4 4 4 8 4 4
555 0
1921 0
3337 2 0 0
3338 0
3339 4 6 9
3340 9 9 9
3344 0
3346 7 5
6019 0
3349 1 1
3351 0
10116 0
3356 2
3357 0
3359 4
3360 3 1 7
3361 2 0 1 3 9
3362 7 0
3363 1 3 1 3 1 3 1 1 3 1 1 3
3367 2 0 2
3368 0
3369 4
3371 4 6 6 9 9
3373 7
3374 1 1 1 2
10120 9
3378 9 6
3382 9 9
3384 9 6 9
3385 0
3388 9
1930 0
565 7 2
3394 7
3395 7
3396 1
7393 3 1
10279 9 9
2407 3 1 3
3404 6 9
3406 2 0 0
10125 2
568 6 0
3411 1
3412 1
3414 0
3418 4 2 7 0
3420 7
3421 0 9
3423 2 2
3424 9 0 0
3431 0 2 0
3433 6
3435 1
3437 4
3440 6 2
3441 1 1 1
6035 7 2 2
574 1
3448 0 9 0 0
3449 3
3450 2
8571 2
3455 6 9
3456 4 2
3461 6
3462 2 2 0 3
3464 4 4 4 4 4 6
3465 6
3466 6 9
3469 0
3470 1 6 6 6
3486 7 2
3489 6
3490 6 9 0
3491 3
3492 0 0 0 2
3494 1 1 1
3495 3
3498 3
3501 9 7 9 7 9
3505 3 3
3506 0
3509 0
3511 2 0
3513 6 7
3518 1 0
3520 3 0 1 4
3521 3 7 3 2 1
587 6 0
9119 4 2
3525 0
3526 3 1
1953 7
3530 0
3532 0 9
3536 9
6051 3 3
3541 3
3544 1
3547 0 9
3548 7
3553 7 9 9 9 9 0
9120 7 6
3556 2
3559 9
3560 4 1 0
3561 9
3562 9
3563 3
594 4
3566 3 6 0 9
3569 2 0
595 4
3572 9
3573 9 0 6
3574 0
1961 2 0 0 7 1
3576 6
3579 9 0 9
10212 4 4 4
3582 9
3583 3
3589 7
3590 7
9667 3
3605 6
3608 9
3609 0
6733 9 7 6
3614 2 2
3616 9 9
3621 9
3622 2
3624 2
3625 9
3628 1
3630 9 0
3634 0 6 9 0 6 9
3635 0 2 2 6 7 0
3636 3
3637 2
3638 7 4
3641 2
3653 2
3654 0 9
3655 6
5850 7
3657 0 9
3661 0 7 0
3664 3
3667 0 7
3668 6 7
3670 0
3671 3
3675 7 7 9
3676 5 5 7
10170 1 1
3681 7 9
3682 1 3
3688 0 9
3691 9 9 9
3692 9
3693 1
3694 6
3695 3
3700 0 0
1982 0 0 0 0 2
3702 2 6
3704 9
3705 2 9
3709 2
3711 0
3712 0
3713 0
3715 0
3717 0
3720 0
3721 0
3730 3 3
3731 2 2
3732 3 3 1 3
3733 0
3734 6 0
3736 3
3739 7 9 0 7 9
3742 9
3744 7
3746 2
3748 9
3754 6
1991 0
3757 2
3761 4 1 0 2 9 6 9 9 7 0
3762 0 9 6
398 2
3768 7
1762 1 1
3772 3 2
10186 9 2
3775 9 9 3 0 7 0
3776 6
3778 1 1 3
3779 1
25 4 0
3784 7 0
631 7 9
3788 3 3 2
3790 4
3791 9
3792 9 6
3796 0 6 6
1389 1 1
3799 0
3800 4 2
3801 0 0
3804 0
3805 0 9 0 0
3808 6 9 0
635 9
3812 0 4
3813 1 3
3814 3
8828 3
3818 0 0
3820 7
3822 3 1
3826 9 0
3829 0 7 4
680 1 3 3 1 3
3833 9 0 9
3834 3 3
946 8 8 8
3840 9
3841 3 7 4
3842 7
3845 1 1 1
3849 2
3850 3 3 1 2 2
3852 7 4
3855 0
3859 4 0
2426 3
3861 3 3
3862 2
2009 6 0
3867 3 1 3
3868 7 1 5 3
3869 0 8
4766 0 3 3 0
3873 9 0 7 6
9949 3 1
2951 0
3881 6
3883 2
3886 3 3
3888 8 4 4
3894 1 3 1
3896 9
3898 4 8 8
10207 2 3
3901 1
3902 1 3 1 1
3904 0 0
3905 0 3 7 1 0
3911 1 3 4 3
1494 4
3913 7 6
3914 2
2858 0
3916 9
3917 3
3920 0
10211 6
3927 9 7
3929 7 9
3931 4 2 2
3933 3
3936 0
656 0
3938 3 1 1 1
3940 9
3941 0
657 7
10215 4
3956 1 3 1 3 1 3
3958 9 7 7 7
10217 9 0
8852 4 7 2 8 8 4 4 2
3964 4 7
3968 2
3971 9 9
3973 1 3 3
3975 0
405 0
3979 3
3981 0
3982 2
2029 2 3
3984 9 9 9
3985 0 0
3986 3 3 6 1
3988 2 2
2030 9 9 4 6 6 6 9 0
3993 4
3997 7
3999 7 0 9
4000 3
10224 3 3
4002 6 0 0 9 0 8 7
4006 0
4007 9 9 9
4010 3
4011 2
2918 9
4013 0 9 9 9
4014 9 0
8861 7
3400 9
4019 4
4020 2 9
8862 1
4023 1
2036 3
4026 9
4027 9 6 9
4028 6 0 6
4029 0 9
4033 7
4034 0 6 7 0
4035 1
4037 6 9 0
4038 2
4039 9 9 7 9 0
4041 1
4042 3
4043 9
4044 9 6 6
4049 0
4050 0 7
4052 9 9
4053 3 4 1
4054 9 0
2041 7 0
4057 9 9 0
4058 1 2 3 3 1
3407 1
2042 6 0
677 2 0 9 2
678 4
4070 6 9
4071 0 9
4074 3
4075 7
4076 4 6 6 6
4080 9
4081 9
4084 2
4088 4 4 0
4089 1
4090 2
4091 0
4096 3 3 1 1
4099 6
4101 0
4103 0 2 1 2 2
4105 1
8877 0 6 9 9 0
4112 7 0 6
4115 6
4116 7 9 9 1
4118 9
4120 9 9 9
4121 4
4124 6
410 3 3
4130 9 9 9
4133 4
4134 6
4135 0 9 9 9
4137 2 0 9 9
9685 9
4139 0
4140 0
4142 2 0 2 4
4143 3 3 3
4146 4 0 0 0
4152 4 0
4153 9
4155 2 1
4159 4
4160 0
4161 9 0 0
4164 0
4165 1 1 3
4169 7
4170 0 3 3
4175 2 1
4176 0
4177 0
4179 9 6
4180 9 9
846 4 7 7 4
4182 3 3 2 3
4184 2
10255 0 3
4188 1
4189 2
4190 9 6
4192 2 1
4198 1
4200 3
4202 9
4204 9 2
4207 0
4214 3 3
4217 7
10261 0
4226 2 2
4227 1 1 2
4232 4 2
4238 7
4240 1 1
4241 3
4242 0
707 9
4244 6 6 0 0
4247 9
4251 0 9
4252 1 9
4255 0 6
4260 0 6
4261 9 9
4263 0 2
4266 0 9 9
4267 3
4268 7
4271 3 3
4275 1
4277 0 9 9
4282 7 9
4283 3 3
4285 0
2052 1
4289 9
4290 3
8907 6 0 4 6
4292 9
4296 9
4299 9 4 9
4303 2
718 4
4311 4
4314 4 4
4317 9 9 9
4319 1 1 3 4
8912 3 6 9
4323 3 1 3 3 1
721 3
4331 9
4332 7
5327 3
4335 7
4338 7 2
4819 0
4341 9 9 9 9 9
4342 4
4346 2
4349 9
4351 9 9
4352 9 0 7
2417 9 4
4361 6 9 9
4365 0 0
4367 9 9 6 4
4371 9
4378 7 0
4380 9 1
4382 4 9
4383 1 3 3 1 1
9966 0
4387 0
4389 0
4391 9 7
4398 9
4399 2 6
4411 6
4412 2 3 3 3
4413 9 0
4416 1
4417 6 9 9
4424 9 0 1
4425 2 7
4427 2 1
4428 9
4431 6 7
2104 3
4436 8
4440 6
4441 2
4442 0 0
4447 0
742 0 2
4457 9 9 9 0
4458 0 6
4460 0 0 0 7
4462 0
4463 0 0
4472 0 3
4473 0 7
4475 3
4476 1
4478 0
4479 6 0 0
4482 3 3
4490 1 6
4493 0 0
4494 3
8333 0
4498 3 1 3 3 2
4499 6
4500 9 9 9 9
4502 0 9 4 0 9
4503 6 4 6 8
4504 1 1
4505 6
4506 3 1 1
4509 6
10309 7 0 0 0 0
4515 0
2118 1 1
4519 0 9
4521 3 3
4522 4
4526 2
4527 2
755 2
4532 1
4535 9
4539 0 0 0
757 6 7
4546 6
4547 0
4550 3 3 7
4551 1 1
4554 6 4
4555 3
4556 1 6
4557 2
4559 0 0
4562 0
4563 7
4564 9 7
4565 0 0 7
4567 6 9 4
4568 4
4570 9 7 2
4573 2
4574 9 6 4
4575 4
4576 1 3
425 4 6
8955 3
4583 0
4586 9
4587 0 9 9 0
4589 6
4590 7
4594 5 7 7 7
4597 3 3 3
4598 9 9 7
2608 6 4
4601 9 9 0 9 0 9 9 7 9
4602 0 7 9 9 0 9
8959 0 4
4604 2
4606 6 9
4607 9 4
4608 1 3 3
4609 7
4616 3 3 3 3 3
4619 0
4620 2
4621 9
4622 4
4623 0
4625 6
4626 2
4627 6 9 0 0
8283 1
4631 2 2
4633 4 1 2
4639 9
4641 4 9
4644 3 3
4648 9
4650 0
775 3
4654 0 2
4655 1 2
4656 3 3
4657 0 9
4658 1 1
4660 4 3
777 3
4666 0
2143 0 0
4668 0
4669 4
4673 9
4675 0 1 7 0
4678 0 4 0 6
4680 9 4
4682 6
4683 1 4
4684 4 1 1
4688 0
4689 3 3 1
4690 6 7 2
4693 1
4701 1
4702 0
4703 7 7
4707 4
4709 5 7 1
4710 3
4715 3
4716 9 4 6 7
4718 2
4720 4 0 8 4
4723 1 1 1 3
4724 6 0
4727 4
4731 2 0
10346 9
4738 1
4740 9
4741 6
8614 1
4744 7 4
4747 9
4749 0
4753 0 0 1
4755 4
4756 4 4 0 7
4757 3 1 1
4758 3
4759 3 3
4762 6
4763 0 0
2068 4 6 0 0
4767 9
4769 1 2
4773 5 5 5
4774 6 7
4776 0
4777 4 0 0 0 7 9
10354 4
4783 0
4784 0 9 0 9
4785 2 7
4789 2 2 3
4792 6 0
4793 0 0 2 1 2 2
4794 6
4795 6
4796 6 4 0
4798 1 3
4800 6
800 0 0
4804 6
4805 4
801 6 6 6
4808 2 2
4809 7 0 6
4812 0
4813 4 2
4816 3
803 4 0
4824 4 4
8996 0 9 0
8344 4
4829 2
4830 1
8997 6 0 9 9 4
4833 6 0 0 7 0 0
4834 0
4836 0
4837 2 7 2
4838 3
10364 9 4 9
4842 0
4843 2
4852 9 0 2 7
4854 3 3 1
4855 1 1
4857 2 2
4866 4 0
4868 1
10369 4
4873 9
4875 6
10370 3 7
4883 1
814 3
4886 2 0
4887 0 0
10372 9
4895 2 1 3
4899 6 9
4900 6 6
4901 0
4904 2 0 0
4905 2 9
4906 0 6
436 7 0 2
4909 7
4910 1
4912 5
4915 0
4916 7 9 9 9 6
4918 0
4919 9 9
4922 0
4925 9 7 7 9 9
4928 3 3 3 3 2
4930 0
4931 2 9 2
4933 9 0
4934 3
4935 2
4939 9
4940 1
4942 0 0 7
4943 6 0 0
5893 6
4949 9
4950 0 6 4 4
4951 7
4952 0 0
4954 9 9
4955 3 3 6
9018 3 3
4964 9 9 6 6 0 0 6 0
4967 1
4968 1
4969 9
4970 9 0
4971 3 1 2
4972 9 9 9 7 9
4974 2 0 4 7
4977 2
4982 1 1
4985 9 9
4986 9
9023 9
4989 3 3 1 3
4990 1
4993 6 9
4998 9
8077 0
5001 7
5007 8 0 4
5008 9
5009 3 3
5010 1
5012 9 0 6 4 9 4
5014 9 0 0 9 9 0 0 0 7 0 0
5015 9 9
5016 0
5017 4 4 0
5021 9 0 0
5023 0
5024 7 5 5 5 5
2895 7
5029 2
5030 2 9 9 9
5031 9
5034 4 0 4 2
9031 0
5038 4 7 4
5043 2
5049 0
5050 6 1
2207 4 7
5052 2
5055 9
5057 3
5063 1
5064 3 4
2078 6
5070 7 2
845 2 1 3 3 1
5072 0 2 9 0 0
5073 0 9 9
5074 1
5077 1 1
5078 9
5079 9
5080 3 1
5081 7 7
5082 9 2 9
5083 7 2
5084 6 9
5086 1 4 0
5093 1
5094 7
5097 3 3 3
3443 3
5100 4
5102 1 1 3
5103 1 3
5105 7
5108 0 9 9 4 0
5114 4 2 2
10836 9 0
5116 2
5119 4 6 0 7
5124 0 9
4453 0 9
2220 4 0
5133 1
5134 7
5135 7 0 6
10045 3 3 3
9048 6 6
5140 0 9
5143 4 9
5145 9 7 0 0 0 9
5147 6 0
5151 2
5152 9
5154 2
9051 0
11083 0
5163 1 3 3 3 3
5165 2 7 0
4957 3 3
5172 3 3
862 6 4
5174 4
5178 4
5179 0 9
5180 2
5186 2
5189 1 2 2
865 9 1
5193 6
5194 0 3
5196 3 3
5198 0
5199 6 6
5201 2
5202 3 2
5203 4
5205 3
5207 1 2
5208 9 0 9
5211 9
5212 6
5213 0 4 1 1 3
5218 0
5219 1 3 1 3
5220 3
5223 2
5225 0 9 6
5227 1 3 1 1 3 3 3 1
5228 1 0
5229 1 3 2 3 3
5230 9 9
11055 1 2
872 9
5240 7 6 2 7
5242 4
5243 0
5244 7
5245 2 4 0
5903 9
5250 1
5251 0 7
5254 0 2
5257 9 4 7
5258 7 9 9 9 9 9 9
9069 4
5264 9 9 0
5265 9 7 7
2243 6 0 6 6
5268 1
5269 3
5270 4 4
5272 0
5274 2 3 3
5275 9
5277 1 1 2
5278 6
5280 7
5281 9 0
5283 1
8764 1 1
5285 0 9 6 9
5286 0 0 6 2 0 2
5288 6
5291 1 2
5292 1 1
5296 0
5297 0
5298 3
5299 7
5301 2 0 9
10441 7
5304 9 3
5305 7
5306 3 2
5307 1 3 1 1
5308 9
5312 0
5313 9 4
5314 6 3 9 0
5321 0
5325 6 0 9 9
10445 3 3 3 3 3 3
9080 1 2
5331 1 3 3
5332 7
10446 9 9
5334 1 1 1 3 3
5340 2 2 9 1 1 2
890 0 7 6
5344 4 2
5345 7
5349 9 9 7
5350 3
2257 7
5353 1
5354 9
5355 3 2
451 3 1
5360 4 6 9
5366 3 1
5367 9 9 9 9
5368 0
5371 2 2
5372 2
5373 6
5375 9
5381 4
5382 1 1 3 3 1 3 0
5386 3 3
5390 7 0 0
5392 1 1 2
5394 6 7
5395 7 0
5396 1
5397 0 0
5399 0 0 0
5401 9 9 9 9 9 9 7 9 0 9 9 9
2362 4
5411 2 0
5412 2
5413 3
5414 0 2 0 2
5415 1
5418 9 9 9 9
5419 0
5422 0 4
5423 0 7
5424 3 1
1459 1
5427 7 9
7273 7
5438 9
5442 3 3 3
5443 4 4
5444 0 6
5447 6
5448 2 4
5449 6
5451 9 9 9 9 0
5453 6 0
5454 2
5455 3 2
10467 0
5461 3 1 1
6372 3 3 3 3
5468 4 4
2637 7 0
5471 6 9 7 0
5476 1 2
5477 6
10471 9 7
5485 9 9 2 3 7
5486 7 6 7 9
5488 9
5490 9 9
5493 2
5496 6 9 9
5497 6
5498 0
5500 7
5501 0 9 9
5502 0
5503 6 9 6
1502 3 3
5508 7 7 7 7
5509 1 1
5510 4 6
5514 0
9112 8
5523 9 0
5524 3 1 3 3 3
5526 0
5528 6 6 6 7
5529 7 9 0 0 7
5530 9
6383 6 0
5532 0
5540 1 3
924 0 0 6
5547 4 7 9 2
8984 7 5 5 7
5552 0 4 7 2
5553 9 0
10483 9 9 9
5558 0 0 0 0
5560 1 3
5563 6
5565 0
5566 8
2293 0
5568 0 9
5569 0
5570 0
5576 6
9602 9
5582 9 6 9
5583 3 1 1
5588 3
5593 6 0 7 4
5594 3
5595 6 7 0
459 0
5599 0 9 7
5600 6 4
10491 6 4 0 4
5605 1 1
5608 0 4 0
5609 4 2
5611 6
5617 0 0 0 0 9
9039 0 0 0 7 0
5620 2
10494 0
5622 1
5623 0
5626 0 9 0 0 0 0
2303 4 4 2
1824 3 1 4
5633 2
5634 0
5636 2 0 6
5637 0
5640 9 9
5641 9 9
5644 7 0 6 9
2547 9
5649 1 7
5655 0 6 7
5657 0
5660 1
5661 3 3
5664 0
5668 7 2
5669 9 4 9 9
5673 2 3 1
5675 3 3
5676 6
5677 0 7 0
5680 0
2312 0
10282 3 2
5685 9 6
5687 9 9 9
5695 9 9
10507 0 4
5700 3 1
5701 0 2
5702 7 6 9 9
5704 0 9 0
5706 9
5711 2
952 1
5715 0
5716 8 4
5717 9 9 9 0 9 0
5721 6
5725 9 9
7781 0 0
5728 0
5729 4
9147 9
5732 3
5733 1
5735 9 9 6
5736 9 9 0 0
5744 1 1 3
5745 3 7
5751 5
5752 9
2324 0 0
8375 7
5759 9 7
5760 3 3
5761 9
5762 3
5767 2
5770 3
5771 2 4
5773 3 3
7789 9
5778 6 9
5779 3
5785 1 0 2
965 1 2
5793 0 9 0
2331 3
5798 5 1
5802 0
5803 9 0
5804 2
9313 4
5806 4
5807 4 6
5808 6
968 7
5811 1 8 3
5812 6
5813 3 3 1
5817 0 0
5818 0
5821 9 9 3 7 9
5826 0 9 7 9 4
2337 2
5833 8 4
5836 9
5838 1 1 1 3 3
5840 9 0
5841 0
5844 0 9
5845 7
5846 3
9742 7
5851 0
5852 7
2650 9
5862 4
1130 9
5868 4
9170 2 2
5870 0 0
5872 6 7 4
5873 6
5874 0
5875 2
7806 2
10537 9 4 0 9 0 6 6 4 9 6 6 4
5880 0 0
5883 3
5885 0
5886 3
5888 3 9 2 6
5890 0 9
5891 9
10289 2
5894 9 7
5896 0
5897 4 6
1833 7
10541 3
5904 0 7 4
5907 1
5908 3
5911 3 7 9 0 2 6
5914 0 0 9 9
5916 6
5917 9 9 9 6
5919 0 3
5921 2 2 2 3
987 9
5925 1 3
5930 2
5932 7 0
5933 1 3
9181 9 0 9 7 9
5936 9 0 9 9
5938 0 6 6
10547 4 0
5940 2 4
990 4
5942 1 1
5948 0 6
5949 9 9 9 9 9
5951 7
5952 0 6
5957 4
5958 9 9 0
5959 9 9 9 9 6
5961 0
5962 6 0 0
5967 9 9 0 6 9 0
5969 9 9
5970 9
995 3
5972 7
5976 9 9
5980 4 4
5981 4
5982 9
5983 1
5987 6
5989 0
5990 2 3 3
5991 0
5993 2
5994 1 1
5999 4
6000 4 0
9969 2
6005 0 9 2 9 0
6007 7 7
6018 1 1 1 1
1003 7
6021 3 2
6022 6 9 0 9 7
6023 9
6026 9
6027 1 3 3 3
6029 9
6031 7
2371 0 6
6038 1 3 3
1007 1
6047 3 3 6
6049 6 0 9
6050 0 9
7835 8
6053 0
6055 3 3
6057 7 7
6059 9 7 7
6062 3 3
6065 0 0 9
6068 1 1 1
6070 9
2377 1
6072 3 3 1
6074 9
6076 0 9 9 0
6077 7 0
6080 6 9
6081 2
6082 0
10841 9
6087 4 7
6090 6
6091 3 3 3
6094 3
6095 4
6098 0 2
6099 9
6103 3
6105 4
6110 0
6112 2 1 1
6113 1
6115 3 0
6120 1
6121 9
6123 9 7 9 9
6127 0
6130 7
6132 0
6133 8 8 8
6135 9 9
6138 9 9 0 6 9 9 6
9215 9 6 0
4187 0 9 9
6141 1 3 1
6143 0 0 4
6145 0
6146 0
6148 4 6
6153 4 9
6155 6
6161 8 3 2 3
6162 1
6164 4 6
6165 2
10585 3
9370 2
9220 1
6170 0
7855 4
6173 9
6182 1 1 1
6183 0
6184 0
6185 3 3
6191 1 3 2 2
6192 7
6193 3
6194 7
6196 9
6197 0 7
6200 1
6201 9 6
1121 4
6203 0 0
6204 0
6207 3
6209 4 3
9227 3 2
805 0
6220 1 1
6222 7 9 9 9
6223 2 6
6224 2 0 7
1571 3
6228 9 7
6231 9
6232 1 3 1 3
2404 4
6235 1
6236 9
6237 9 9 0 0 0
6238 0 9 2 9 2
6239 1
6242 1 3
6243 0 4
6244 1
6249 1
6250 1
6251 4 4
6253 2 9
6254 1
6260 3 1 3
6263 3
6264 0
6265 3 1
6270 1
1045 3 2
6272 2 1
6273 0 4
6276 6 9 0
2413 0
6292 7 9 7
10606 0
6294 6 4
6300 2
6303 7 6 4
6306 4 4 6
6308 2
6309 0
6311 0
6312 2
6314 3 1
7879 7 7 6
6316 7
6319 0 9 6
6321 3 2 3
6322 0 9 9
2419 2
6327 0
6329 0 9 0 0 6 9 2 7
6331 6
6334 9
6337 1
6339 9 9
6340 0
6341 2 3 3 3
6346 3 3
6347 9 7
6349 7 7
6353 4 0
6354 2 0
5155 1
8395 0
6360 0
1060 0 0 9 2
6362 2
6365 9
6366 3 3
6367 4
212 0
6377 0
6378 4 0
1063 3 1
6381 6 6
6382 0 7 7
2429 0 2
6387 9 9
6394 2
6398 9
6400 9
6404 0
6407 0 0 9
6413 8 4 6 9 7 7
6414 0
6415 6
6419 6 7
6421 6 6 7 7 2 0 0
6427 4 7 6 6
6429 3
2437 1 1 0 3
6433 6 9 9 9
6434 6 6 9 9 9
6435 7
6438 9
6441 6
6445 1 1 3
6448 3 3 3 3 3 3 3 3 1
10632 9
6451 0
6453 3 3 3 3
6459 1 2
6460 9
6461 4 6 9
6463 9
6465 1 3
6466 0 0
6467 0
6469 1 1 3 3 3 3
2125 2
6479 1 3 3 3 3 1 3 3 3
1080 9
6483 0 7
6486 2 1
6491 0 7
6497 2
6499 3
6502 1 3 1 1 3 1 3
6503 0 0
6508 0 0 0 9 0
9764 0
6512 1 1
6521 1 3 1
6522 6
6523 1 3
6525 0 6 0 6
6527 2 6 4
6528 6
6530 0 6
6532 3 2 1 1 3
6533 7
6534 3
6535 0
6537 9 2
6538 0 9 3
6540 0 9
9765 4
6544 6 0
1091 7 6
6548 6 6 9 4 6
6550 4 9
6552 0 9
6555 9 9 9 9
6557 2 7
6558 2 4
6563 0 0 0 0 2
6565 9 9 6 0 6
6568 0 6 0
6571 0 0 0
6572 6 6 6
6573 0 0 9 9 0
6574 0
6577 6 6
6580 3 1
6581 6 6 4 0
6583 7
6587 1
6589 1 3
6592 1 1 3
6593 1 1
6594 4 6
6596 1 3
6597 0
6599 9 9 9 9 0
6600 3
6602 0
6604 2 4
10658 0
9293 7 2
6609 1 3 1
6613 9 6
6614 1
6615 8 4 4
6622 0
10661 5 5 5 5 7
6624 7 9 9
9296 1
6627 6
6629 3 3 1 4
6630 4 7
7313 9 9
1517 7 0 9
6635 3
6638 2 0
6639 4 9
6641 1 1
2671 9
6644 0 0 0 6 6
6647 1 3
6649 0
6650 1 3
6651 3
6655 3 3 4
6657 9
6659 1 3 2 3
6662 9
6664 0 6
6666 6
6670 3
6671 0
6672 0
6673 9 0
6674 0 6 6 9 9
6675 2 1
6676 0 9
6677 2 2
9224 7 9 9 9
6680 6 2 9
6682 6
6685 0 4 9 0 2 9 0
6686 4
6688 0 0
6690 3 3 3
6691 9 0 9 0
6693 4
6694 4 4 0
3769 3
6699 4
6702 1 3 2
6707 0 1
6708 0 0
6709 1
6711 7
6713 0
6714 0
6717 9 0
6718 0
6719 0
6723 1
6725 7
6727 1 1
6728 9
6729 2
6732 1
9314 2 3 1
6737 9 2
9316 9
6749 6
6750 6 9 9 4
2491 1
6757 1 5 5 5 5 5
6758 4
6763 4
154 3
6768 0
498 1 3
6770 9 0
6773 4 9 4
6775 1 0 7
6776 9
6777 4
6778 3
6780 7
6781 0
6783 3
6784 0 7 4
6785 9 0 0
6787 4
6790 6 9 9
6793 0 2
6794 0 0
3863 9
918 0 9
6803 3 3
6812 9
6814 3 3 3 3
2409 9
1136 2
6819 7 0
6820 0 0 0 9
6821 9
6825 6 6
6826 3 3 1 3
6827 9 9
6828 9 9
1138 1
6833 9 9
6834 0 0 9
6839 0
6840 0
9775 7 6
6842 2
6844 0
6845 2 0
6846 9
9333 0
6849 2
6850 0 0
6851 9 6 9
6852 6 4
6853 1 1
6855 2 9 4 2
6857 9
6858 1
6859 6
6860 9
6862 9 0
2509 9
6866 4
6867 0 2
9337 2 9
6872 3
6875 1
6876 1 1
6877 2
6879 3
2512 1
6884 0
6887 9
6890 0 0 0
6891 2
6893 0 9 0 7
6894 9 9
6896 9
6897 1
6898 0
6900 7 0
6902 2 3 3 7 3 1
6904 0 0 9 0
6906 9 4
6907 6 0 6
6908 6
6910 9 0 0
6915 1 3
6916 9 2 0 9
6917 7 9 7 6 4
9345 1
6920 0
6922 4 7
6923 3
6925 0
6926 7
6931 0 9 6
6932 9 2
6934 6 9
6935 1 2 0
6937 2
6938 1
7983 4
2522 1
6944 4 3
6945 0 9 0 0 0 0
6948 0
504 0 2
6951 3 9 9 9 6
6952 0
6954 7 9
6955 3
6957 3
6959 7 7
6960 1 2 7
6962 2 0 4
6964 9
10718 0
6968 9 9 2
6969 0 9
6975 0
6976 4
6979 1 1 1
6981 6
6990 7
6993 6
6994 4
10723 0 7
6996 6
6997 6 6
6999 7
7001 2
7002 0
233 2 1
7006 3 3
7012 4 9
974 0
7018 0 0 9
7021 4 0
7022 9
10728 2 0
7026 3 3
7027 5 4
7029 3 7 1 3 3
7030 3
10729 9
10327 3
7035 0
10730 3 3 3
7039 0
2539 2 2
7050 2
7053 0 4 7
7055 2
2246 2
1176 7
7059 1
7060 0 6 0 6
7061 9 2
7064 6 3 7 7
7065 3 3 1
7067 3
508 6
7079 0
7080 0 0
7081 1
7086 0 0 9 9 4
7091 9
7093 4 9
7096 9
7102 3 2
7103 6 0
7107 0
7109 7 4
7112 0
7113 2
7115 3
1186 2
7119 7 9
7121 3 1
7124 0
7127 4 0 7 7 7
7128 7 0
7132 7 1 0 4
7135 1
7137 6
7138 0 9 0
2555 9 6
7140 9
1056 9 6
7144 3 3
7145 1 3 3
7146 3 3 2 1
9383 2 6 2 9
7149 3 3 1
7151 6 4
7153 1
7155 9
7160 0 9
7162 9
7164 2
7167 0
7168 1 1 1
9387 1 2
7175 6
7177 9 9 7
7178 0
7179 1
7180 4
7182 9 7 9 0
7184 0
7190 9 9
2564 0 0
7194 9
7195 0 9 0 9
7196 9
2149 9
7200 3
7204 2
2422 1 1
7206 3 1 1 3
7208 9
1331 7 5 7 7
7210 6
7215 9 9 9
7218 6
7219 9 6
7220 9 9 0
7221 1
7222 0 2 0 9 0 0 0
10761 0 6
7224 0 0 7 0 6
1204 9 9 6
7226 1
8031 4
7230 0 7 0
7231 6 6 9
7234 3 1 0
2423 1
7236 6 6
10764 9 4
7244 1 2
7245 9
2573 0 9 2 7 2
7249 9
7251 3
7252 1
7256 2
7259 9 9
7260 4
1210 0
7264 6
7266 3
7269 6 9 0
9404 9 9 9
7274 1 1
7277 4
7278 7 3 3 7
7279 9
7282 1 2 1
7283 3 1
7284 3 2 1
9406 0
7286 9 6 0
7288 4
7293 7
7303 3 1
7306 9
7307 4
7308 0 9 2
10776 2
7318 3
7319 0
7322 9
10778 1
7327 1
7332 9 6
7333 1
7334 3 3 1
7335 3
7337 2
7338 9 2 2
1223 3 3
7343 7 9
7350 0 3 3 2
7354 3
7360 0
8974 3
10785 0 0 0
7368 9 6 6 9 7
7369 6
7373 1 1 1 1 1
7375 9
7377 6
10742 1
7385 4 6 2 0
7386 3
9423 0 9
7389 9
2597 2 1
7392 6
9424 9
7394 0 2 4
7398 4 0 6
7399 0 0
7401 0
5869 6
2599 0
7404 2 2 0 4 0 6
7407 1 1
7409 1
7412 0 9
7414 1 3 3
7417 3 1
5333 0
7431 0 0 9
7432 0
7434 3
9431 4 9
7438 0
7442 7 1 1
7443 9 7 0
7449 9 0 7
7450 9 9 2
7451 7 9
7453 9 9
7456 1 3
7457 1 3 2 0 0
7458 3 6
7459 0 3 3 9 9 9
9436 4 6
7466 3 3
7467 9
7468 1
7470 9
7473 7
7474 2
7475 0
7476 2
7480 6 2
7481 9
7484 7 7 6
10342 0 9 2 9
7486 6
7487 6
7488 9
7489 7 4
52 0
7492 0
7493 0 9
7495 9
7496 0 9
7497 6 4
7502 0
7503 9 9 9
7506 4 2 4
7512 7
7514 1
7518 7 1
7519 9
7522 7
7523 6 6
7524 2
7525 2 2 1
7530 3 1
7531 9
7536 0
7537 4 0
7543 4
7544 3 1 2
7547 9
7548 1
7549 9
7553 6 0
7554 2
7555 4 4 4 6 9
7561 2
7562 6 6 9 9 9
4889 3 3 3 1
7569 2
7570 0 6 0
7573 6 9
7574 1 2 0 2 0
2629 0 0 2
9434 0
7590 9 9 9 9 9 0
7594 6 7 0 1
7599 1
7605 3 3 4
7606 9
7608 6 6 6
7610 7
7612 7 0 7 9
7613 3
7616 4
7618 0 6 1 4 7
7619 3
7621 4
7622 3 3 3
7628 1
7629 4 9
7631 9
7633 0 6
378 7
7639 7 0
7640 4
7641 9
7643 2 7 0
7644 7 9 0 9
7648 0 0
7649 6
7652 2 9 2 2
10075 2
7661 2
7662 6
7665 3 3 3 3 3
7666 4
7667 3
7670 3 3
7673 1 2
7674 0
7675 7
7677 0 4
7678 0
7679 7 9
7682 6 0
2506 9 9
7684 4
7686 1
7692 6
7696 2 9 9
7699 0 7 0
7700 0 7
7702 9 6
7703 1 9 1 1 9
9476 1 1 3 2
4015 0
7709 9 0
7710 7
7712 3
7714 4
10843 3
7719 2 0 3
7722 2 1 3
7723 0 0 9
7728 4 0
7730 9
7734 3 2
7735 9
7737 3
7738 3
7739 4 2
7740 9 9 0
7745 1
7749 9
7750 3
7751 6 9
7752 3 3
7757 1
1293 0
7760 1
7761 0 4
7768 9 0
643 6 6
7772 1
7775 0
7778 4
7779 9 2 9
2662 7
7782 1
7785 0 0 6 0 6 0 7 9 9 9 9 9 9 0 9
7786 1 3 3
7788 4
9490 0 0
7792 9
7794 3 3 1
7795 2 9
7797 8 8 6
7800 9
7801 7 5 7 9
7805 6 9 0 9 2
111 9
7807 9 9 0 0
7808 0 6
7811 9 0
7812 0 7
7819 3 3 3 3 3
7820 2
10861 4
7824 4 4 7
7826 9 2
8444 6 0
7830 9
7834 0 0
10863 2
7836 9
7837 0 2
9763 9
7842 4
5403 3
7844 9 9 9
7846 1
7847 1 1 1
925 2
7853 9
9501 3 3 1
7856 9
7859 0
9502 3 1
7862 4 2
2676 0
7866 0 9 4
7867 4
10869 9
7872 0
7873 2
7874 4
7876 7 0
7877 2
9264 6 0
7880 9 6 6
7882 1 3
7883 5 7 7 7
7886 3 3
7887 9 0
7890 7
7891 9 6 9 4 6
7895 0 7 4 0 2 4
2445 0
9508 9 4 0
7898 0
10083 9
7900 1 2
5173 6
7902 0 9 9
7903 9
7905 1
2683 7
7909 9 9 9 9 9
7910 0
7912 6
7913 9
7921 6 0
7923 6
9513 0 2
7930 0
7933 1 3 3
7934 2
7935 3 3 3 3 1
7938 9
1323 3 3 1 1
7940 9
7941 4
7945 6
7951 3 7 7
7953 0
7954 1 8
7956 9 9
7958 1
7960 6
8994 0
7964 0
7967 9 4 4 0 0 9
1328 0 6 2
7972 2 0
7973 9
7979 1 3 1
7980 0
1526 9 6
7984 3 3
7985 2 3
7987 4
7988 6 6 4 6
7992 3 2 1
7994 9
7995 0 7 0 6 6
8000 6
2651 9 6
8005 9
8007 7
8008 1 3 3
8011 6
8013 7
2701 4
8022 3 3 1 3 1
8023 3 3
6541 1 1
8027 6
8028 1 1
8030 0 6
4069 4
8040 1
8041 0 7 7 6
8044 4
2706 0
8048 6
8054 9 9 9
8055 1 1 1 3 7 3
8056 0
8057 6 9 9 9
8058 0 0
8062 7 1
8063 3
8064 6 0 0 0
8065 2
9543 1
8067 1 3
8068 0 4 4 9
8070 7
8071 3 3
8073 1
8075 9 0 6
9538 3 3
8079 1
8080 9 1 2
9539 1 3
8084 2 4 2 0 0
8086 0
7907 0 0 2
8090 0
8093 9
8094 0 9 6 9 0
8095 2
8096 7 7
8106 1 1
8107 0
8109 2
2717 6 0
8112 0
8113 6 0 7
3611 6
8118 6
2998 0
8120 0 2
8124 6 6 4
8127 9 6
8132 3
8137 0 9
8139 7
8141 2
8143 9 7 9
2723 7 0 0
8153 0 4
8155 7
8161 6
8165 4
8168 9 0
8170 0
2727 4 0
8172 0
8175 0 2 0
8187 7
2182 4 4
8191 6 7
